0 6 14 iMM904.cmd 1E-8
0 6 14 iJN1463.cmd 1E-8
0 7 13 iMM904.cmd 1E-8
0 7 13 iJN1463.cmd 1E-8
0 13 7 iMM904.cmd 1E-8
0 13 7 iJN1463.cmd 1E-8
0 1 13 iMM904.cmd 1E-8
0 1 13 iJN1463.cmd 1E-8
0 8 10 iMM904.cmd 1E-8
0 8 10 iJN1463.cmd 1E-8
0 13 8 iMM904.cmd 1E-8
0 13 8 iJN1463.cmd 1E-8
0 11 9 iMM904.cmd 1E-8
0 11 9 iJN1463.cmd 1E-8
0 9 11 iMM904.cmd 1E-8
0 9 11 iJN1463.cmd 1E-8
0 12 4 iMM904.cmd 1E-8
0 12 4 iJN1463.cmd 1E-8
0 1 5 iMM904.cmd 1E-8
0 1 5 iJN1463.cmd 1E-8
0 1 1 iMM904.cmd 1E-8
0 1 1 iJN1463.cmd 1E-8
0 5 9 iMM904.cmd 1E-8
0 5 9 iJN1463.cmd 1E-8
0 11 10 iMM904.cmd 1E-8
0 11 10 iJN1463.cmd 1E-8
0 6 12 iMM904.cmd 1E-8
0 6 12 iJN1463.cmd 1E-8
0 1 3 iMM904.cmd 1E-8
0 1 3 iJN1463.cmd 1E-8
500 6 14 iMM904.cmd 1,0359402068E-7
500 6 14 iJN1463.cmd 2,2012918223E-7
500 7 13 iMM904.cmd 1,5928615848E-7
500 7 13 iJN1463.cmd 3,2517986845E-7
500 13 7 iMM904.cmd 7,5264535143E-8
500 13 7 iJN1463.cmd 2,0629308123E-7
500 1 13 iMM904.cmd 4,9135542515E-7
500 1 13 iJN1463.cmd 8,5508815307E-7
500 8 10 iMM904.cmd 1,4384312065E-7
500 8 10 iJN1463.cmd 3,2990227284E-7
500 13 8 iMM904.cmd 8,0394810552E-8
500 13 8 iJN1463.cmd 2,2102983569E-7
500 11 9 iMM904.cmd 9,9527154142E-8
500 11 9 iJN1463.cmd 2,6420986161E-7
500 9 11 iMM904.cmd 1,187213451E-7
500 9 11 iJN1463.cmd 2,9417734496E-7
500 12 4 iMM904.cmd 5,8407791055E-8
500 12 4 iJN1463.cmd 1,567745912E-7
500 1 5 iMM904.cmd 3,8494919696E-7
500 1 5 iJN1463.cmd 7,2762027971E-7
500 1 1 iMM904.cmd 3,3750389403E-7
500 1 1 iJN1463.cmd 6,5253878098E-7
500 5 9 iMM904.cmd 2,0941538431E-7
500 5 9 iJN1463.cmd 4,2233018537E-7
500 11 10 iMM904.cmd 9,9079391381E-8
500 11 10 iJN1463.cmd 2,5960722508E-7
500 6 12 iMM904.cmd 2,1146396362E-7
500 6 12 iJN1463.cmd 4,1843504932E-7
500 1 3 iMM904.cmd 3,7773974894E-7
500 1 3 iJN1463.cmd 7,2867480075E-7
500 0 1 iMM904.cmd 1,7394448828E-7
500 0 1 iJN1463.cmd 3,8672181435E-7
500 0 3 iMM904.cmd 1,9319154822E-7
500 0 3 iJN1463.cmd 4,2755634195E-7
500 0 5 iMM904.cmd 2,0681035611E-7
500 0 5 iJN1463.cmd 4,3959831602E-7
500 0 13 iMM904.cmd 2,3033922369E-7
500 0 13 iJN1463.cmd 4,4938787394E-7
500 1 0 iMM904.cmd 3,3359914928E-7
500 1 0 iJN1463.cmd 6,4071346117E-7
500 1 4 iMM904.cmd 3,8517534963E-7
500 1 4 iJN1463.cmd 7,3669906037E-7
500 1 6 iMM904.cmd 3,7118033774E-7
500 1 6 iJN1463.cmd 6,9173644522E-7
500 1 12 iMM904.cmd 5,5445849679E-7
500 1 12 iJN1463.cmd 9,6508715271E-7
500 1 14 iMM904.cmd 1,893223801E-7
500 1 14 iJN1463.cmd 3,6477231446E-7
500 2 1 iMM904.cmd 3,4226248617E-7
500 2 1 iJN1463.cmd 6,5172018336E-7
500 2 3 iMM904.cmd 3,755472162E-7
500 2 3 iJN1463.cmd 7,125182636E-7
500 2 5 iMM904.cmd 3,9728933311E-7
500 2 5 iJN1463.cmd 7,4448862061E-7
500 5 8 iMM904.cmd 2,069512078E-7
500 5 8 iJN1463.cmd 4,1105893345E-7
500 5 10 iMM904.cmd 2,2003662477E-7
500 5 10 iJN1463.cmd 4,3326872317E-7
500 5 12 iMM904.cmd 2,3760458595E-7
500 5 12 iJN1463.cmd 4,5036403582E-7
500 5 14 iMM904.cmd 1,0190850074E-7
500 5 14 iJN1463.cmd 2,0858252291E-7
500 6 9 iMM904.cmd 1,7922424531E-7
500 6 9 iJN1463.cmd 3,664938984E-7
500 6 11 iMM904.cmd 2,0743178362E-7
500 6 11 iJN1463.cmd 4,1365681091E-7
500 6 13 iMM904.cmd 1,8417476211E-7
500 6 13 iJN1463.cmd 3,6204451657E-7
500 7 10 iMM904.cmd 1,6668710942E-7
500 7 10 iJN1463.cmd 3,5302943575E-7
500 7 12 iMM904.cmd 1,8162685936E-7
500 7 12 iJN1463.cmd 3,7268811832E-7
500 7 14 iMM904.cmd 9,4236869844E-8
500 7 14 iJN1463.cmd 2,0631641582E-7
500 8 9 iMM904.cmd 1,2235601763E-7
500 8 9 iJN1463.cmd 2,7113072561E-7
500 8 13 iMM904.cmd 1,3390056212E-7
500 8 13 iJN1463.cmd 2,787335279E-7
500 9 10 iMM904.cmd 1,2913663984E-7
500 9 10 iJN1463.cmd 3,2085189105E-7
500 9 12 iMM904.cmd 1,159627712E-7
500 9 12 iJN1463.cmd 2,6849536771E-7
500 10 9 iMM904.cmd 9,5230299535E-8
500 10 9 iJN1463.cmd 2,4806164268E-7
500 10 10 iMM904.cmd 1,0846991352E-7
500 10 10 iJN1463.cmd 2,8074318017E-7
500 10 11 iMM904.cmd 9,8879851937E-8
500 10 11 iJN1463.cmd 2,5173234207E-7
500 11 4 iMM904.cmd 5,8026053917E-8
500 11 4 iJN1463.cmd 1,545901976E-7
500 11 8 iMM904.cmd 7,6590204248E-8
500 11 8 iJN1463.cmd 2,0469428667E-7
500 11 11 iMM904.cmd 8,5686781225E-8
500 11 11 iJN1463.cmd 2,2294462801E-7
500 12 3 iMM904.cmd 4,5157426069E-8
500 12 3 iJN1463.cmd 1,2147410219E-7
500 12 5 iMM904.cmd 5,9830990096E-8
500 12 5 iJN1463.cmd 1,6156607461E-7
500 12 7 iMM904.cmd 6,8971856049E-8
500 12 7 iJN1463.cmd 1,8753619497E-7
500 12 8 iMM904.cmd 8,0325374946E-8
500 12 8 iJN1463.cmd 2,1868634034E-7
500 12 10 iMM904.cmd 8,0993636297E-8
500 12 10 iJN1463.cmd 2,1124550339E-7
500 13 4 iMM904.cmd 4,7687364506E-8
500 13 4 iJN1463.cmd 1,2844516687E-7
500 13 6 iMM904.cmd 6,1516318721E-8
500 13 6 iJN1463.cmd 1,6779564413E-7
500 13 9 iMM904.cmd 7,2491895965E-8
500 13 9 iJN1463.cmd 2,0035719201E-7
500 14 7 iMM904.cmd 7,1333168329E-8
500 14 7 iJN1463.cmd 1,9619423771E-7
500 14 8 iMM904.cmd 7,2366803442E-8
500 14 8 iJN1463.cmd 1,9963871244E-7
500 0 4 iMM904.cmd 2,1135403449E-7
500 0 4 iJN1463.cmd 4,5662902933E-7
500 2 4 iMM904.cmd 3,9268022728E-7
500 2 4 iJN1463.cmd 7,406533212E-7
500 6 10 iMM904.cmd 1,9344847493E-7
500 6 10 iJN1463.cmd 3,92187996E-7
500 7 11 iMM904.cmd 1,856163568E-7
500 7 11 iJN1463.cmd 3,8140144122E-7
500 8 12 iMM904.cmd 1,4695284506E-7
500 8 12 iJN1463.cmd 3,1302213693E-7
500 5 13 iMM904.cmd 2,0386030043E-7
500 5 13 iJN1463.cmd 3,8226332305E-7
500 7 9 iMM904.cmd 1,4554610506E-7
500 7 9 iJN1463.cmd 3,0697520323E-7
500 5 11 iMM904.cmd 2,3156535425E-7
500 5 11 iJN1463.cmd 4,4589633152E-7
500 12 6 iMM904.cmd 5,7830920782E-8
500 12 6 iJN1463.cmd 1,5670046205E-7
500 13 5 iMM904.cmd 5,3286621873E-8
500 13 5 iJN1463.cmd 1,4433635949E-7
500 10 8 iMM904.cmd 6,3973784797E-8
500 10 8 iJN1463.cmd 1,6564978807E-7
500 0 0 iMM904.cmd 1,8359768146E-7
500 0 0 iJN1463.cmd 3,9818885074E-7
500 0 2 iMM904.cmd 1,2155592499E-7
500 0 2 iJN1463.cmd 2,9886209789E-7
500 0 6 iMM904.cmd 1,8518624215E-7
500 0 6 iJN1463.cmd 3,8640104702E-7
500 0 12 iMM904.cmd 2,5332948476E-7
500 0 12 iJN1463.cmd 4,8724724802E-7
500 2 0 iMM904.cmd 3,3735219618E-7
500 2 0 iJN1463.cmd 6,4072129833E-7
500 2 2 iMM904.cmd 3,4768851511E-7
500 2 2 iJN1463.cmd 6,5927963734E-7
500 6 8 iMM904.cmd 1,6731573622E-7
500 6 8 iJN1463.cmd 3,3813073096E-7
500 10 12 iMM904.cmd 8,199733667E-8
500 10 12 iJN1463.cmd 1,9535923374E-7
500 11 7 iMM904.cmd 5,5373101257E-8
500 11 7 iJN1463.cmd 1,4784527823E-7
500 12 11 iMM904.cmd 5,3699352795E-8
500 12 11 iJN1463.cmd 1,4053653473E-7
500 14 6 iMM904.cmd 5,6838764397E-8
500 14 6 iJN1463.cmd 1,5550337768E-7
500 14 9 iMM904.cmd 5,5663394224E-8
500 14 9 iJN1463.cmd 1,5393224524E-7
500 2 6 iMM904.cmd 3,8911642583E-7
500 2 6 iJN1463.cmd 7,252525772E-7
500 13 3 iMM904.cmd 3,5886822727E-8
500 13 3 iJN1463.cmd 9,6859015007E-8
500 8 14 iMM904.cmd 7,0597478545E-8
500 8 14 iJN1463.cmd 1,5665659327E-7
500 0 14 iMM904.cmd 1,3348605383E-7
500 0 14 iJN1463.cmd 2,7933640743E-7
500 1 11 iMM904.cmd 5,8048643728E-7
500 1 11 iJN1463.cmd 1,0037250498E-6
500 2 12 iMM904.cmd 5,2172019592E-7
500 2 12 iJN1463.cmd 9,1817601338E-7
500 3 1 iMM904.cmd 2,7667459617E-7
500 3 1 iJN1463.cmd 5,321722959E-7
500 3 3 iMM904.cmd 3,0579096925E-7
500 3 3 iJN1463.cmd 5,839332212E-7
500 4 8 iMM904.cmd 2,4074472265E-7
500 4 8 iJN1463.cmd 4,6882753427E-7
500 4 10 iMM904.cmd 2,3722937659E-7
500 4 10 iJN1463.cmd 4,5557410073E-7
500 5 7 iMM904.cmd 2,0269984916E-7
500 5 7 iJN1463.cmd 4,0121574517E-7
500 8 8 iMM904.cmd 8,0917931581E-8
500 8 8 iJN1463.cmd 1,7655910848E-7
500 10 4 iMM904.cmd 3,5114606264E-8
500 10 4 iJN1463.cmd 9,2825853111E-8
500 1 7 iMM904.cmd 3,488366894E-7
500 1 7 iJN1463.cmd 6,4705406147E-7
500 3 5 iMM904.cmd 3,3256563785E-7
500 3 5 iJN1463.cmd 6,3027949074E-7
500 4 12 iMM904.cmd 2,7121306024E-7
500 4 12 iJN1463.cmd 4,9817558648E-7
500 12 2 iMM904.cmd 2,3961900679E-8
500 12 2 iJN1463.cmd 6,6218151233E-8
500 14 4 iMM904.cmd 3,647804533E-8
500 14 4 iJN1463.cmd 9,8475562305E-8
500 2 14 iMM904.cmd 8,3749945809E-8
500 2 14 iJN1463.cmd 1,7397999032E-7
500 3 4 iMM904.cmd 3,2728081424E-7
500 3 4 iJN1463.cmd 6,216342477E-7
500 7 8 iMM904.cmd 1,2419750895E-7
500 7 8 iJN1463.cmd 2,5733179253E-7
500 14 5 iMM904.cmd 4,4336316695E-8
500 14 5 iJN1463.cmd 1,2032488895E-7
500 11 6 iMM904.cmd 4,2328131685E-8
500 11 6 iJN1463.cmd 1,1297157702E-7
500 4 11 iMM904.cmd 2,5331410565E-7
500 4 11 iJN1463.cmd 4,7543818687E-7
500 10 7 iMM904.cmd 4,1944501424E-8
500 10 7 iJN1463.cmd 1,0812710008E-7
500 4 13 iMM904.cmd 2,2603379714E-7
500 4 13 iJN1463.cmd 4,1093738795E-7
500 3 2 iMM904.cmd 2,8461304362E-7
500 3 2 iJN1463.cmd 5,4556958102E-7
500 0 11 iMM904.cmd 2,198303446E-7
500 0 11 iJN1463.cmd 4,1847166876E-7
500 3 0 iMM904.cmd 2,7124440234E-7
500 3 0 iJN1463.cmd 5,2207591932E-7
500 9 8 iMM904.cmd 5,3979419251E-8
500 9 8 iJN1463.cmd 1,2654553749E-7
500 0 7 iMM904.cmd 1,5432902496E-7
500 0 7 iJN1463.cmd 3,205961938E-7
500 2 7 iMM904.cmd 3,7657251037E-7
500 2 7 iJN1463.cmd 7,0439037887E-7
500 3 6 iMM904.cmd 3,2923221809E-7
500 3 6 iJN1463.cmd 6,230362885E-7
500 13 2 iMM904.cmd 2,0554962858E-8
500 13 2 iJN1463.cmd 5,7281359912E-8
500 14 3 iMM904.cmd 2,6537405447E-8
500 14 3 iJN1463.cmd 7,2053093227E-8
500 14 10 iMM904.cmd 2,7608159942E-8
500 14 10 iJN1463.cmd 7,5722971996E-8
500 10 13 iMM904.cmd 3,8965967139E-8
500 10 13 iJN1463.cmd 8,7604464771E-8
500 12 12 iMM904.cmd 3,0109816514E-8
500 12 12 iJN1463.cmd 7,4772157534E-8
500 13 11 iMM904.cmd 2,7730464514E-8
500 13 11 iJN1463.cmd 7,1871465465E-8
500 3 12 iMM904.cmd 3,4112026898E-7
500 3 12 iJN1463.cmd 6,1558282849E-7
500 3 8 iMM904.cmd 2,6762639306E-7
500 3 8 iJN1463.cmd 5,2391958536E-7
500 5 6 iMM904.cmd 2,0330542526E-7
500 5 6 iJN1463.cmd 4,0862988555E-7
500 10 3 iMM904.cmd 2,168215888E-8
500 10 3 iJN1463.cmd 5,9355605992E-8
500 10 5 iMM904.cmd 2,3232706159E-8
500 10 5 iJN1463.cmd 6,2385320898E-8
500 3 10 iMM904.cmd 2,4392590096E-7
500 3 10 iJN1463.cmd 4,7831941904E-7
500 4 1 iMM904.cmd 1,963027173E-7
500 4 1 iJN1463.cmd 3,9249882736E-7
500 4 3 iMM904.cmd 2,2205071688E-7
500 4 3 iJN1463.cmd 4,368798801E-7
500 8 7 iMM904.cmd 4,1639608954E-8
500 8 7 iJN1463.cmd 9,4342105565E-8
500 4 5 iMM904.cmd 2,6075920245E-7
500 4 5 iJN1463.cmd 5,0823949446E-7
500 11 2 iMM904.cmd 1,5006881681E-8
500 11 2 iJN1463.cmd 4,3982589821E-8
500 12 1 iMM904.cmd 1,1480214005E-8
500 12 1 iJN1463.cmd 3,6342203111E-8
500 1 8 iMM904.cmd 3,1913256978E-7
500 1 8 iJN1463.cmd 5,9657563001E-7
500 10 6 iMM904.cmd 2,9482031145E-8
500 10 6 iJN1463.cmd 7,7646321493E-8
500 9 14 iMM904.cmd 2,7488807434E-8
500 9 14 iJN1463.cmd 6,401720637E-8
500 4 14 iMM904.cmd 9,8447520798E-8
500 4 14 iJN1463.cmd 1,9783046992E-7
500 9 7 iMM904.cmd 3,8685133303E-8
500 9 7 iJN1463.cmd 9,1470708523E-8
500 4 4 iMM904.cmd 2,6356808565E-7
500 4 4 iJN1463.cmd 5,110959638E-7
500 3 11 iMM904.cmd 2,7579724831E-7
500 3 11 iJN1463.cmd 5,1573821203E-7
500 3 13 iMM904.cmd 2,5342003173E-7
500 3 13 iJN1463.cmd 4,5611250438E-7
500 4 2 iMM904.cmd 2,0357347217E-7
500 4 2 iJN1463.cmd 4,0447251303E-7
500 14 2 iMM904.cmd 1,5404433701E-8
500 14 2 iJN1463.cmd 4,3750712778E-8
500 14 11 iMM904.cmd 1,5961098832E-8
500 14 11 iJN1463.cmd 4,3387268723E-8
500 2 8 iMM904.cmd 3,1518335075E-7
500 2 8 iJN1463.cmd 6,0739981823E-7
500 4 0 iMM904.cmd 1,9135019881E-7
500 4 0 iJN1463.cmd 3,8428022222E-7
500 4 6 iMM904.cmd 2,5657026882E-7
500 4 6 iJN1463.cmd 5,0003887419E-7
500 13 1 iMM904.cmd 9,5307543785E-9
500 13 1 iJN1463.cmd 3,1171179182E-8
500 0 8 iMM904.cmd 1,1565856887E-7
500 0 8 iJN1463.cmd 2,4401712665E-7
500 10 14 iMM904.cmd 1,7522521418E-8
500 10 14 iJN1463.cmd 4,1631617631E-8
500 11 13 iMM904.cmd 2,118856318E-8
500 11 13 iJN1463.cmd 4,6121831388E-8
500 12 13 iMM904.cmd 1,761016828E-8
500 12 13 iJN1463.cmd 4,0354207604E-8
500 3 9 iMM904.cmd 2,487594475E-7
500 3 9 iJN1463.cmd 4,9798945713E-7
500 5 5 iMM904.cmd 2,1370588734E-7
500 5 5 iJN1463.cmd 4,2989898756E-7
500 10 2 iMM904.cmd 1,2587849801E-8
500 10 2 iJN1463.cmd 4,1201827571E-8
500 0 10 iMM904.cmd 6,6328662902E-8
500 0 10 iJN1463.cmd 1,3971853979E-7
500 11 1 iMM904.cmd 9,2207382653E-9
500 11 1 iJN1463.cmd 3,2041873614E-8
500 3 14 iMM904.cmd 9,7169573991E-8
500 3 14 iJN1463.cmd 1,9589815959E-7
500 5 3 iMM904.cmd 1,3046676596E-7
500 5 3 iJN1463.cmd 2,7582264808E-7
500 6 6 iMM904.cmd 1,6771105297E-7
500 6 6 iJN1463.cmd 3,5229909263E-7
500 2 10 iMM904.cmd 2,3394927184E-7
500 2 10 iJN1463.cmd 4,8050091983E-7
500 5 1 iMM904.cmd 1,2695146017E-7
500 5 1 iJN1463.cmd 2,7428908721E-7
500 9 5 iMM904.cmd 1,5097444324E-8
500 9 5 iJN1463.cmd 4,4707353842E-8
500 8 6 iMM904.cmd 2,2868869615E-8
500 8 6 iJN1463.cmd 5,7825652737E-8
500 12 0 iMM904.cmd 5,3325767083E-9
500 12 0 iJN1463.cmd 2,409957283E-8
500 5 2 iMM904.cmd 1,2766998363E-7
500 5 2 iJN1463.cmd 2,7305774028E-7
500 2 9 iMM904.cmd 2,5766574591E-7
500 2 9 iJN1463.cmd 5,2290479062E-7
500 14 1 iMM904.cmd 6,7791915176E-9
500 14 1 iJN1463.cmd 2,4372653385E-8
500 5 0 iMM904.cmd 1,2263012789E-7
500 5 0 iJN1463.cmd 2,6733171717E-7
500 13 0 iMM904.cmd 3,7432399451E-9
500 13 0 iJN1463.cmd 1,984711329E-8
500 10 1 iMM904.cmd 7,1122975784E-9
500 10 1 iJN1463.cmd 3,1982695325E-8
500 11 14 iMM904.cmd 9,2988934802E-9
500 11 14 iJN1463.cmd 2,3112008017E-8
500 11 0 iMM904.cmd 4,5277948976E-9
500 11 0 iJN1463.cmd 2,5340362963E-8
500 0 9 iMM904.cmd 4,1312832795E-8
500 0 9 iJN1463.cmd 9,579992645E-8
500 8 5 iMM904.cmd 1,3160664117E-8
500 8 5 iJN1463.cmd 4,7102752352E-8
500 9 2 iMM904.cmd 8,2042149846E-9
500 9 2 iJN1463.cmd 4,2030966542E-8
500 6 3 iMM904.cmd 6,1573616809E-8
500 6 3 iJN1463.cmd 1,5112300425E-7
500 6 1 iMM904.cmd 8,2402879791E-8
500 6 1 iJN1463.cmd 1,9778388566E-7
500 6 2 iMM904.cmd 7,1163770943E-8
500 6 2 iJN1463.cmd 1,7228437677E-7
500 12 14 iMM904.cmd 5,4440844554E-9
500 12 14 iJN1463.cmd 1,4690518791E-8
500 6 0 iMM904.cmd 7,2198895688E-8
500 6 0 iJN1463.cmd 1,7886796467E-7
500 14 0 iMM904.cmd 1,0726058417E-9
500 14 0 iJN1463.cmd 1,5845327478E-8
500 14 12 iMM904.cmd 5,3585352914E-9
500 14 12 iJN1463.cmd 1,903453993E-8
500 10 0 iMM904.cmd 2,2731093919E-9
500 10 0 iJN1463.cmd 2,9370369665E-8
500 9 1 iMM904.cmd 4,0474695948E-9
500 9 1 iJN1463.cmd 3,7756082432E-8
500 6 4 iMM904.cmd 3,2239748631E-8
500 6 4 iJN1463.cmd 9,7692124753E-8
500 7 3 iMM904.cmd 2,7813027221E-8
500 7 3 iJN1463.cmd 8,8668746603E-8
500 7 2 iMM904.cmd 3,226461589E-8
500 7 2 iJN1463.cmd 9,8081362195E-8
500 7 5 iMM904.cmd 9,0713591333E-9
500 7 5 iJN1463.cmd 5,0722821246E-8
500 8 4 iMM904.cmd 9,9111529315E-9
500 8 4 iJN1463.cmd 5,4854294674E-8
500 7 0 iMM904.cmd 3,3109878475E-8
500 7 0 iJN1463.cmd 1,0365635554E-7
500 8 2 iMM904.cmd 1,1615888181E-8
500 8 2 iJN1463.cmd 5,8594744993E-8
500 9 0 iMM904.cmd 1,4863646256E-9
500 9 0 iJN1463.cmd 3,9238256621E-8
500 7 4 iMM904.cmd 1,6602263931E-8
500 7 4 iJN1463.cmd 6,840735597E-8
500 8 3 iMM904.cmd 1,1882579899E-8
500 8 3 iJN1463.cmd 6,209155018E-8
500 8 1 iMM904.cmd 3,9654033658E-9
500 8 1 iJN1463.cmd 4,820401513E-8
500 8 0 iMM904.cmd 9,9322205195E-9
500 8 0 iJN1463.cmd 5,6649080692E-8
500 14 13 iMM904.cmd 0E0
500 14 13 iJN1463.cmd 1,0289718076E-8
500 13 14 iMM904.cmd 0E0
500 13 14 iJN1463.cmd 2,5643827834E-9
500 14 14 iMM904.cmd 0E0
500 14 14 iJN1463.cmd 1,2264778746E-9
1000 6 14 iMM904.cmd 1,8527526188E-7
1000 6 14 iJN1463.cmd 3,4624024931E-7
1000 7 13 iMM904.cmd 1,9379106371E-7
1000 7 13 iJN1463.cmd 3,6244565742E-7
1000 13 7 iMM904.cmd 6,3274873359E-8
1000 13 7 iJN1463.cmd 1,7197280996E-7
1000 1 13 iMM904.cmd 5,928369257E-7
1000 1 13 iJN1463.cmd 9,6696602381E-7
1000 8 10 iMM904.cmd 1,5456160569E-7
1000 8 10 iJN1463.cmd 3,2111100561E-7
1000 13 8 iMM904.cmd 6,571983923E-8
1000 13 8 iJN1463.cmd 1,7891294746E-7
1000 11 9 iMM904.cmd 8,2961564597E-8
1000 11 9 iJN1463.cmd 2,1068913826E-7
1000 9 11 iMM904.cmd 1,150671693E-7
1000 9 11 iJN1463.cmd 2,6305040374E-7
1000 12 4 iMM904.cmd 4,352297271E-8
1000 12 4 iJN1463.cmd 1,1768984049E-7
1000 1 5 iMM904.cmd 4,9119326596E-7
1000 1 5 iJN1463.cmd 8,5568989013E-7
1000 1 1 iMM904.cmd 4,1613019656E-7
1000 1 1 iJN1463.cmd 7,4222729308E-7
1000 5 9 iMM904.cmd 2,7080040982E-7
1000 5 9 iJN1463.cmd 4,9660042445E-7
1000 11 10 iMM904.cmd 8,6209808917E-8
1000 11 10 iJN1463.cmd 2,1419573316E-7
1000 6 12 iMM904.cmd 2,6142502014E-7
1000 6 12 iJN1463.cmd 4,7298265776E-7
1000 1 3 iMM904.cmd 4,6071070994E-7
1000 1 3 iJN1463.cmd 8,1577816522E-7
1000 0 1 iMM904.cmd 3,1207163946E-7
1000 0 1 iJN1463.cmd 5,9369767165E-7
1000 0 3 iMM904.cmd 3,4028771961E-7
1000 0 3 iJN1463.cmd 6,4086947143E-7
1000 0 5 iMM904.cmd 3,8113204977E-7
1000 0 5 iJN1463.cmd 6,9500947514E-7
1000 0 13 iMM904.cmd 4,3331482088E-7
1000 0 13 iJN1463.cmd 7,3613659381E-7
1000 1 0 iMM904.cmd 4,1831113029E-7
1000 1 0 iJN1463.cmd 7,4514287805E-7
1000 1 4 iMM904.cmd 4,7779482802E-7
1000 1 4 iJN1463.cmd 8,4034212431E-7
1000 1 6 iMM904.cmd 4,969115875E-7
1000 1 6 iJN1463.cmd 8,5613121374E-7
1000 1 12 iMM904.cmd 6,9062774038E-7
1000 1 12 iJN1463.cmd 1,1195101412E-6
1000 1 14 iMM904.cmd 3,5653456968E-7
1000 1 14 iJN1463.cmd 6,12175212E-7
1000 2 1 iMM904.cmd 4,3915301033E-7
1000 2 1 iJN1463.cmd 7,7309593381E-7
1000 2 3 iMM904.cmd 4,7787574085E-7
1000 2 3 iJN1463.cmd 8,3664066084E-7
1000 2 5 iMM904.cmd 5,174308386E-7
1000 2 5 iJN1463.cmd 8,9466376381E-7
1000 5 8 iMM904.cmd 2,9189748749E-7
1000 5 8 iJN1463.cmd 5,2958408416E-7
1000 5 10 iMM904.cmd 3,0050535633E-7
1000 5 10 iJN1463.cmd 5,4145717375E-7
1000 5 12 iMM904.cmd 3,2008510825E-7
1000 5 12 iJN1463.cmd 5,6061262656E-7
1000 5 14 iMM904.cmd 2,1658169318E-7
1000 5 14 iJN1463.cmd 3,9213165625E-7
1000 6 9 iMM904.cmd 2,2960654478E-7
1000 6 9 iJN1463.cmd 4,3118616112E-7
1000 6 11 iMM904.cmd 2,6411332072E-7
1000 6 11 iJN1463.cmd 4,8317745835E-7
1000 6 13 iMM904.cmd 2,3570497118E-7
1000 6 13 iJN1463.cmd 4,2629558234E-7
1000 7 10 iMM904.cmd 2,0160292287E-7
1000 7 10 iJN1463.cmd 3,9003618914E-7
1000 7 12 iMM904.cmd 2,1428970646E-7
1000 7 12 iJN1463.cmd 4,0151733565E-7
1000 7 14 iMM904.cmd 1,5355115682E-7
1000 7 14 iJN1463.cmd 2,9618919189E-7
1000 8 9 iMM904.cmd 1,4663041096E-7
1000 8 9 iJN1463.cmd 2,9838348852E-7
1000 8 13 iMM904.cmd 1,6214382882E-7
1000 8 13 iJN1463.cmd 3,1180637214E-7
1000 9 10 iMM904.cmd 1,2301774584E-7
1000 9 10 iJN1463.cmd 2,7884030884E-7
1000 9 12 iMM904.cmd 1,2463017128E-7
1000 9 12 iJN1463.cmd 2,6751301293E-7
1000 10 9 iMM904.cmd 8,6414395541E-8
1000 10 9 iJN1463.cmd 2,1454551973E-7
1000 10 10 iMM904.cmd 1,0010485897E-7
1000 10 10 iJN1463.cmd 2,3894024907E-7
1000 10 11 iMM904.cmd 9,8299421826E-8
1000 10 11 iJN1463.cmd 2,3052307662E-7
1000 11 4 iMM904.cmd 4,1384080656E-8
1000 11 4 iJN1463.cmd 1,1095301502E-7
1000 11 8 iMM904.cmd 7,176676593E-8
1000 11 8 iJN1463.cmd 1,8506988623E-7
1000 11 11 iMM904.cmd 8,2833650434E-8
1000 11 11 iJN1463.cmd 2,0176653783E-7
1000 12 3 iMM904.cmd 3,4008376029E-8
1000 12 3 iJN1463.cmd 9,3036375158E-8
1000 12 5 iMM904.cmd 5,1489573725E-8
1000 12 5 iJN1463.cmd 1,391352875E-7
1000 12 7 iMM904.cmd 6,2920300383E-8
1000 12 7 iJN1463.cmd 1,6864367838E-7
1000 12 8 iMM904.cmd 6,8198284971E-8
1000 12 8 iJN1463.cmd 1,8228620906E-7
1000 12 10 iMM904.cmd 7,4718287124E-8
1000 12 10 iJN1463.cmd 1,8748900079E-7
1000 13 4 iMM904.cmd 4,2660879899E-8
1000 13 4 iJN1463.cmd 1,1583693817E-7
1000 13 6 iMM904.cmd 5,7661465945E-8
1000 13 6 iJN1463.cmd 1,565320069E-7
1000 13 9 iMM904.cmd 6,315031373E-8
1000 13 9 iJN1463.cmd 1,7302330957E-7
1000 14 7 iMM904.cmd 6,2565237552E-8
1000 14 7 iJN1463.cmd 1,7091700141E-7
1000 14 8 iMM904.cmd 6,2902288817E-8
1000 14 8 iJN1463.cmd 1,7214037098E-7
1000 0 4 iMM904.cmd 3,7041793889E-7
1000 0 4 iJN1463.cmd 6,8488350438E-7
1000 2 4 iMM904.cmd 5,0101400511E-7
1000 2 4 iJN1463.cmd 8,7240144964E-7
1000 6 10 iMM904.cmd 2,4755840101E-7
1000 6 10 iJN1463.cmd 4,6023107024E-7
1000 7 11 iMM904.cmd 2,2667272235E-7
1000 7 11 iJN1463.cmd 4,2659596125E-7
1000 8 12 iMM904.cmd 1,6845887661E-7
1000 8 12 iJN1463.cmd 3,3004036159E-7
1000 5 13 iMM904.cmd 2,85658179E-7
1000 5 13 iJN1463.cmd 5,0004297048E-7
1000 7 9 iMM904.cmd 1,8414068542E-7
1000 7 9 iJN1463.cmd 3,5830799309E-7
1000 5 11 iMM904.cmd 3,1870021458E-7
1000 5 11 iJN1463.cmd 5,6547254915E-7
1000 12 6 iMM904.cmd 5,6659674665E-8
1000 12 6 iJN1463.cmd 1,523698171E-7
1000 13 5 iMM904.cmd 5,0945264001E-8
1000 13 5 iJN1463.cmd 1,3819853221E-7
1000 10 8 iMM904.cmd 7,3458248728E-8
1000 10 8 iJN1463.cmd 1,8014861633E-7
1000 0 0 iMM904.cmd 3,2619493497E-7
1000 0 0 iJN1463.cmd 6,1397375561E-7
1000 0 2 iMM904.cmd 2,7643541294E-7
1000 0 2 iJN1463.cmd 5,4365321959E-7
1000 0 6 iMM904.cmd 3,7705505057E-7
1000 0 6 iJN1463.cmd 6,787114171E-7
1000 0 12 iMM904.cmd 4,8886660069E-7
1000 0 12 iJN1463.cmd 8,2082767808E-7
1000 2 0 iMM904.cmd 4,3449512156E-7
1000 2 0 iJN1463.cmd 7,6517790975E-7
1000 2 2 iMM904.cmd 4,5725042006E-7
1000 2 2 iJN1463.cmd 8,0202481959E-7
1000 6 8 iMM904.cmd 2,2618755092E-7
1000 6 8 iJN1463.cmd 4,2360052208E-7
1000 10 12 iMM904.cmd 9,2109508236E-8
1000 10 12 iJN1463.cmd 2,068947914E-7
1000 11 7 iMM904.cmd 6,1403905326E-8
1000 11 7 iJN1463.cmd 1,5986956673E-7
1000 12 11 iMM904.cmd 6,0890446875E-8
1000 12 11 iJN1463.cmd 1,4952574015E-7
1000 14 6 iMM904.cmd 5,7358725892E-8
1000 14 6 iJN1463.cmd 1,5632016945E-7
1000 14 9 iMM904.cmd 5,6004961711E-8
1000 14 9 iJN1463.cmd 1,5340562195E-7
1000 2 6 iMM904.cmd 5,2717863475E-7
1000 2 6 iJN1463.cmd 9,0431216034E-7
1000 13 3 iMM904.cmd 3,2932837642E-8
1000 13 3 iJN1463.cmd 9,0311108876E-8
1000 8 14 iMM904.cmd 1,1844601493E-7
1000 8 14 iJN1463.cmd 2,3514050471E-7
1000 0 14 iMM904.cmd 3,3098711422E-7
1000 0 14 iJN1463.cmd 5,8034254888E-7
1000 1 11 iMM904.cmd 7,2477988373E-7
1000 1 11 iJN1463.cmd 1,168232013E-6
1000 2 12 iMM904.cmd 6,8106016039E-7
1000 2 12 iJN1463.cmd 1,1106449307E-6
1000 3 1 iMM904.cmd 3,9756906768E-7
1000 3 1 iJN1463.cmd 7,0134769513E-7
1000 3 3 iMM904.cmd 4,360570673E-7
1000 3 3 iJN1463.cmd 7,6463741605E-7
1000 4 8 iMM904.cmd 3,6650813924E-7
1000 4 8 iJN1463.cmd 6,4780463522E-7
1000 4 10 iMM904.cmd 3,6934797893E-7
1000 4 10 iJN1463.cmd 6,474069764E-7
1000 5 7 iMM904.cmd 3,1589340175E-7
1000 5 7 iJN1463.cmd 5,678717342E-7
1000 8 8 iMM904.cmd 1,1281271373E-7
1000 8 8 iJN1463.cmd 2,3284077743E-7
1000 10 4 iMM904.cmd 3,4284984638E-8
1000 10 4 iJN1463.cmd 9,0943182788E-8
1000 1 7 iMM904.cmd 4,9262747995E-7
1000 1 7 iJN1463.cmd 8,4006461864E-7
1000 3 5 iMM904.cmd 4,8345455368E-7
1000 3 5 iJN1463.cmd 8,3963974059E-7
1000 4 12 iMM904.cmd 3,9453906214E-7
1000 4 12 iJN1463.cmd 6,726946799E-7
1000 12 2 iMM904.cmd 2,2737509953E-8
1000 12 2 iJN1463.cmd 6,3944419887E-8
1000 14 4 iMM904.cmd 4,1212458369E-8
1000 14 4 iJN1463.cmd 1,1217027234E-7
1000 2 14 iMM904.cmd 2,5242136148E-7
1000 2 14 iJN1463.cmd 4,4723266442E-7
1000 3 4 iMM904.cmd 4,6803470813E-7
1000 3 4 iJN1463.cmd 8,1643001465E-7
1000 7 8 iMM904.cmd 1,6979646852E-7
1000 7 8 iJN1463.cmd 3,3014843981E-7
1000 14 5 iMM904.cmd 4,9926250651E-8
1000 14 5 iJN1463.cmd 1,3577639841E-7
1000 11 6 iMM904.cmd 5,3615840429E-8
1000 11 6 iJN1463.cmd 1,4126162068E-7
1000 4 11 iMM904.cmd 3,8428228104E-7
1000 4 11 iJN1463.cmd 6,6512734932E-7
1000 10 7 iMM904.cmd 5,9931809829E-8
1000 10 7 iJN1463.cmd 1,4823804775E-7
1000 4 13 iMM904.cmd 3,4150790603E-7
1000 4 13 iJN1463.cmd 5,8255431298E-7
1000 3 2 iMM904.cmd 4,1185427521E-7
1000 3 2 iJN1463.cmd 7,2485698363E-7
1000 0 11 iMM904.cmd 4,5417853863E-7
1000 0 11 iJN1463.cmd 7,6292442765E-7
1000 3 0 iMM904.cmd 3,9188288708E-7
1000 3 0 iJN1463.cmd 6,9180370795E-7
1000 9 8 iMM904.cmd 7,9492431518E-8
1000 9 8 iJN1463.cmd 1,7892625074E-7
1000 0 7 iMM904.cmd 3,5672805954E-7
1000 0 7 iJN1463.cmd 6,3552829946E-7
1000 2 7 iMM904.cmd 5,3229391491E-7
1000 2 7 iJN1463.cmd 9,0560706034E-7
1000 3 6 iMM904.cmd 4,8887385651E-7
1000 3 6 iJN1463.cmd 8,4613427428E-7
1000 13 2 iMM904.cmd 2,278254445E-8
1000 13 2 iJN1463.cmd 6,4198546444E-8
1000 14 3 iMM904.cmd 3,1524800237E-8
1000 14 3 iJN1463.cmd 8,6660507961E-8
1000 14 10 iMM904.cmd 4,072839324E-8
1000 14 10 iJN1463.cmd 1,1082515461E-7
1000 10 13 iMM904.cmd 5,7394677648E-8
1000 10 13 iJN1463.cmd 1,2500785412E-7
1000 12 12 iMM904.cmd 4,3498770456E-8
1000 12 12 iJN1463.cmd 1,0399442134E-7
1000 13 11 iMM904.cmd 4,2756784676E-8
1000 13 11 iJN1463.cmd 1,0742018164E-7
1000 3 12 iMM904.cmd 4,9570846185E-7
1000 3 12 iJN1463.cmd 8,2725821543E-7
1000 3 8 iMM904.cmd 4,404103441E-7
1000 3 8 iJN1463.cmd 7,6336129617E-7
1000 5 6 iMM904.cmd 3,5858281404E-7
1000 5 6 iJN1463.cmd 6,36303498E-7
1000 10 3 iMM904.cmd 2,7046727758E-8
1000 10 3 iJN1463.cmd 7,2262409157E-8
1000 10 5 iMM904.cmd 3,6028197631E-8
1000 10 5 iJN1463.cmd 9,177701383E-8
1000 3 10 iMM904.cmd 4,2524141229E-7
1000 3 10 iJN1463.cmd 7,3677531889E-7
1000 4 1 iMM904.cmd 3,2458180215E-7
1000 4 1 iJN1463.cmd 5,7800052324E-7
1000 4 3 iMM904.cmd 3,6033066378E-7
1000 4 3 iJN1463.cmd 6,3677263737E-7
1000 8 7 iMM904.cmd 7,025264308E-8
1000 8 7 iJN1463.cmd 1,5221862893E-7
1000 4 5 iMM904.cmd 4,2914565865E-7
1000 4 5 iJN1463.cmd 7,5116883348E-7
1000 11 2 iMM904.cmd 1,9238748955E-8
1000 11 2 iJN1463.cmd 5,4486400222E-8
1000 12 1 iMM904.cmd 1,5937773298E-8
1000 12 1 iJN1463.cmd 4,6377711254E-8
1000 1 8 iMM904.cmd 4,720164046E-7
1000 1 8 iJN1463.cmd 8,0117501808E-7
1000 10 6 iMM904.cmd 4,7148420292E-8
1000 10 6 iJN1463.cmd 1,2081573612E-7
1000 9 14 iMM904.cmd 6,8781870752E-8
1000 9 14 iJN1463.cmd 1,4338667012E-7
1000 4 14 iMM904.cmd 2,4595393276E-7
1000 4 14 iJN1463.cmd 4,3462454323E-7
1000 9 7 iMM904.cmd 6,5192470754E-8
1000 9 7 iJN1463.cmd 1,4966880136E-7
1000 4 4 iMM904.cmd 4,2159797383E-7
1000 4 4 iJN1463.cmd 7,3893526422E-7
1000 3 11 iMM904.cmd 4,422593996E-7
1000 3 11 iJN1463.cmd 7,5473350701E-7
1000 3 13 iMM904.cmd 3,914186001E-7
1000 3 13 iJN1463.cmd 6,5753415154E-7
1000 4 2 iMM904.cmd 3,3531700713E-7
1000 4 2 iJN1463.cmd 5,9550193041E-7
1000 14 2 iMM904.cmd 2,1902557166E-8
1000 14 2 iJN1463.cmd 6,1953516389E-8
1000 14 11 iMM904.cmd 3,0787741333E-8
1000 14 11 iJN1463.cmd 8,1723190045E-8
1000 2 8 iMM904.cmd 4,9235128408E-7
1000 2 8 iJN1463.cmd 8,4128920022E-7
1000 4 0 iMM904.cmd 3,1935122465E-7
1000 4 0 iJN1463.cmd 5,6938605477E-7
1000 4 6 iMM904.cmd 4,2542747243E-7
1000 4 6 iJN1463.cmd 7,4442828517E-7
1000 13 1 iMM904.cmd 1,5274696914E-8
1000 13 1 iJN1463.cmd 4,4999919032E-8
1000 0 8 iMM904.cmd 3,1037142731E-7
1000 0 8 iJN1463.cmd 5,520827118E-7
1000 10 14 iMM904.cmd 4,6022190916E-8
1000 10 14 iJN1463.cmd 9,9759387449E-8
1000 11 13 iMM904.cmd 3,8533538883E-8
1000 11 13 iJN1463.cmd 8,2853129063E-8
1000 12 13 iMM904.cmd 3,2464576633E-8
1000 12 13 iJN1463.cmd 7,2651589049E-8
1000 3 9 iMM904.cmd 4,4516521529E-7
1000 3 9 iJN1463.cmd 7,7144554309E-7
1000 5 5 iMM904.cmd 3,8501761921E-7
1000 5 5 iJN1463.cmd 6,7938199658E-7
1000 10 2 iMM904.cmd 2,2831816952E-8
1000 10 2 iJN1463.cmd 6,113191876E-8
1000 0 10 iMM904.cmd 2,6536979126E-7
1000 0 10 iJN1463.cmd 4,6929198775E-7
1000 11 1 iMM904.cmd 1,606881557E-8
1000 11 1 iJN1463.cmd 4,6584520748E-8
1000 3 14 iMM904.cmd 2,6391773263E-7
1000 3 14 iJN1463.cmd 4,6173752923E-7
1000 5 3 iMM904.cmd 2,4536503579E-7
1000 5 3 iJN1463.cmd 4,4290983554E-7
1000 6 6 iMM904.cmd 3,2812095719E-7
1000 6 6 iJN1463.cmd 5,8632581789E-7
1000 2 10 iMM904.cmd 4,4345073515E-7
1000 2 10 iJN1463.cmd 7,6948588626E-7
1000 5 1 iMM904.cmd 2,4603021702E-7
1000 5 1 iJN1463.cmd 4,4552617197E-7
1000 9 5 iMM904.cmd 3,2794714621E-8
1000 9 5 iJN1463.cmd 8,0398739686E-8
1000 8 6 iMM904.cmd 4,8553821154E-8
1000 8 6 iJN1463.cmd 1,0732250314E-7
1000 12 0 iMM904.cmd 1,2130356331E-8
1000 12 0 iJN1463.cmd 3,7680412504E-8
1000 5 2 iMM904.cmd 2,4430032889E-7
1000 5 2 iJN1463.cmd 4,4181496429E-7
1000 2 9 iMM904.cmd 4,650275978E-7
1000 2 9 iJN1463.cmd 8,0283519116E-7
1000 14 1 iMM904.cmd 1,4457621999E-8
1000 14 1 iJN1463.cmd 4,3102559106E-8
1000 5 0 iMM904.cmd 2,4114478282E-7
1000 5 0 iJN1463.cmd 4,3757464774E-7
1000 13 0 iMM904.cmd 1,1252926028E-8
1000 13 0 iJN1463.cmd 3,5055456375E-8
1000 10 1 iMM904.cmd 1,9850208343E-8
1000 10 1 iJN1463.cmd 5,4201485611E-8
1000 11 14 iMM904.cmd 3,01929286E-8
1000 11 14 iJN1463.cmd 6,665764097E-8
1000 11 0 iMM904.cmd 1,3997340026E-8
1000 11 0 iJN1463.cmd 4,162555865E-8
1000 0 9 iMM904.cmd 2,1879249665E-7
1000 0 9 iJN1463.cmd 3,9958085505E-7
1000 8 5 iMM904.cmd 4,104549936E-8
1000 8 5 iJN1463.cmd 9,3258669262E-8
1000 9 2 iMM904.cmd 3,1508145449E-8
1000 9 2 iJN1463.cmd 7,6445089209E-8
1000 6 3 iMM904.cmd 1,4353631822E-7
1000 6 3 iJN1463.cmd 2,7024515083E-7
1000 6 1 iMM904.cmd 1,8742954507E-7
1000 6 1 iJN1463.cmd 3,4649874691E-7
1000 6 2 iMM904.cmd 1,6333507199E-7
1000 6 2 iJN1463.cmd 3,0455122541E-7
1000 12 14 iMM904.cmd 1,9904830918E-8
1000 12 14 iJN1463.cmd 4,6543001178E-8
1000 6 0 iMM904.cmd 1,7133857708E-7
1000 6 0 iJN1463.cmd 3,194235347E-7
1000 14 0 iMM904.cmd 1,0509449823E-8
1000 14 0 iJN1463.cmd 3,3136167623E-8
1000 14 12 iMM904.cmd 1,6437205669E-8
1000 14 12 iJN1463.cmd 4,6392619772E-8
1000 10 0 iMM904.cmd 1,8966070232E-8
1000 10 0 iJN1463.cmd 5,208916564E-8
1000 9 1 iMM904.cmd 2,8171071707E-8
1000 9 1 iJN1463.cmd 7,0450414325E-8
1000 6 4 iMM904.cmd 9,6043171458E-8
1000 6 4 iJN1463.cmd 1,8907467798E-7
1000 7 3 iMM904.cmd 8,6627524731E-8
1000 7 3 iJN1463.cmd 1,7303552809E-7
1000 7 2 iMM904.cmd 9,5481148267E-8
1000 7 2 iJN1463.cmd 1,8839615906E-7
1000 7 5 iMM904.cmd 4,6032046586E-8
1000 7 5 iJN1463.cmd 1,0198522273E-7
1000 8 4 iMM904.cmd 5,0190826592E-8
1000 8 4 iJN1463.cmd 1,0966203517E-7
1000 7 0 iMM904.cmd 1,0354217504E-7
1000 7 0 iJN1463.cmd 2,0357575329E-7
1000 8 2 iMM904.cmd 5,3095899198E-8
1000 8 2 iJN1463.cmd 1,150677176E-7
1000 9 0 iMM904.cmd 3,0139748247E-8
1000 9 0 iJN1463.cmd 7,3935370645E-8
1000 7 4 iMM904.cmd 6,5788372942E-8
1000 7 4 iJN1463.cmd 1,367700016E-7
1000 8 3 iMM904.cmd 5,8261861016E-8
1000 8 3 iJN1463.cmd 1,2422223166E-7
1000 8 1 iMM904.cmd 4,0772886421E-8
1000 8 1 iJN1463.cmd 9,3867269862E-8
1000 8 0 iMM904.cmd 5,348119996E-8
1000 8 0 iJN1463.cmd 1,1630494644E-7
1000 14 13 iMM904.cmd 8,3585291265E-9
1000 14 13 iJN1463.cmd 2,7842800955E-8
1000 13 14 iMM904.cmd 7,6162610747E-9
1000 13 14 iJN1463.cmd 2,3479227829E-8
1000 14 14 iMM904.cmd 3,7764586074E-9
1000 14 14 iJN1463.cmd 1,8452701292E-8
