0	1,5E-7	1,5E-7
1	1,5752702072E-7	1,574579687E-7
2	1,6544812206E-7	1,6530633124E-7
3	1,7443151225E-7	1,7411855319E-7
4	1,8418102404E-7	1,8363597377E-7
5	1,9473507642E-7	1,9389696016E-7
6	2,0610137378E-7	2,0490125846E-7
7	2,1828292066E-7	2,1665423866E-7
8	2,313214914E-7	2,2919783178E-7
9	2,4526018989E-7	2,4257319091E-7
10	2,6015364201E-7	2,5681669384E-7
11	2,7605878718E-7	2,7196773155E-7
12	2,9302807131E-7	2,8806398699E-7
13	3,111224504E-7	3,0516078013E-7
14	3,3040662983E-7	3,2331596806E-7
15	3,5094207685E-7	3,4258793254E-7
16	3,7279265947E-7	3,6303803925E-7
17	3,9603930843E-7	3,8473666036E-7
18	4,207685021E-7	4,077584993E-7
19	4,4707167373E-7	4,3218255564E-7
20	4,7442382055E-7	4,5800398042E-7
21	5,0233864326E-7	4,8522897066E-7
22	5,3080079253E-7	5,1393443459E-7
23	5,5987665202E-7	5,4421123586E-7
24	5,8961907802E-7	5,7615591122E-7
25	6,2007762692E-7	6,0986662512E-7
26	6,5146204358E-7	6,4539137367E-7
27	6,8377327223E-7	6,8292029891E-7
28	7,1702735672E-7	7,2243569264E-7
29	7,5129301125E-7	7,6403064072E-7
30	7,866898587E-7	8,0793075493E-7
31	8,2301534391E-7	8,5421503174E-7
32	8,6027782864E-7	9,0301328265E-7
33	8,9823942912E-7	9,5442583151E-7
34	9,3651528887E-7	1,0087612778E-6
35	9,746455283E-7	1,0658879652E-6
36	1,0128361372E-6	1,1257449162E-6
37	1,0511990847E-6	1,1883742422E-6
38	1,0899977164E-6	1,2539321686E-6
39	1,1294001311E-6	1,3226175417E-6
40	1,1695029252E-6	1,3946360792E-6
41	1,2103750457E-6	1,4701879226E-6
42	1,2519789668E-6	1,5494946721E-6
43	1,2943755923E-6	1,6327791477E-6
44	1,3376862959E-6	1,7205237628E-6
45	1,382042377E-6	1,8129110183E-6
46	1,4276603256E-6	1,9100922009E-6
47	1,4746852066E-6	2,0122032808E-6
48	1,5229973274E-6	2,1193549227E-6
49	1,5723240024E-6	2,2319771958E-6
50	1,6222075659E-6	2,3503260045E-6
51	1,6732513913E-6	2,474644007E-6
52	1,7257018368E-6	2,6052476794E-6
53	1,7792542637E-6	2,7424927085E-6
54	1,8346941118E-6	2,8866287516E-6
55	1,891736988E-6	3,0379792488E-6
56	1,9502525244E-6	3,1968490837E-6
57	2,0101890767E-6	3,3634767329E-6
58	2,071135708E-6	3,5380594484E-6
59	2,1335511305E-6	3,7196589167E-6
60	2,1979937659E-6	3,9110978955E-6
61	2,2643643549E-6	4,1113000069E-6
62	2,3326288801E-6	4,3202889846E-6
63	2,4028025419E-6	4,538454778E-6
64	2,4747588551E-6	4,7658527685E-6
65	2,5485501579E-6	5,0029482402E-6
66	2,6241372473E-6	5,2511873069E-6
67	2,701676232E-6	5,5110154217E-6
68	2,7813310011E-6	5,7820995063E-6
69	2,8630636649E-6	6,0649514586E-6
70	2,9469988978E-6	6,360184522E-6
71	3,0332073674E-6	6,6681427899E-6
72	3,1220630928E-6	6,9885808062E-6
73	3,2132133512E-6	7,3236467818E-6
74	3,3067733367E-6	7,6724723674E-6
75	3,4026564061E-6	8,0357564896E-6
76	3,5012452698E-6	8,4161494878E-6
77	3,60241447E-6	8,8127209275E-6
78	3,7066542847E-6	9,2248991722E-6
79	3,8138381598E-6	9,6547777126E-6
80	3,9238855429E-6	1,0099989294E-5
81	4,0371437607E-6	1,0565174969E-5
82	4,1534685426E-6	1,1049480704E-5
83	4,2728417661E-6	1,154879805E-5
84	4,3951869474E-6	1,2061972363E-5
85	4,5200435867E-6	1,2575543487E-5
86	4,6466588708E-6	1,3087892962E-5
87	4,7747772422E-6	1,3594758268E-5
88	4,904027837E-6	1,4095251606E-5
89	5,0314004156E-6	1,4582277135E-5
90	5,1571084199E-6	1,5053133457E-5
91	5,2817601528E-6	1,5505397478E-5
92	5,404494886E-6	1,5926331274E-5
93	5,5254471273E-6	1,6320464517E-5
94	5,6434113871E-6	1,6682580607E-5
95	5,7556134647E-6	1,7013539523E-5
96	5,8606600393E-6	1,731616553E-5
97	5,9579451804E-6	1,7594977084E-5
98	6,0492565337E-6	1,7853587773E-5
99	6,1360564275E-6	1,8090469462E-5
100	6,2198419084E-6	1,8307660623E-5
101	6,3007669026E-6	1,850931229E-5
102	6,3790756674E-6	1,8698023672E-5
103	6,4544707649E-6	1,8876339447E-5
104	6,5277063494E-6	1,904590884E-5
105	6,5993199005E-6	1,9210083895E-5
106	6,6684290431E-6	1,9372677489E-5
107	6,7364509294E-6	1,9530506204E-5
108	6,8046513671E-6	1,9682420383E-5
109	6,8709799851E-6	1,9834756983E-5
110	6,9350634238E-6	1,9987486943E-5
111	6,9988281017E-6	2,0138219195E-5
112	7,0610435418E-6	2,0287735062E-5
113	7,1230785196E-6	2,0434880604E-5
114	7,1862988998E-6	2,0581420432E-5
115	7,2493149411E-6	2,0731236289E-5
116	7,3113898395E-6	2,0877937723E-5
117	7,3743210402E-6	2,1022982252E-5
118	7,4367816442E-6	2,1166932702E-5
119	7,4990399734E-6	2,131185239E-5
120	7,5607770585E-6	2,1453821269E-5
121	7,6215730837E-6	2,159771569E-5
122	7,6814423869E-6	2,1742386507E-5
123	7,7419586365E-6	2,1884905815E-5
124	7,8027608554E-6	2,2025284891E-5
125	7,8622483728E-6	2,2167084389E-5
126	7,9208631826E-6	2,2310818238E-5
127	7,9781561943E-6	2,2453600871E-5
128	8,0355783857E-6	2,2596628828E-5
129	8,0922630598E-6	2,2740595633E-5
130	8,1481542033E-6	2,2883580444E-5
131	8,2027323896E-6	2,3027375314E-5
132	8,2597457203E-6	2,3167889431E-5
133	8,3167387222E-6	2,3309404938E-5
134	8,3737577088E-6	2,3451373328E-5
135	8,4322991322E-6	2,3589170994E-5
136	8,4929209706E-6	2,3723887247E-5
137	8,5506424587E-6	2,3863244923E-5
138	8,6078661733E-6	2,4001633575E-5
139	8,6634609614E-6	2,4141551842E-5
140	8,7173350656E-6	2,4283077434E-5
141	8,7716142998E-6	2,4422933692E-5
142	8,83030374E-6	2,4556737477E-5
143	8,8868524689E-6	2,4691793281E-5
144	8,9451495827E-6	2,4825030481E-5
145	9,0047493522E-6	2,4957609066E-5
146	9,064212352E-6	2,5089603553E-5
147	9,1231526561E-6	2,5223006493E-5
148	9,1822845422E-6	2,5353776296E-5
149	9,241016268E-6	2,548812484E-5
150	9,2992701544E-6	2,5625217786E-5
151	9,3576740355E-6	2,5759799821E-5
152	9,4157219043E-6	2,5894811582E-5
153	9,4739698113E-6	2,6028902884E-5
154	9,5306927895E-6	2,6164290566E-5
155	9,5868177422E-6	2,6297192331E-5
156	9,6430679277E-6	2,6430408767E-5
157	9,702490981E-6	2,6557574936E-5
158	9,760015204E-6	2,6689515905E-5
159	9,8142739917E-6	2,6822964877E-5
160	9,8708399349E-6	2,6950362818E-5
161	9,9268078932E-6	2,707996016E-5
162	9,9856745767E-6	2,7207414115E-5
163	1,0044901412E-5	2,7333899079E-5
164	1,0105450452E-5	2,7458009584E-5
165	1,0163338187E-5	2,7585617E-5
166	1,0221229601E-5	2,7714734011E-5
167	1,0279428388E-5	2,7842865855E-5
168	1,0338323503E-5	2,7970448626E-5
169	1,0397935509E-5	2,8096758644E-5
170	1,0456412674E-5	2,8224857391E-5
171	1,0515915032E-5	2,8351677145E-5
172	1,0573403601E-5	2,8478612247E-5
173	1,0628873008E-5	2,860322166E-5
174	1,0686247461E-5	2,8729931959E-5
175	1,0744966291E-5	2,8856174334E-5
176	1,0805050856E-5	2,897856012E-5
177	1,0864960753E-5	2,910037579E-5
178	1,092437536E-5	2,9222494633E-5
179	1,0983136726E-5	2,9348089483E-5
180	1,1039093666E-5	2,9474982727E-5
181	1,1095249864E-5	2,9599936777E-5
182	1,1150535275E-5	2,9725241473E-5
183	1,1209608305E-5	2,9847866554E-5
184	1,1266615547E-5	2,9972998679E-5
185	1,1326849526E-5	3,0096054832E-5
186	1,1384216556E-5	3,0218490317E-5
187	1,1442089553E-5	3,0341590149E-5
188	1,1501693112E-5	3,0461938887E-5
189	1,1563787038E-5	3,0583561624E-5
190	1,1624032282E-5	3,0704934988E-5
191	1,1685001738E-5	3,0824379914E-5
192	1,1745593581E-5	3,0950780435E-5
193	1,1808473529E-5	3,1068842712E-5
194	1,1868300768E-5	3,1182627051E-5
195	1,1927221416E-5	3,1295360067E-5
196	1,1985036192E-5	3,1414248993E-5
197	1,2043530554E-5	3,1532987903E-5
198	1,2105223923E-5	3,1647817519E-5
199	1,2165995082E-5	3,1764025659E-5
200	1,2228370456E-5	3,1880470204E-5
201	1,2288271505E-5	3,1996060682E-5
202	1,2348351869E-5	3,2111705839E-5
203	1,2407114755E-5	3,2226761965E-5
204	1,2465565248E-5	3,2343115755E-5
205	1,2529747297E-5	3,2468786255E-5
206	1,2585017035E-5	3,2590820764E-5
207	1,2646611001E-5	3,270426258E-5
208	1,2709545713E-5	3,2816076433E-5
209	1,2769051963E-5	3,2930889711E-5
210	1,2827590705E-5	3,3044790664E-5
211	1,2888454586E-5	3,315601904E-5
212	1,2944833468E-5	3,3272357195E-5
213	1,3007448758E-5	3,3382878462E-5
214	1,3068026948E-5	3,3495466699E-5
215	1,3133763989E-5	3,3606913786E-5
216	1,3196319083E-5	3,3718050768E-5
217	1,3257651962E-5	3,3828417285E-5
218	1,3316634883E-5	3,3941421987E-5
219	1,3373872873E-5	3,4056157507E-5
220	1,3429818851E-5	3,4170584647E-5
221	1,3488442025E-5	3,428194155E-5
222	1,354749601E-5	3,4387872659E-5
223	1,3607312347E-5	3,4495468181E-5
224	1,3666460493E-5	3,4606140296E-5
225	1,3732472969E-5	3,4718685307E-5
226	1,37961898E-5	3,4826524431E-5
227	1,3858303421E-5	3,4931739131E-5
228	1,3918474169E-5	3,5038231819E-5
229	1,3978352458E-5	3,5145604015E-5
230	1,4038889474E-5	3,525090715E-5
231	1,409721238E-5	3,5357527894E-5
232	1,4156970875E-5	3,546376976E-5
233	1,421644745E-5	3,5575635545E-5
234	1,4275362838E-5	3,5683223971E-5
235	1,4335907103E-5	3,5788661579E-5
236	1,4395031758E-5	3,589515563E-5
237	1,4454515159E-5	3,6002647183E-5
238	1,4515316511E-5	3,6105492222E-5
239	1,4578124762E-5	3,6206500717E-5
240	1,4639260292E-5	3,6308697541E-5
241	1,4699138815E-5	3,6412497346E-5
242	1,4762379136E-5	3,651304748E-5
243	1,4824481924E-5	3,6614581604E-5
244	1,4885180743E-5	3,6721713468E-5
245	1,4947904235E-5	3,6824620866E-5
246	1,5010536228E-5	3,6927287215E-5
247	1,5070916411E-5	3,7029708964E-5
248	1,5129972992E-5	3,7132675699E-5
249	1,5185493882E-5	3,7231195556E-5
250	1,5242197074E-5	3,7326168109E-5
251	1,5302638903E-5	3,7423725164E-5
252	1,5362831546E-5	3,7523324071E-5
253	1,5422395572E-5	3,7626603516E-5
254	1,5485650186E-5	3,7724134736E-5
255	1,5547160433E-5	3,7820745935E-5
256	1,5610507197E-5	3,7918489659E-5
257	1,5669812735E-5	3,8014008594E-5
258	1,5727298417E-5	3,8109674672E-5
259	1,5785697368E-5	3,8205139514E-5
260	1,5840942653E-5	3,830431302E-5
261	1,5897061522E-5	3,8404359105E-5
262	1,595406715E-5	3,8504762941E-5
263	1,6011967369E-5	3,8606758576E-5
264	1,6073497744E-5	3,8706754937E-5
265	1,613491109E-5	3,8803055386E-5
266	1,6192192199E-5	3,8900043074E-5
267	1,6250095931E-5	3,8998489475E-5
268	1,6308066064E-5	3,9099663588E-5
269	1,6363289326E-5	3,9200307154E-5
270	1,6423054417E-5	3,9297824845E-5
271	1,6484038186E-5	3,9396137898E-5
272	1,6543264215E-5	3,9494152337E-5
273	1,6605277152E-5	3,9588503627E-5
274	1,6667362306E-5	3,9682493757E-5
275	1,672870075E-5	3,9776331611E-5
276	1,6789662562E-5	3,9871725653E-5
277	1,6846298401E-5	3,997278783E-5
278	1,6902685777E-5	4,0071093256E-5
279	1,6959972017E-5	4,0166866701E-5
280	1,7016037541E-5	4,0263879158E-5
281	1,7070586429E-5	4,0360198593E-5
282	1,7121699819E-5	4,0455562781E-5
283	1,7171895681E-5	4,0548957356E-5
284	1,7225212403E-5	4,0643629431E-5
285	1,728244943E-5	4,0737282465E-5
286	1,734117384E-5	4,0830817774E-5
287	1,7396871579E-5	4,0927218585E-5
288	1,7455265379E-5	4,1021825849E-5
289	1,7511496403E-5	4,1118199216E-5
290	1,7565282585E-5	4,1215983028E-5
291	1,7619278716E-5	4,130722567E-5
292	1,7673413261E-5	4,140013058E-5
293	1,7729137338E-5	4,149612454E-5
294	1,7783292277E-5	4,1591386178E-5
295	1,7837001772E-5	4,1684687456E-5
296	1,7889501575E-5	4,1775775553E-5
297	1,7942282176E-5	4,1867981875E-5
298	1,799203194E-5	4,1960550187E-5
299	1,8040895598E-5	4,2054066068E-5
300	1,8089307444E-5	4,2146492183E-5
301	1,8141090306E-5	4,2240005092E-5
302	1,8195087613E-5	4,2333331346E-5
303	1,8248707533E-5	4,2427066998E-5
304	1,830429231E-5	4,2518842791E-5
305	1,8362222014E-5	4,2608462394E-5
306	1,8420333978E-5	4,2698517572E-5
307	1,8475304083E-5	4,2790787449E-5
308	1,8537935816E-5	4,287496899E-5
309	1,8596367874E-5	4,2961716023E-5
310	1,8651914836E-5	4,304989506E-5
311	1,8705467668E-5	4,313723697E-5
312	1,8756170933E-5	4,3227002542E-5
313	1,8806904129E-5	4,3318130933E-5
314	1,8857115276E-5	4,3405581939E-5
315	1,8906499428E-5	4,3493727839E-5
316	1,8961974069E-5	4,358629588E-5
317	1,901715467E-5	4,3677271381E-5
318	1,9073564862E-5	4,3765179201E-5
319	1,9129804918E-5	4,3851241969E-5
320	1,9185282517E-5	4,3937504911E-5
321	1,9239694644E-5	4,4026400278E-5
322	1,9290463333E-5	4,4114773976E-5
323	1,9339254887E-5	4,4202542938E-5
324	1,9385922333E-5	4,4291534509E-5
325	1,9431302342E-5	4,4378732254E-5
326	1,9477619096E-5	4,4468166594E-5
327	1,952657984E-5	4,4562542201E-5
328	1,9580340967E-5	4,4652641536E-5
329	1,963361656E-5	4,4742176045E-5
330	1,9690703611E-5	4,4827903192E-5
331	1,9748863102E-5	4,4911024728E-5
332	1,9806960542E-5	4,499453682E-5
333	1,9863386366E-5	4,5079232435E-5
334	1,9918551443E-5	4,5168153925E-5
335	1,9974167957E-5	4,5253499134E-5
336	2,0032979922E-5	4,5334887357E-5
337	2,0089880801E-5	4,5419234075E-5
338	2,0145177389E-5	4,5503260787E-5
339	2,0200097679E-5	4,5585871947E-5
340	2,0247535544E-5	4,5675013342E-5
341	2,0301518053E-5	4,5761126276E-5
342	2,0356884917E-5	4,5845902228E-5
343	2,041441741E-5	4,5928001662E-5
344	2,0472055564E-5	4,6006948218E-5
345	2,0529208779E-5	4,6084527727E-5
346	2,0581403772E-5	4,6167560798E-5
347	2,0629760941E-5	4,6249604802E-5
348	2,0674638256E-5	4,6333555802E-5
349	2,0718230388E-5	4,6417886068E-5
350	2,0769706457E-5	4,6501739931E-5
351	2,0822554843E-5	4,6584249772E-5
352	2,0874475042E-5	4,66702203E-5
353	2,0924024231E-5	4,6757487912E-5
354	2,0971501675E-5	4,6840906442E-5
355	2,1018613882E-5	4,6925603465E-5
356	2,1066403466E-5	4,7010668164E-5
357	2,1117486935E-5	4,7094230429E-5
358	2,1169559644E-5	4,7174207728E-5
359	2,1219722593E-5	4,7253896869E-5
360	2,1269273732E-5	4,7332513502E-5
361	2,1316649029E-5	4,7413610404E-5
362	2,1364518653E-5	4,7497328024E-5
363	2,1410297966E-5	4,7582299937E-5
364	2,1459379548E-5	4,7665346543E-5
365	2,1501451592E-5	4,7754057381E-5
366	2,154893891E-5	4,7855589889E-5
367	2,1602638735E-5	4,793712543E-5
368	2,1656843111E-5	4,8015128378E-5
369	2,1708282575E-5	4,8096588266E-5
370	2,1759555071E-5	4,8178854531E-5
371	2,1813223425E-5	4,8255324652E-5
372	2,1865734399E-5	4,8334017931E-5
373	2,1913797501E-5	4,8416689547E-5
374	2,1962916529E-5	4,8493219476E-5
375	2,201342926E-5	4,8568387274E-5
376	2,2064348202E-5	4,8646608691E-5
377	2,211905632E-5	4,8722822004E-5
378	2,2173693028E-5	4,8799428393E-5
379	2,222813252E-5	4,8874544602E-5
380	2,228148767E-5	4,8951655378E-5
381	2,233057689E-5	4,9029337597E-5
382	2,2378024074E-5	4,9106865211E-5
383	2,2426199131E-5	4,9184567803E-5
384	2,2474652705E-5	4,9264567374E-5
385	2,2525255195E-5	4,9343457782E-5
386	2,2578166782E-5	4,9419225069E-5
387	2,2627967306E-5	4,9496520475E-5
388	2,2675377288E-5	4,9575350967E-5
389	2,2722350548E-5	4,9651622848E-5
390	2,2767770356E-5	4,9727529434E-5
391	2,2820588655E-5	4,9804417731E-5
392	2,2869149905E-5	4,98889344E-5
393	2,2918849566E-5	4,9967047048E-5
394	2,2967932908E-5	5,0045480922E-5
395	2,3016397598E-5	5,0123148364E-5
396	2,3067443044E-5	5,0195740102E-5
397	2,3115790988E-5	5,0269892479E-5
398	2,3159960964E-5	5,0346060621E-5
399	2,3204570429E-5	5,0425222714E-5
400	2,3254950885E-5	5,0500414429E-5
401	2,3302109096E-5	5,0575497768E-5
402	2,3349846331E-5	5,0653054143E-5
403	2,3400260493E-5	5,0729745173E-5
404	2,3451274297E-5	5,0805543452E-5
405	2,3502495625E-5	5,0881144413E-5
406	2,3552081266E-5	5,0954515455E-5
407	2,360134363E-5	5,1026823227E-5
408	2,3646462749E-5	5,1099896442E-5
409	2,3697177989E-5	5,1171425538E-5
410	2,3749323903E-5	5,1241700774E-5
411	2,3800743141E-5	5,1312043273E-5
412	2,3852223541E-5	5,1381795E-5
413	2,390134124E-5	5,1453873877E-5
414	2,3949244289E-5	5,1526683853E-5
415	2,3996021848E-5	5,1601268684E-5
416	2,4042716302E-5	5,1674517589E-5
417	2,4086748052E-5	5,1750230044E-5
418	2,4134768719E-5	5,1825860314E-5
419	2,4182765832E-5	5,1900289901E-5
420	2,4231596509E-5	5,1973632979E-5
421	2,4282622815E-5	5,2043970767E-5
422	2,4337837548E-5	5,2109769628E-5
423	2,4390150474E-5	5,2179048363E-5
424	2,4440634023E-5	5,2248948134E-5
425	2,4489156248E-5	5,2321015948E-5
426	2,453360183E-5	5,2397655065E-5
427	2,457787538E-5	5,2473777184E-5
428	2,4627560753E-5	5,2545045839E-5
429	2,4671712154E-5	5,2616872663E-5
430	2,471917657E-5	5,2685075219E-5
431	2,476795951E-5	5,2753593664E-5
432	2,4813537867E-5	5,2822236023E-5
433	2,4857463133E-5	5,2890386877E-5
434	2,489980435E-5	5,295706175E-5
435	2,4946404085E-5	5,3027399127E-5
436	2,4994559338E-5	5,3096458477E-5
437	2,5042061418E-5	5,316580013E-5
438	2,5089616463E-5	5,3236446158E-5
439	2,5137172694E-5	5,3306449869E-5
440	2,5183752561E-5	5,3377194433E-5
441	2,5231369093E-5	5,344579024E-5
442	2,5277814887E-5	5,351513278E-5
443	2,5320022308E-5	5,3581654258E-5
444	2,5360440457E-5	5,3649389574E-5
445	2,5401996959E-5	5,3723743141E-5
446	2,5446352053E-5	5,3795609828E-5
447	2,5491788039E-5	5,3865799508E-5
448	2,5537130526E-5	5,3933416153E-5
449	2,5586749168E-5	5,3999270686E-5
450	2,5639379733E-5	5,4062210564E-5
451	2,5686627003E-5	5,4126083643E-5
452	2,573060963E-5	5,4198764412E-5
453	2,5775938526E-5	5,4268471595E-5
454	2,5822668885E-5	5,4335373417E-5
455	2,5869937772E-5	5,4403086855E-5
456	2,591687466E-5	5,4474044966E-5
457	2,5961812415E-5	5,4547497658E-5
458	2,6004160327E-5	5,4620324477E-5
459	2,6044766967E-5	5,4690788151E-5
460	2,6083856964E-5	5,4758142642E-5
461	2,6127231546E-5	5,482506294E-5
462	2,6171921385E-5	5,4894300989E-5
463	2,6216948087E-5	5,4960409253E-5
464	2,6260977603E-5	5,5028015687E-5
465	2,6305112338E-5	5,5099223737E-5
466	2,634879457E-5	5,5171082876E-5
467	2,6391831873E-5	5,5243521884E-5
468	2,6431749155E-5	5,5316821031E-5
469	2,6476759258E-5	5,5384940451E-5
470	2,6522333301E-5	5,5448248749E-5
471	2,6569495609E-5	5,551267446E-5
472	2,6614610023E-5	5,5579629446E-5
473	2,6661168283E-5	5,5646258237E-5
474	2,6701662177E-5	5,5716799998E-5
475	2,674884209E-5	5,5780118787E-5
476	2,6794068779E-5	5,5844710676E-5
477	2,6840430765E-5	5,5907394497E-5
478	2,688840017E-5	5,5968750293E-5
479	2,6936876836E-5	5,6027754928E-5
480	2,6984074763E-5	5,6087720968E-5
481	2,7032762224E-5	5,6146912387E-5
482	2,7079453783E-5	5,6209084459E-5
483	2,7125708397E-5	5,6272490296E-5
484	2,7172131946E-5	5,6331149257E-5
485	2,7217761982E-5	5,6392389319E-5
486	2,7262244471E-5	5,645266344E-5
487	2,7308901936E-5	5,6513315118E-5
488	2,7357581116E-5	5,65729776E-5
489	2,7405280482E-5	5,6631810814E-5
490	2,7453329417E-5	5,6691120318E-5
491	2,7496224976E-5	5,6753331439E-5
492	2,7536955839E-5	5,681557941E-5
493	2,757340661E-5	5,687685142E-5
494	2,7608887145E-5	5,6938109297E-5
495	2,7651524171E-5	5,7000902299E-5
496	2,7695021884E-5	5,7061258094E-5
497	2,7739173217E-5	5,7120537895E-5
498	2,7783197201E-5	5,718034078E-5
499	2,7828041461E-5	5,7241204354E-5
500	2,7873580281E-5	5,729964971E-5
501	2,7919575694E-5	5,7360530111E-5
502	2,7963905836E-5	5,7417134912E-5
503	2,8004994324E-5	5,7474901068E-5
504	2,8047951435E-5	5,7534930664E-5
505	2,8093216871E-5	5,7597844008E-5
506	2,8139928588E-5	5,7656220621E-5
507	2,818475721E-5	5,7715551273E-5
508	2,8226285045E-5	5,7771975589E-5
509	2,8262535909E-5	5,7827464099E-5
510	2,8300411991E-5	5,7887705198E-5
511	2,8340311691E-5	5,7947027494E-5
512	2,8382463134E-5	5,8007268432E-5
513	2,8426482774E-5	5,8066795466E-5
514	2,8471334716E-5	5,8124351429E-5
515	2,8516155063E-5	5,8181402996E-5
516	2,856101852E-5	5,8238053604E-5
517	2,8598910181E-5	5,8297474849E-5
518	2,8638229657E-5	5,8354316652E-5
519	2,8677625388E-5	5,841228572E-5
520	2,8721065704E-5	5,846672908E-5
521	2,8766259502E-5	5,8521069471E-5
522	2,8810918859E-5	5,8573776662E-5
523	2,8853475119E-5	5,8627347587E-5
524	2,8894368937E-5	5,86853097E-5
525	2,893457461E-5	5,8744711577E-5
526	2,8974127111E-5	5,8804818769E-5
527	2,9012451214E-5	5,8866503558E-5
528	2,9052447692E-5	5,8925023437E-5
529	2,9091646631E-5	5,8984639103E-5
530	2,9128557763E-5	5,9042610662E-5
531	2,9167610787E-5	5,9100522386E-5
532	2,920422602E-5	5,9159063824E-5
533	2,9244452927E-5	5,9213980565E-5
534	2,9286524502E-5	5,9268850579E-5
535	2,9326426626E-5	5,9321913677E-5
536	2,9366584221E-5	5,937902284E-5
537	2,9406018088E-5	5,9437411472E-5
538	2,9440588767E-5	5,9496909357E-5
539	2,9472361677E-5	5,9555454628E-5
540	2,9506725279E-5	5,960746397E-5
541	2,9541559468E-5	5,9662294648E-5
542	2,9577647974E-5	5,9716654895E-5
543	2,9614054374E-5	5,9770745106E-5
544	2,9654850428E-5	5,9825643716E-5
545	2,9695777937E-5	5,9877892571E-5
546	2,9736662266E-5	5,992989814E-5
547	2,9780158409E-5	5,9984048945E-5
548	2,9822668112E-5	6,0038087422E-5
549	2,9864717008E-5	6,0090173035E-5
550	2,990554032E-5	6,0143774212E-5
551	2,9948020466E-5	6,0197266252E-5
552	2,9990282152E-5	6,0250077207E-5
553	3,0032962596E-5	6,0300312253E-5
554	3,007331012E-5	6,0351025498E-5
555	3,0113552072E-5	6,0402611017E-5
556	3,0152866642E-5	6,0452837844E-5
557	3,0192503943E-5	6,0504227998E-5
558	3,0234407982E-5	6,0557211156E-5
559	3,0276103825E-5	6,0609252553E-5
560	3,0311493922E-5	6,0663641225E-5
561	3,0348066161E-5	6,0723542442E-5
562	3,0381787477E-5	6,0779985503E-5
563	3,0413306591E-5	6,0833855037E-5
564	3,0451023063E-5	6,0887245927E-5
565	3,0489441155E-5	6,093956914E-5
566	3,0526621109E-5	6,099248592E-5
567	3,0560830017E-5	6,1047101836E-5
568	3,0601155626E-5	6,1100407329E-5
569	3,0637915241E-5	6,1154259915E-5
570	3,0676685664E-5	6,120958271E-5
571	3,0712254883E-5	6,126233592E-5
572	3,0751102512E-5	6,13123352E-5
573	3,0790029283E-5	6,1363282411E-5
574	3,0828549465E-5	6,1418667994E-5
575	3,0864559987E-5	6,1473191438E-5
576	3,0900255058E-5	6,1527510924E-5
577	3,09388626E-5	6,1580183156E-5
578	3,0977916094E-5	6,1632492891E-5
579	3,1016692248E-5	6,1685297815E-5
580	3,1054829504E-5	6,173867523E-5
581	3,1095363456E-5	6,1788265725E-5
582	3,1136943776E-5	6,1836058433E-5
583	3,1178223263E-5	6,1884510605E-5
584	3,1212995376E-5	6,1934522981E-5
585	3,1251741345E-5	6,1980578726E-5
586	3,1289666092E-5	6,2027073968E-5
587	3,1327237153E-5	6,2074370431E-5
588	3,1365744734E-5	6,2122832496E-5
589	3,1401675696E-5	6,2169165033E-5
590	3,1437184739E-5	6,2218416332E-5
591	3,1477572058E-5	6,226658238E-5
592	3,1516665179E-5	6,2315323597E-5
593	3,1556315061E-5	6,2362647336E-5
594	3,1594300501E-5	6,2409372074E-5
595	3,163213794E-5	6,2456366724E-5
596	3,1668945879E-5	6,2503389264E-5
597	3,1706281006E-5	6,2553839824E-5
598	3,1744800022E-5	6,2602144473E-5
599	3,1774067406E-5	6,2654129159E-5
600	3,1807622237E-5	6,2705084913E-5
601	3,1841775843E-5	6,2755871926E-5
602	3,1881299303E-5	6,2803647996E-5
603	3,1917624232E-5	6,2853562716E-5
604	3,1951767105E-5	6,2906512161E-5
605	3,1983489488E-5	6,2956332918E-5
606	3,20174342E-5	6,3010632552E-5
607	3,2050419832E-5	6,3063424683E-5
608	3,2088222951E-5	6,3111830808E-5
609	3,2129172934E-5	6,3157731527E-5
610	3,216787373E-5	6,3202460077E-5
611	3,2206295808E-5	6,3248084246E-5
612	3,2246675621E-5	6,3293676423E-5
613	3,2288703528E-5	6,3340565623E-5
614	3,2326955852E-5	6,3386873684E-5
615	3,2365870339E-5	6,3433997826E-5
616	3,2404128745E-5	6,3479062484E-5
617	3,2441387638E-5	6,3523713764E-5
618	3,2480356782E-5	6,3569029474E-5
619	3,2518812667E-5	6,3613694543E-5
620	3,2556499037E-5	6,3659425447E-5
621	3,2593909639E-5	6,3704383671E-5
622	3,2629791999E-5	6,3750073959E-5
623	3,2666441754E-5	6,3793912759E-5
624	3,2704049063E-5	6,3838284425E-5
625	3,2740784293E-5	6,3880953422E-5
626	3,277566281E-5	6,3927291489E-5
627	3,2811256263E-5	6,3973269624E-5
628	3,2846825723E-5	6,4016895527E-5
629	3,2883627953E-5	6,4059826507E-5
630	3,2915493578E-5	6,4103148386E-5
631	3,294110652E-5	6,4150670695E-5
632	3,296312417E-5	6,419627195E-5
633	3,2983386512E-5	6,4239838629E-5
634	3,3008813505E-5	6,4282443382E-5
635	3,3030052365E-5	6,4328226736E-5
636	3,3049354587E-5	6,4373604537E-5
637	3,3070519128E-5	6,4421071704E-5
638	3,3097187961E-5	6,4468629939E-5
639	3,3127624908E-5	6,4521098815E-5
640	3,3155418238E-5	6,4573891669E-5
641	3,3185637028E-5	6,4623330035E-5
642	3,3217598627E-5	6,467510613E-5
643	3,3248058226E-5	6,4725050495E-5
644	3,3279396574E-5	6,4772967787E-5
645	3,3310308785E-5	6,4821754631E-5
646	3,3338819786E-5	6,4871567602E-5
647	3,3367937841E-5	6,4919299501E-5
648	3,3393483966E-5	6,4962378081E-5
649	3,3430219132E-5	6,5006885724E-5
650	3,3464566649E-5	6,5052392507E-5
651	3,349481539E-5	6,5091964098E-5
652	3,3530246174E-5	6,5136988469E-5
653	3,3566381119E-5	6,5183413181E-5
654	3,3598774681E-5	6,5232548845E-5
655	3,3630716811E-5	6,5278978723E-5
656	3,3664536204E-5	6,5324679584E-5
657	3,3707567648E-5	6,537749951E-5
658	3,3742954159E-5	6,5423510308E-5
659	3,377706472E-5	6,5466257989E-5
660	3,3803588587E-5	6,5513230681E-5
661	3,3831694266E-5	6,5558354938E-5
662	3,3862447762E-5	6,5603872125E-5
663	3,3896411032E-5	6,5644218039E-5
664	3,3929500384E-5	6,5685384318E-5
665	3,3960472618E-5	6,5731091579E-5
666	3,3989389981E-5	6,5775266879E-5
667	3,4022308537E-5	6,5820158574E-5
668	3,4052988647E-5	6,5866606438E-5
669	3,4082673721E-5	6,5913795008E-5
670	3,410403773E-5	6,5949456874E-5
671	3,4132488904E-5	6,5990798405E-5
672	3,4165113091E-5	6,6037564063E-5
673	3,4195513329E-5	6,6076901128E-5
674	3,4226243104E-5	6,611574794E-5
675	3,425639585E-5	6,6155088845E-5
676	3,4286089384E-5	6,6196352992E-5
677	3,431333486E-5	6,6245135403E-5
678	3,4338453499E-5	6,6292131431E-5
679	3,4358815498E-5	6,6335181824E-5
680	3,4382882235E-5	6,6384272551E-5
681	3,4407927818E-5	6,6431772939E-5
682	3,4439171352E-5	6,6473574404E-5
683	3,4471394859E-5	6,6513923121E-5
684	3,4502288932E-5	6,6553457831E-5
685	3,4531137598E-5	6,6593886501E-5
686	3,4561968489E-5	6,6633893314E-5
687	3,4588104848E-5	6,6678958419E-5
688	3,4621894977E-5	6,6721062215E-5
689	3,4657696475E-5	6,676293135E-5
690	3,4692533648E-5	6,6802065072E-5
691	3,47257292E-5	6,6842169007E-5
692	3,4760920778E-5	6,6881880371E-5
693	3,4795736456E-5	6,6921071071E-5
694	3,4829612897E-5	6,696027466E-5
695	3,4856955086E-5	6,6993270445E-5
696	3,4885656267E-5	6,7032086578E-5
697	3,4912287972E-5	6,7075693853E-5
698	3,4939756103E-5	6,7116556359E-5
699	3,4966672215E-5	6,7157686771E-5
700	3,4997444797E-5	6,7204774911E-5
701	3,503499861E-5	6,7255383534E-5
702	3,5073446384E-5	6,7302390967E-5
703	3,5106950854E-5	6,7340227971E-5
704	3,5141307893E-5	6,7386557906E-5
705	3,5178161547E-5	6,7438308814E-5
706	3,5212262243E-5	6,7488190165E-5
707	3,5243292656E-5	6,753953686E-5
708	3,5274732418E-5	6,7583449438E-5
709	3,5308086908E-5	6,7622010632E-5
710	3,5337975849E-5	6,7656806559E-5
711	3,5368365943E-5	6,7693373971E-5
712	3,5399092078E-5	6,7730416678E-5
713	3,5429088451E-5	6,7767221984E-5
714	3,5458141354E-5	6,7803115571E-5
715	3,5485040536E-5	6,7841009308E-5
716	3,5509217845E-5	6,7883823483E-5
717	3,5534781509E-5	6,7931809794E-5
718	3,5563791304E-5	6,7972903505E-5
719	3,5593714869E-5	6,8011840605E-5
720	3,5621164163E-5	6,8048493871E-5
721	3,5645815928E-5	6,8082165641E-5
722	3,5670811219E-5	6,8124586677E-5
723	3,5692998291E-5	6,816734899E-5
724	3,5720410296E-5	6,8217927877E-5
725	3,574942347E-5	6,8259705112E-5
726	3,5779151702E-5	6,8296771541E-5
727	3,5808680434E-5	6,8334295989E-5
728	3,583438493E-5	6,8372739276E-5
729	3,585859213E-5	6,8413586417E-5
730	3,5881301491E-5	6,845588335E-5
731	3,5905136742E-5	6,8501866024E-5
732	3,5931286239E-5	6,854969168E-5
733	3,5955705389E-5	6,8594893554E-5
734	3,5976258767E-5	6,8630613377E-5
735	3,6006389774E-5	6,8677929147E-5
736	3,6033465983E-5	6,8723885703E-5
737	3,605813195E-5	6,8766789976E-5
738	3,6086422153E-5	6,881375478E-5
739	3,6114975829E-5	6,8860571086E-5
740	3,6147448973E-5	6,8910677231E-5
741	3,6178614854E-5	6,8957181743E-5
742	3,6211166593E-5	6,8998175441E-5
743	3,6240720083E-5	6,9035982944E-5
744	3,6269265681E-5	6,9071898164E-5
745	3,6295737246E-5	6,9103540436E-5
746	3,6328323961E-5	6,9150448243E-5
747	3,6357233347E-5	6,9193330614E-5
748	3,6390134601E-5	6,9243937808E-5
749	3,6423895934E-5	6,9296354585E-5
750	3,6455608331E-5	6,9347036605E-5
751	3,6482208293E-5	6,9392227915E-5
752	3,6507024183E-5	6,9435232796E-5
753	3,6535968212E-5	6,9477499814E-5
754	3,6564939585E-5	6,9512719489E-5
755	3,6593662132E-5	6,9553369942E-5
756	3,6616396889E-5	6,9590447365E-5
757	3,6642985108E-5	6,9625261813E-5
758	3,6671886726E-5	6,966107455E-5
759	3,6700132054E-5	6,9694866944E-5
760	3,672449568E-5	6,973044545E-5
761	3,6754360326E-5	6,977180162E-5
762	3,6780513674E-5	6,9812997614E-5
763	3,6809895274E-5	6,9857317114E-5
764	3,6842112633E-5	6,9904905675E-5
765	3,6869979405E-5	6,9935766315E-5
766	3,6897673582E-5	6,9972094453E-5
767	3,6922913623E-5	7,000564835E-5
768	3,6945458875E-5	7,0035815342E-5
769	3,6965605146E-5	7,0063302994E-5
770	3,6988989386E-5	7,0098673565E-5
771	3,7012906067E-5	7,0135883128E-5
772	3,7036602693E-5	7,0179717773E-5
773	3,7061664537E-5	7,0216944589E-5
774	3,7088691084E-5	7,0250460041E-5
775	3,7116862279E-5	7,0283151419E-5
776	3,7144563155E-5	7,0316546323E-5
777	3,7170207576E-5	7,0354172588E-5
778	3,7188253729E-5	7,0389322835E-5
779	3,7214474401E-5	7,0431243608E-5
780	3,724291331E-5	7,0468899198E-5
781	3,7270052575E-5	7,0502874577E-5
782	3,7296313526E-5	7,0535006982E-5
783	3,7322351139E-5	7,0568414127E-5
784	3,7348002222E-5	7,0605879423E-5
785	3,7375416949E-5	7,0644592656E-5
786	3,7397449648E-5	7,0681256785E-5
787	3,7420971686E-5	7,0723268854E-5
788	3,7448737359E-5	7,0761943721E-5
789	3,7476764846E-5	7,0795799005E-5
790	3,7505005419E-5	7,0828221252E-5
791	3,7531862708E-5	7,0861130899E-5
792	3,7556909838E-5	7,0896086162E-5
793	3,7591278818E-5	7,0936103684E-5
794	3,762360697E-5	7,0975527546E-5
795	3,7659142103E-5	7,10160183E-5
796	3,7688710721E-5	7,1050783113E-5
797	3,7718090076E-5	7,1081090746E-5
798	3,7746043984E-5	7,1112355033E-5
799	3,7774393165E-5	7,1145209563E-5
800	3,7801252472E-5	7,1178516223E-5
801	3,7831528287E-5	7,1218890835E-5
802	3,7858407528E-5	7,1253911343E-5
803	3,7877146671E-5	7,1282986925E-5
804	3,7894698853E-5	7,1319272689E-5
805	3,7917440305E-5	7,1355697109E-5
806	3,7945396236E-5	7,1387733716E-5
807	3,7973074253E-5	7,1418450498E-5
808	3,8003228424E-5	7,1456025193E-5
809	3,8030258396E-5	7,1491224544E-5
810	3,8056553968E-5	7,1526889626E-5
811	3,8083622365E-5	7,1559008967E-5
812	3,8111522927E-5	7,1588955766E-5
813	3,8137434298E-5	7,1618160475E-5
814	3,8161736738E-5	7,1647458708E-5
815	3,8187443346E-5	7,167703811E-5
816	3,8213753128E-5	7,1706003004E-5
817	3,8240099531E-5	7,1734400528E-5
818	3,8266736228E-5	7,1763355888E-5
819	3,8292016418E-5	7,1791428061E-5
820	3,8312377513E-5	7,1821211415E-5
821	3,8333607991E-5	7,1849257232E-5
822	3,8355686022E-5	7,1877687345E-5
823	3,8376817248E-5	7,1911325995E-5
824	3,8399979765E-5	7,1943197045E-5
825	3,8423321508E-5	7,1976181169E-5
826	3,8446417146E-5	7,2008294194E-5
827	3,8468023354E-5	7,2039588337E-5
828	3,8492478652E-5	7,2074541034E-5
829	3,8514462798E-5	7,2106783913E-5
830	3,8538942323E-5	7,2138576167E-5
831	3,8563265264E-5	7,2170437317E-5
832	3,8587626394E-5	7,2202438335E-5
833	3,8610412978E-5	7,2234091192E-5
834	3,8632874019E-5	7,2265014074E-5
835	3,8658275495E-5	7,2298752643E-5
836	3,8682166691E-5	7,2329969905E-5
837	3,8705916357E-5	7,2360248628E-5
838	3,8729393972E-5	7,2389759794E-5
839	3,8750940396E-5	7,2420687483E-5
840	3,8771696737E-5	7,2453319041E-5
841	3,8795858664E-5	7,2486803384E-5
842	3,882012418E-5	7,2519290482E-5
843	3,8842966095E-5	7,2551462635E-5
844	3,8863863212E-5	7,2583777569E-5
845	3,888393769E-5	7,2609891268E-5
846	3,890547699E-5	7,263940536E-5
847	3,892778371E-5	7,2669053503E-5
848	3,8950066146E-5	7,2697455381E-5
849	3,8967738501E-5	7,2729011046E-5
850	3,8987116533E-5	7,2764419111E-5
851	3,9007380556E-5	7,2799495905E-5
852	3,9028726977E-5	7,2833627243E-5
853	3,9050534587E-5	7,2865737339E-5
854	3,9070786368E-5	7,2899278371E-5
855	3,9087240912E-5	7,2932619588E-5
856	3,9103397114E-5	7,296930048E-5
857	3,9122106111E-5	7,3002079057E-5
858	3,9137331025E-5	7,3033841406E-5
859	3,9158314159E-5	7,3063620802E-5
860	3,9176233003E-5	7,3094136229E-5
861	3,9197297734E-5	7,3120874247E-5
862	3,9214826895E-5	7,3150583472E-5
863	3,9236377283E-5	7,3179225137E-5
864	3,9257715045E-5	7,3208419893E-5
865	3,9280314483E-5	7,3238692597E-5
866	3,9301500189E-5	7,3267518723E-5
867	3,9320651741E-5	7,329641509E-5
868	3,9341412078E-5	7,3325079741E-5
869	3,9361684883E-5	7,3354449935E-5
870	3,9378899344E-5	7,3383694814E-5
871	3,9398596747E-5	7,3412823324E-5
872	3,9416414924E-5	7,3442940916E-5
873	3,9435805274E-5	7,3471865114E-5
874	3,945375151E-5	7,3502954581E-5
875	3,9472932075E-5	7,3536729668E-5
876	3,9495959436E-5	7,3568913854E-5
877	3,9519090242E-5	7,3599475242E-5
878	3,9541577567E-5	7,3630910491E-5
879	3,9561620467E-5	7,3669263293E-5
880	3,9579466756E-5	7,370044993E-5
881	3,9599642685E-5	7,3729499523E-5
882	3,9620514569E-5	7,3756556777E-5
883	3,9643531939E-5	7,3784853229E-5
884	3,966659151E-5	7,3814079646E-5
885	3,968388223E-5	7,3836410221E-5
886	3,9698867948E-5	7,386441546E-5
887	3,9719787797E-5	7,3891826974E-5
888	3,9738505262E-5	7,3917413723E-5
889	3,9752124869E-5	7,3936170488E-5
890	3,9771498984E-5	7,396277034E-5
891	3,9791707874E-5	7,3990398015E-5
892	3,9809597556E-5	7,4021170214E-5
893	3,9828957887E-5	7,4049195604E-5
894	3,984440974E-5	7,407249325E-5
895	3,9863362407E-5	7,4104207361E-5
896	3,9882645464E-5	7,4136335511E-5
897	3,9901401342E-5	7,4165588676E-5
898	3,9920672747E-5	7,4201047464E-5
899	3,9939084684E-5	7,42312808E-5
900	3,9964345294E-5	7,4266811113E-5
901	3,9985144225E-5	7,4296592483E-5
902	4,0007444317E-5	7,4326714556E-5
903	4,0029748065E-5	7,4358005863E-5
904	4,005067576E-5	7,4386769537E-5
905	4,0069965389E-5	7,4419316275E-5
906	4,0087952107E-5	7,4451939676E-5
907	4,0105974302E-5	7,4482446687E-5
908	4,0124651601E-5	7,451169184E-5
909	4,0143000106E-5	7,4542182433E-5
910	4,0163878305E-5	7,4568062422E-5
911	4,0184545091E-5	7,4599425625E-5
912	4,0203805818E-5	7,4626891646E-5
913	4,0220866607E-5	7,4657169132E-5
914	4,0240316592E-5	7,4684503777E-5
915	4,0259881295E-5	7,4711080392E-5
916	4,0278240698E-5	7,4741529315E-5
917	4,0296936594E-5	7,4770234624E-5
918	4,0316986258E-5	7,4793610157E-5
919	4,0335165058E-5	7,4818478254E-5
920	4,0353093655E-5	7,4844190902E-5
921	4,0371092012E-5	7,4869239828E-5
922	4,0388900701E-5	7,4894256037E-5
923	4,0406875515E-5	7,4919062135E-5
924	4,0427678014E-5	7,4941084246E-5
925	4,0445471528E-5	7,4966116278E-5
926	4,0462355813E-5	7,499213531E-5
927	4,0481367256E-5	7,5015155677E-5
928	4,0498166533E-5	7,504072421E-5
929	4,0517637808E-5	7,5063064004E-5
930	4,0535512064E-5	7,508717746E-5
931	4,0554911712E-5	7,5109369355E-5
932	4,0572467101E-5	7,5133209598E-5
933	4,0589831165E-5	7,5157251914E-5
934	4,0609187243E-5	7,5179333589E-5
935	4,0625917857E-5	7,5204044072E-5
936	4,064160136E-5	7,5229472937E-5
937	4,065765489E-5	7,5254736224E-5
938	4,0672833623E-5	7,5280636352E-5
939	4,0692020662E-5	7,5302418719E-5
940	4,0706228297E-5	7,5329479669E-5
941	4,072205567E-5	7,5354629443E-5
942	4,0738959666E-5	7,537869173E-5
943	4,0755953566E-5	7,5401178388E-5
944	4,077348819E-5	7,5424001235E-5
945	4,0792888967E-5	7,5444447651E-5
946	4,0808882008E-5	7,5468695735E-5
947	4,0825423889E-5	7,5492624167E-5
948	4,083991448E-5	7,5518579492E-5
949	4,0851995678E-5	7,5547124778E-5
950	4,0865082456E-5	7,5574972541E-5
951	4,0881346466E-5	7,5598669559E-5
952	4,0898311114E-5	7,562155662E-5
953	4,0914848126E-5	7,5645279436E-5
954	4,0931235223E-5	7,5668735672E-5
955	4,0947679055E-5	7,5691424142E-5
956	4,0963708236E-5	7,5715268724E-5
957	4,0976851547E-5	7,5741775574E-5
958	4,0995289982E-5	7,5762593394E-5
959	4,1011373817E-5	7,5785781083E-5
960	4,1025381397E-5	7,5810913883E-5
961	4,1039401896E-5	7,5835151874E-5
962	4,1058175215E-5	7,5855381294E-5
963	4,1078959132E-5	7,5875815158E-5
964	4,109475398E-5	7,5900132183E-5
965	4,1111001153E-5	7,5922709711E-5
966	4,1126416109E-5	7,5945596653E-5
967	4,1141118411E-5	7,5969339698E-5
968	4,1157936912E-5	7,5991039973E-5
969	4,1177296301E-5	7,6012484047E-5
970	4,1194224005E-5	7,6031222941E-5
971	4,1214695915E-5	7,6055963546E-5
972	4,122973062E-5	7,6081999603E-5
973	4,125060542E-5	7,6107701733E-5
974	4,1267138374E-5	7,6132470149E-5
975	4,1282474219E-5	7,6156846719E-5
976	4,1300691733E-5	7,6177318977E-5
977	4,1319259405E-5	7,6196719985E-5
978	4,1338309661E-5	7,6216814524E-5
979	4,1356242033E-5	7,6236962303E-5
980	4,1377118427E-5	7,6260186852E-5
981	4,1391252354E-5	7,6286224283E-5
982	4,1415952246E-5	7,631818912E-5
983	4,1427743534E-5	7,6343497659E-5
984	4,1454469869E-5	7,637474615E-5
985	4,1484120258E-5	7,6405839383E-5
986	4,1504105006E-5	7,6431430477E-5
987	4,152298479E-5	7,6454876162E-5
988	4,1543795051E-5	7,6479223461E-5
989	4,1564464653E-5	7,6505187959E-5
990	4,1585777479E-5	7,653922985E-5
991	4,160371142E-5	7,6569196754E-5
992	4,1624616865E-5	7,6595883321E-5
993	4,1641770125E-5	7,6620318307E-5
994	4,165985608E-5	7,6648725496E-5
995	4,1674491172E-5	7,6671470974E-5
996	4,169762685E-5	7,6698080567E-5
997	4,1715235862E-5	7,6722557398E-5
998	4,1733272515E-5	7,6749006267E-5
999	4,1747105147E-5	7,6768178713E-5
1000	4,1754138435E-5	7,6783862196E-5
