0 6 5 iAF1260.cmd 1E-8
0 6 5 iJN1463.cmd 1E-8
0 5 13 iAF1260.cmd 1E-8
0 5 13 iJN1463.cmd 1E-8
0 8 8 iAF1260.cmd 1E-8
0 8 8 iJN1463.cmd 1E-8
0 10 13 iAF1260.cmd 1E-8
0 10 13 iJN1463.cmd 1E-8
0 14 7 iAF1260.cmd 1E-8
0 14 7 iJN1463.cmd 1E-8
0 1 12 iAF1260.cmd 1E-8
0 1 12 iJN1463.cmd 1E-8
0 3 4 iAF1260.cmd 1E-8
0 3 4 iJN1463.cmd 1E-8
0 5 10 iAF1260.cmd 1E-8
0 5 10 iJN1463.cmd 1E-8
0 2 7 iAF1260.cmd 1E-8
0 2 7 iJN1463.cmd 1E-8
0 9 9 iAF1260.cmd 1E-8
0 9 9 iJN1463.cmd 1E-8
0 9 10 iAF1260.cmd 1E-8
0 9 10 iJN1463.cmd 1E-8
0 6 13 iAF1260.cmd 1E-8
0 6 13 iJN1463.cmd 1E-8
0 2 5 iAF1260.cmd 1E-8
0 2 5 iJN1463.cmd 1E-8
0 14 14 iAF1260.cmd 1E-8
0 14 14 iJN1463.cmd 1E-8
0 11 4 iAF1260.cmd 1E-8
0 11 4 iJN1463.cmd 1E-8
500 6 5 iAF1260.cmd 2,6329666527E-7
500 6 5 iJN1463.cmd 3,0111880303E-7
500 5 13 iAF1260.cmd 3,2965026313E-7
500 5 13 iJN1463.cmd 3,7264045938E-7
500 8 8 iAF1260.cmd 1,7562947941E-7
500 8 8 iJN1463.cmd 2,1877356702E-7
500 10 13 iAF1260.cmd 1,06649548E-7
500 10 13 iJN1463.cmd 1,2964117107E-7
500 14 7 iAF1260.cmd 1,1932545568E-7
500 14 7 iJN1463.cmd 1,8668728465E-7
500 1 12 iAF1260.cmd 5,2707465923E-7
500 1 12 iJN1463.cmd 5,8992794738E-7
500 3 4 iAF1260.cmd 6,5504866338E-7
500 3 4 iJN1463.cmd 7,298516542E-7
500 5 10 iAF1260.cmd 3,4271625546E-7
500 5 10 iJN1463.cmd 3,8101944307E-7
500 2 7 iAF1260.cmd 8,5130983723E-7
500 2 7 iJN1463.cmd 9,6137334227E-7
500 9 9 iAF1260.cmd 1,9239656958E-7
500 9 9 iJN1463.cmd 2,491704317E-7
500 9 10 iAF1260.cmd 2,017662955E-7
500 9 10 iJN1463.cmd 2,6684768024E-7
500 6 13 iAF1260.cmd 2,7204500436E-7
500 6 13 iJN1463.cmd 3,0965843507E-7
500 2 5 iAF1260.cmd 8,0284586334E-7
500 2 5 iJN1463.cmd 8,998184621E-7
500 14 14 iAF1260.cmd 2,2933941951E-8
500 14 14 iJN1463.cmd 1,8061510141E-8
500 11 4 iAF1260.cmd 1,0226677966E-7
500 11 4 iJN1463.cmd 1,317945294E-7
500 0 12 iAF1260.cmd 2,6319548424E-7
500 0 12 iJN1463.cmd 3,0807418429E-7
500 1 5 iAF1260.cmd 6,6378502592E-7
500 1 5 iJN1463.cmd 7,5242782441E-7
500 1 7 iAF1260.cmd 6,970013654E-7
500 1 7 iJN1463.cmd 7,9540219421E-7
500 1 11 iAF1260.cmd 5,5236622311E-7
500 1 11 iJN1463.cmd 6,2459420125E-7
500 1 13 iAF1260.cmd 4,2886039767E-7
500 1 13 iJN1463.cmd 4,8050034841E-7
500 2 4 iAF1260.cmd 7,3069599143E-7
500 2 4 iJN1463.cmd 8,1821315094E-7
500 2 6 iAF1260.cmd 7,7780965254E-7
500 2 6 iJN1463.cmd 8,7440790991E-7
500 2 8 iAF1260.cmd 8,432182161E-7
500 2 8 iJN1463.cmd 9,5969040124E-7
500 2 12 iAF1260.cmd 5,6256171471E-7
500 2 12 iJN1463.cmd 6,2226111634E-7
500 3 3 iAF1260.cmd 5,7491630806E-7
500 3 3 iJN1463.cmd 6,4501080904E-7
500 4 4 iAF1260.cmd 5,2292370836E-7
500 4 4 iJN1463.cmd 5,8218413835E-7
500 4 10 iAF1260.cmd 4,0950128288E-7
500 4 10 iJN1463.cmd 4,5250587564E-7
500 4 13 iAF1260.cmd 3,7234126016E-7
500 4 13 iJN1463.cmd 4,1632144311E-7
500 5 5 iAF1260.cmd 3,2341553351E-7
500 5 5 iJN1463.cmd 3,6569485475E-7
500 5 9 iAF1260.cmd 2,7388774804E-7
500 5 9 iJN1463.cmd 3,0792029807E-7
500 5 11 iAF1260.cmd 3,6937916845E-7
500 5 11 iJN1463.cmd 4,0912979336E-7
500 5 12 iAF1260.cmd 3,7455903217E-7
500 5 12 iJN1463.cmd 4,1653704747E-7
500 5 14 iAF1260.cmd 1,8503235605E-7
500 5 14 iJN1463.cmd 2,2423839964E-7
500 6 6 iAF1260.cmd 2,4716168451E-7
500 6 6 iJN1463.cmd 2,826867749E-7
500 6 10 iAF1260.cmd 3,0161552381E-7
500 6 10 iJN1463.cmd 3,3620912688E-7
500 6 12 iAF1260.cmd 3,0717979294E-7
500 6 12 iJN1463.cmd 3,4280391277E-7
500 6 14 iAF1260.cmd 1,5967211155E-7
500 6 14 iJN1463.cmd 1,9582493332E-7
500 7 5 iAF1260.cmd 1,7792223731E-7
500 7 5 iJN1463.cmd 2,0404823014E-7
500 7 8 iAF1260.cmd 1,7533117571E-7
500 7 8 iJN1463.cmd 2,1223031649E-7
500 7 13 iAF1260.cmd 2,0433212645E-7
500 7 13 iJN1463.cmd 2,3248992638E-7
500 8 7 iAF1260.cmd 1,3020026724E-7
500 8 7 iJN1463.cmd 1,5620004591E-7
500 8 9 iAF1260.cmd 2,0090198217E-7
500 8 9 iJN1463.cmd 2,563673367E-7
500 8 10 iAF1260.cmd 2,1125010591E-7
500 8 10 iJN1463.cmd 2,7967068693E-7
500 9 11 iAF1260.cmd 1,6436706298E-7
500 9 11 iJN1463.cmd 2,0639270223E-7
500 9 13 iAF1260.cmd 1,2393608566E-7
500 9 13 iJN1463.cmd 1,4691414591E-7
500 10 4 iAF1260.cmd 9,3623728198E-8
500 10 4 iJN1463.cmd 1,1488273327E-7
500 10 9 iAF1260.cmd 1,0949131463E-7
500 10 9 iJN1463.cmd 1,422429931E-7
500 10 12 iAF1260.cmd 1,3301155188E-7
500 10 12 iJN1463.cmd 1,6022519975E-7
500 10 14 iAF1260.cmd 6,958887107E-8
500 10 14 iJN1463.cmd 9,1255450794E-8
500 11 3 iAF1260.cmd 8,6781054016E-8
500 11 3 iJN1463.cmd 1,088667931E-7
500 11 13 iAF1260.cmd 7,459993808E-8
500 11 13 iJN1463.cmd 9,0814182709E-8
500 12 4 iAF1260.cmd 7,149693495E-8
500 12 4 iJN1463.cmd 9,2802092365E-8
500 13 14 iAF1260.cmd 2,3793243763E-8
500 13 14 iJN1463.cmd 2,2902856107E-8
500 14 6 iAF1260.cmd 8,5515736113E-8
500 14 6 iJN1463.cmd 1,2923413552E-7
500 14 8 iAF1260.cmd 8,2108271878E-8
500 14 8 iJN1463.cmd 1,2506969776E-7
500 14 13 iAF1260.cmd 2,6583476989E-8
500 14 13 iJN1463.cmd 2,3104644603E-8
500 1 6 iAF1260.cmd 6,7691550493E-7
500 1 6 iJN1463.cmd 7,6887412138E-7
500 1 4 iAF1260.cmd 6,0905285646E-7
500 1 4 iJN1463.cmd 6,9297206591E-7
500 2 3 iAF1260.cmd 6,6106174999E-7
500 2 3 iJN1463.cmd 7,4331508023E-7
500 6 11 iAF1260.cmd 3,0849666354E-7
500 6 11 iJN1463.cmd 3,4200494141E-7
500 7 9 iAF1260.cmd 2,0415975711E-7
500 7 9 iJN1463.cmd 2,4462777976E-7
500 9 12 iAF1260.cmd 1,4808944203E-7
500 9 12 iJN1463.cmd 1,7606994241E-7
500 0 11 iAF1260.cmd 2,732412696E-7
500 0 11 iJN1463.cmd 3,2294155143E-7
500 0 13 iAF1260.cmd 2,0821847411E-7
500 0 13 iJN1463.cmd 2,434027215E-7
500 1 8 iAF1260.cmd 6,7817095348E-7
500 1 8 iJN1463.cmd 7,8019152272E-7
500 3 6 iAF1260.cmd 5,8808995043E-7
500 3 6 iJN1463.cmd 6,6122934587E-7
500 4 3 iAF1260.cmd 4,5373245646E-7
500 4 3 iJN1463.cmd 5,1029757627E-7
500 4 11 iAF1260.cmd 4,3056834921E-7
500 4 11 iJN1463.cmd 4,751470016E-7
500 4 12 iAF1260.cmd 4,3255227315E-7
500 4 12 iJN1463.cmd 4,781649451E-7
500 5 4 iAF1260.cmd 3,9484701227E-7
500 5 4 iJN1463.cmd 4,4207252477E-7
500 5 6 iAF1260.cmd 2,9026840927E-7
500 5 6 iJN1463.cmd 3,3005602265E-7
500 6 9 iAF1260.cmd 2,5369194544E-7
500 6 9 iJN1463.cmd 2,8773734036E-7
500 7 6 iAF1260.cmd 1,7343316091E-7
500 7 6 iJN1463.cmd 1,9978733634E-7
500 7 12 iAF1260.cmd 2,3556015788E-7
500 7 12 iJN1463.cmd 2,628006439E-7
500 10 11 iAF1260.cmd 1,4082005768E-7
500 10 11 iJN1463.cmd 1,7233981347E-7
500 2 11 iAF1260.cmd 5,8234795841E-7
500 2 11 iJN1463.cmd 6,4606050444E-7
500 2 13 iAF1260.cmd 4,6161054882E-7
500 2 13 iJN1463.cmd 5,1289606814E-7
500 7 7 iAF1260.cmd 1,5410537058E-7
500 7 7 iJN1463.cmd 1,8224373105E-7
500 8 13 iAF1260.cmd 1,5057460686E-7
500 8 13 iJN1463.cmd 1,7279169246E-7
500 10 3 iAF1260.cmd 8,6278994758E-8
500 10 3 iJN1463.cmd 1,058943102E-7
500 12 3 iAF1260.cmd 6,3952098591E-8
500 12 3 iJN1463.cmd 8,0599081939E-8
500 4 14 iAF1260.cmd 1,9271874203E-7
500 4 14 iJN1463.cmd 2,2858181735E-7
500 7 14 iAF1260.cmd 1,2012557091E-7
500 7 14 iJN1463.cmd 1,4723442897E-7
500 11 14 iAF1260.cmd 5,2366072162E-8
500 11 14 iJN1463.cmd 6,8183566137E-8
500 9 14 iAF1260.cmd 7,6481368239E-8
500 9 14 iJN1463.cmd 9,7530350163E-8
500 0 5 iAF1260.cmd 3,3214587512E-7
500 0 5 iJN1463.cmd 3,882599776E-7
500 0 7 iAF1260.cmd 3,4284381847E-7
500 0 7 iJN1463.cmd 4,0298988592E-7
500 2 9 iAF1260.cmd 8,0801109727E-7
500 2 9 iJN1463.cmd 9,274726592E-7
500 3 2 iAF1260.cmd 4,4240620994E-7
500 3 2 iJN1463.cmd 5,1051093267E-7
500 7 4 iAF1260.cmd 1,3477863126E-7
500 7 4 iJN1463.cmd 1,5597482462E-7
500 8 5 iAF1260.cmd 1,3215981732E-7
500 8 5 iJN1463.cmd 1,5135243592E-7
500 8 6 iAF1260.cmd 1,2226284526E-7
500 8 6 iJN1463.cmd 1,4169288373E-7
500 10 8 iAF1260.cmd 6,1094450034E-8
500 10 8 iJN1463.cmd 7,8666861796E-8
500 11 9 iAF1260.cmd 5,551105297E-8
500 11 9 iJN1463.cmd 7,2654490537E-8
500 13 6 iAF1260.cmd 5,4901285644E-8
500 13 6 iJN1463.cmd 7,7793828758E-8
500 13 8 iAF1260.cmd 5,5173651777E-8
500 13 8 iJN1463.cmd 8,0626490245E-8
500 14 5 iAF1260.cmd 5,5925142708E-8
500 14 5 iJN1463.cmd 7,9446656232E-8
500 14 9 iAF1260.cmd 4,4980277463E-8
500 14 9 iJN1463.cmd 6,4390259797E-8
500 1 10 iAF1260.cmd 5,6909088458E-7
500 1 10 iJN1463.cmd 6,5705781495E-7
500 3 10 iAF1260.cmd 4,4631808404E-7
500 3 10 iJN1463.cmd 4,9245249041E-7
500 3 12 iAF1260.cmd 4,9751182335E-7
500 3 12 iJN1463.cmd 5,4903520151E-7
500 3 13 iAF1260.cmd 4,1835425936E-7
500 3 13 iJN1463.cmd 4,6508443177E-7
500 5 8 iAF1260.cmd 2,3186051313E-7
500 5 8 iJN1463.cmd 2,6451212506E-7
500 9 4 iAF1260.cmd 9,7896340618E-8
500 9 4 iJN1463.cmd 1,1524610884E-7
500 9 7 iAF1260.cmd 7,6142220102E-8
500 9 7 iJN1463.cmd 9,0414968744E-8
500 10 5 iAF1260.cmd 6,6826779817E-8
500 10 5 iJN1463.cmd 8,1309730857E-8
500 11 2 iAF1260.cmd 6,7385197765E-8
500 11 2 iJN1463.cmd 8,2437657341E-8
500 12 5 iAF1260.cmd 5,0552427962E-8
500 12 5 iJN1463.cmd 6,5913539848E-8
500 12 13 iAF1260.cmd 4,2518386029E-8
500 12 13 iJN1463.cmd 4,8621162023E-8
500 13 4 iAF1260.cmd 4,8241576011E-8
500 13 4 iJN1463.cmd 6,2744650888E-8
500 1 14 iAF1260.cmd 1,9151242906E-7
500 1 14 iJN1463.cmd 2,2235790839E-7
500 13 13 iAF1260.cmd 2,9216958315E-8
500 13 13 iJN1463.cmd 2,9012022435E-8
500 14 12 iAF1260.cmd 2,1517435322E-8
500 14 12 iJN1463.cmd 2,0191346367E-8
500 1 3 iAF1260.cmd 5,2954496624E-7
500 1 3 iJN1463.cmd 6,1312258593E-7
500 8 12 iAF1260.cmd 1,740865325E-7
500 8 12 iJN1463.cmd 1,972812942E-7
500 0 6 iAF1260.cmd 3,4270673234E-7
500 0 6 iJN1463.cmd 4,0076754376E-7
500 3 11 iAF1260.cmd 4,9618709866E-7
500 3 11 iJN1463.cmd 5,4767325218E-7
500 7 11 iAF1260.cmd 2,5616404086E-7
500 7 11 iJN1463.cmd 2,8283213589E-7
500 5 3 iAF1260.cmd 3,2310025317E-7
500 5 3 iJN1463.cmd 3,6800515475E-7
500 4 6 iAF1260.cmd 3,6522745044E-7
500 4 6 iJN1463.cmd 4,1449725037E-7
500 0 4 iAF1260.cmd 2,9644015646E-7
500 0 4 iJN1463.cmd 3,4919379413E-7
500 1 9 iAF1260.cmd 6,3609109454E-7
500 1 9 iJN1463.cmd 7,3718856871E-7
500 13 5 iAF1260.cmd 4,9584271675E-8
500 13 5 iJN1463.cmd 6,6964128709E-8
500 8 14 iAF1260.cmd 8,8958710556E-8
500 8 14 iJN1463.cmd 1,0980474181E-7
500 12 14 iAF1260.cmd 3,2768005805E-8
500 12 14 iJN1463.cmd 3,9199096498E-8
500 4 2 iAF1260.cmd 3,6274808954E-7
500 4 2 iJN1463.cmd 4,2044169625E-7
500 5 7 iAF1260.cmd 2,4320275332E-7
500 5 7 iJN1463.cmd 2,7826867489E-7
500 10 2 iAF1260.cmd 6,7140804702E-8
500 10 2 iJN1463.cmd 8,1886845445E-8
500 12 2 iAF1260.cmd 5,0095386282E-8
500 12 2 iJN1463.cmd 6,1036521867E-8
500 0 8 iAF1260.cmd 3,2140668564E-7
500 0 8 iJN1463.cmd 3,8175842481E-7
500 8 4 iAF1260.cmd 1,1066902199E-7
500 8 4 iJN1463.cmd 1,2841905066E-7
500 13 3 iAF1260.cmd 3,873926112E-8
500 13 3 iJN1463.cmd 4,8824088832E-8
500 2 14 iAF1260.cmd 2,1155343904E-7
500 2 14 iJN1463.cmd 2,4486586049E-7
500 0 10 iAF1260.cmd 2,7305806806E-7
500 0 10 iJN1463.cmd 3,2768525349E-7
500 3 14 iAF1260.cmd 2,0073419622E-7
500 3 14 iJN1463.cmd 2,3415762057E-7
500 9 6 iAF1260.cmd 7,2731696523E-8
500 9 6 iJN1463.cmd 8,4634713053E-8
500 10 7 iAF1260.cmd 4,7709750248E-8
500 10 7 iJN1463.cmd 5,8071622368E-8
500 11 8 iAF1260.cmd 4,139158137E-8
500 11 8 iJN1463.cmd 5,3141350916E-8
500 12 6 iAF1260.cmd 3,5377237461E-8
500 12 6 iJN1463.cmd 4,6137853012E-8
500 13 9 iAF1260.cmd 3,3064885832E-8
500 13 9 iJN1463.cmd 4,5613889134E-8
500 14 4 iAF1260.cmd 3,8549560101E-8
500 14 4 iJN1463.cmd 5,1189028091E-8
500 0 14 iAF1260.cmd 1,1749498745E-7
500 0 14 iJN1463.cmd 1,4034628661E-7
500 3 1 iAF1260.cmd 3,5274309383E-7
500 3 1 iJN1463.cmd 4,3609507717E-7
500 10 6 iAF1260.cmd 4,8218955751E-8
500 10 6 iJN1463.cmd 5,7388804328E-8
500 12 9 iAF1260.cmd 2,8405071672E-8
500 12 9 iJN1463.cmd 3,7527793433E-8
500 14 10 iAF1260.cmd 2,245226217E-8
500 14 10 iJN1463.cmd 2,9355393542E-8
500 4 8 iAF1260.cmd 2,1477828157E-7
500 4 8 iJN1463.cmd 2,4860875998E-7
500 7 3 iAF1260.cmd 1,2623710693E-7
500 7 3 iJN1463.cmd 1,509617349E-7
500 13 12 iAF1260.cmd 2,27485457E-8
500 13 12 iJN1463.cmd 2,3011490503E-8
500 12 12 iAF1260.cmd 2,9778102799E-8
500 12 12 iJN1463.cmd 3,2483108962E-8
500 0 3 iAF1260.cmd 2,4122968719E-7
500 0 3 iJN1463.cmd 2,9188629809E-7
500 4 7 iAF1260.cmd 2,5390651848E-7
500 4 7 iJN1463.cmd 2,9209140437E-7
500 1 2 iAF1260.cmd 4,1063547757E-7
500 1 2 iJN1463.cmd 5,0279291894E-7
500 5 2 iAF1260.cmd 2,5897381766E-7
500 5 2 iJN1463.cmd 3,058763035E-7
500 0 9 iAF1260.cmd 2,9270205024E-7
500 0 9 iJN1463.cmd 3,5164729787E-7
500 6 3 iAF1260.cmd 1,9462358749E-7
500 6 3 iJN1463.cmd 2,2911605455E-7
500 13 2 iAF1260.cmd 2,5320202571E-8
500 13 2 iJN1463.cmd 3,1464401361E-8
500 14 3 iAF1260.cmd 2,57739162E-8
500 14 3 iJN1463.cmd 3,2864486138E-8
500 4 1 iAF1260.cmd 2,9105855182E-7
500 4 1 iJN1463.cmd 3,5677894267E-7
500 8 3 iAF1260.cmd 9,5177970523E-8
500 8 3 iJN1463.cmd 1,1470791251E-7
500 11 7 iAF1260.cmd 2,9275556937E-8
500 11 7 iJN1463.cmd 3,6301699772E-8
500 9 2 iAF1260.cmd 5,5599882403E-8
500 9 2 iJN1463.cmd 7,1568684218E-8
500 11 6 iAF1260.cmd 2,9763292178E-8
500 11 6 iJN1463.cmd 3,6507434387E-8
500 14 11 iAF1260.cmd 1,691985482E-8
500 14 11 iJN1463.cmd 1,8436208304E-8
500 13 10 iAF1260.cmd 1,7771246768E-8
500 13 10 iJN1463.cmd 2,2909282977E-8
500 12 7 iAF1260.cmd 2,1813332037E-8
500 12 7 iJN1463.cmd 2,7660919392E-8
500 2 1 iAF1260.cmd 3,508055931E-7
500 2 1 iJN1463.cmd 4,5730878616E-7
500 3 0 iAF1260.cmd 3,0781917813E-7
500 3 0 iJN1463.cmd 3,9995905539E-7
500 0 2 iAF1260.cmd 1,7450788632E-7
500 0 2 iJN1463.cmd 2,2629613133E-7
500 6 2 iAF1260.cmd 1,6475010132E-7
500 6 2 iJN1463.cmd 2,0168610714E-7
500 7 2 iAF1260.cmd 1,0462937432E-7
500 7 2 iJN1463.cmd 1,3229990377E-7
500 5 1 iAF1260.cmd 2,0778359709E-7
500 5 1 iJN1463.cmd 2,5990333893E-7
500 1 1 iAF1260.cmd 3,2905184373E-7
500 1 1 iJN1463.cmd 4,3026135644E-7
500 14 2 iAF1260.cmd 1,4857132947E-8
500 14 2 iJN1463.cmd 1,9223838871E-8
500 8 2 iAF1260.cmd 7,2072309399E-8
500 8 2 iJN1463.cmd 9,2731342292E-8
500 4 0 iAF1260.cmd 2,5040701826E-7
500 4 0 iJN1463.cmd 3,2279086004E-7
500 12 10 iAF1260.cmd 1,4981371164E-8
500 12 10 iJN1463.cmd 1,9625954834E-8
500 13 1 iAF1260.cmd 8,4355314082E-9
500 13 1 iJN1463.cmd 1,1644319276E-8
500 2 0 iAF1260.cmd 3,2203863932E-7
500 2 0 iJN1463.cmd 4,3461558462E-7
500 9 1 iAF1260.cmd 4,0775620319E-8
500 9 1 iJN1463.cmd 5,8459931141E-8
500 13 11 iAF1260.cmd 1,5636895384E-8
500 13 11 iJN1463.cmd 1,7203047097E-8
500 6 1 iAF1260.cmd 1,3324803682E-7
500 6 1 iJN1463.cmd 1,7394009414E-7
500 5 0 iAF1260.cmd 1,7716538088E-7
500 5 0 iJN1463.cmd 2,3401923723E-7
500 0 1 iAF1260.cmd 1,2283557417E-7
500 0 1 iJN1463.cmd 1,7602763417E-7
500 1 0 iAF1260.cmd 2,851363669E-7
500 1 0 iJN1463.cmd 3,9342555962E-7
500 7 1 iAF1260.cmd 8,2584805326E-8
500 7 1 iJN1463.cmd 1,1343180463E-7
500 8 1 iAF1260.cmd 5,3894993546E-8
500 8 1 iJN1463.cmd 7,6834531418E-8
500 6 0 iAF1260.cmd 1,1238029044E-7
500 6 0 iJN1463.cmd 1,5661829678E-7
500 14 1 iAF1260.cmd 5,7280937458E-9
500 14 1 iJN1463.cmd 8,4132449656E-9
500 0 0 iAF1260.cmd 9,436113257E-8
500 0 0 iJN1463.cmd 1,4880785623E-7
500 9 0 iAF1260.cmd 2,5652103362E-8
500 9 0 iJN1463.cmd 4,3978381418E-8
500 7 0 iAF1260.cmd 6,7332641032E-8
500 7 0 iJN1463.cmd 1,0116848675E-7
500 8 0 iAF1260.cmd 4,087227431E-8
500 8 0 iJN1463.cmd 6,6102626306E-8
500 10 0 iAF1260.cmd 8,657340569E-9
500 10 0 iJN1463.cmd 2,228083134E-8
500 11 0 iAF1260.cmd 0E0
500 11 0 iJN1463.cmd 1,0135237802E-8
500 13 0 iAF1260.cmd 0E0
500 13 0 iJN1463.cmd 3,2222533477E-9
500 14 0 iAF1260.cmd 0E0
500 14 0 iJN1463.cmd 1,5864211462E-9
500 12 0 iAF1260.cmd 0E0
500 12 0 iJN1463.cmd 2,147579401E-9
1000 6 5 iAF1260.cmd 2,9723694264E-7
1000 6 5 iJN1463.cmd 2,9598098834E-7
1000 5 13 iAF1260.cmd 4,1798763935E-7
1000 5 13 iJN1463.cmd 4,1824047505E-7
1000 8 8 iAF1260.cmd 1,9659875606E-7
1000 8 8 iJN1463.cmd 2,0635777668E-7
1000 10 13 iAF1260.cmd 1,3044973656E-7
1000 10 13 iJN1463.cmd 1,3658736612E-7
1000 14 7 iAF1260.cmd 7,1875729074E-8
1000 14 7 iJN1463.cmd 1,0372582306E-7
1000 1 12 iAF1260.cmd 6,0859855646E-7
1000 1 12 iJN1463.cmd 6,1676859121E-7
1000 3 4 iAF1260.cmd 6,7684396424E-7
1000 3 4 iJN1463.cmd 6,7735547661E-7
1000 5 10 iAF1260.cmd 4,6187068744E-7
1000 5 10 iJN1463.cmd 4,4497138956E-7
1000 2 7 iAF1260.cmd 8,5678711364E-7
1000 2 7 iJN1463.cmd 8,6165996316E-7
1000 9 9 iAF1260.cmd 1,7978249672E-7
1000 9 9 iJN1463.cmd 1,9549738487E-7
1000 9 10 iAF1260.cmd 2,0085504367E-7
1000 9 10 iJN1463.cmd 2,1667158345E-7
1000 6 13 iAF1260.cmd 3,4627003429E-7
1000 6 13 iJN1463.cmd 3,4736760252E-7
1000 2 5 iAF1260.cmd 7,8618802768E-7
1000 2 5 iJN1463.cmd 7,9037782901E-7
1000 14 14 iAF1260.cmd 3,2139721348E-8
1000 14 14 iJN1463.cmd 3,1621751867E-8
1000 11 4 iAF1260.cmd 7,813503662E-8
1000 11 4 iJN1463.cmd 9,0206918591E-8
1000 0 12 iAF1260.cmd 4,7494574544E-7
1000 0 12 iJN1463.cmd 5,1533826623E-7
1000 1 5 iAF1260.cmd 7,1569093275E-7
1000 1 5 iJN1463.cmd 7,3278584929E-7
1000 1 7 iAF1260.cmd 7,70562192E-7
1000 1 7 iJN1463.cmd 7,8754762569E-7
1000 1 11 iAF1260.cmd 6,5705552762E-7
1000 1 11 iJN1463.cmd 6,6553336185E-7
1000 1 13 iAF1260.cmd 5,1966077422E-7
1000 1 13 iJN1463.cmd 5,3436389771E-7
1000 2 4 iAF1260.cmd 7,3398126887E-7
1000 2 4 iJN1463.cmd 7,3869891798E-7
1000 2 6 iAF1260.cmd 7,8933069676E-7
1000 2 6 iJN1463.cmd 7,9244624444E-7
1000 2 8 iAF1260.cmd 8,857138605E-7
1000 2 8 iJN1463.cmd 8,900352759E-7
1000 2 12 iAF1260.cmd 6,5522395132E-7
1000 2 12 iJN1463.cmd 6,4829053298E-7
1000 3 3 iAF1260.cmd 6,3208207973E-7
1000 3 3 iJN1463.cmd 6,3774373096E-7
1000 4 4 iAF1260.cmd 5,7682860982E-7
1000 4 4 iJN1463.cmd 5,7677720638E-7
1000 4 10 iAF1260.cmd 5,6420267916E-7
1000 4 10 iJN1463.cmd 5,4260197035E-7
1000 4 13 iAF1260.cmd 4,8778992844E-7
1000 4 13 iJN1463.cmd 4,875571088E-7
1000 5 5 iAF1260.cmd 3,8363191426E-7
1000 5 5 iJN1463.cmd 3,7970680705E-7
1000 5 9 iAF1260.cmd 3,7999765059E-7
1000 5 9 iJN1463.cmd 3,7027096873E-7
1000 5 11 iAF1260.cmd 4,88949288E-7
1000 5 11 iJN1463.cmd 4,7173302509E-7
1000 5 12 iAF1260.cmd 4,7434503641E-7
1000 5 12 iJN1463.cmd 4,6225658559E-7
1000 5 14 iAF1260.cmd 3,2714530288E-7
1000 5 14 iJN1463.cmd 3,5168290933E-7
1000 6 6 iAF1260.cmd 2,9503803547E-7
1000 6 6 iJN1463.cmd 2,9398551076E-7
1000 6 10 iAF1260.cmd 4,0822131351E-7
1000 6 10 iJN1463.cmd 3,9400576791E-7
1000 6 12 iAF1260.cmd 3,9597672089E-7
1000 6 12 iJN1463.cmd 3,8617035899E-7
1000 6 14 iAF1260.cmd 2,738555787E-7
1000 6 14 iJN1463.cmd 2,9587565389E-7
1000 7 5 iAF1260.cmd 2,1532291384E-7
1000 7 5 iJN1463.cmd 2,171910004E-7
1000 7 8 iAF1260.cmd 2,1429004926E-7
1000 7 8 iJN1463.cmd 2,2090508194E-7
1000 7 13 iAF1260.cmd 2,7805804395E-7
1000 7 13 iJN1463.cmd 2,8026460076E-7
1000 8 7 iAF1260.cmd 1,6425571452E-7
1000 8 7 iJN1463.cmd 1,7095925186E-7
1000 8 9 iAF1260.cmd 2,1424931317E-7
1000 8 9 iJN1463.cmd 2,2702711231E-7
1000 8 10 iAF1260.cmd 2,1541194628E-7
1000 8 10 iJN1463.cmd 2,3359122011E-7
1000 9 11 iAF1260.cmd 1,9066358341E-7
1000 9 11 iJN1463.cmd 2,0084659659E-7
1000 9 13 iAF1260.cmd 1,6718398289E-7
1000 9 13 iJN1463.cmd 1,7313814987E-7
1000 10 4 iAF1260.cmd 9,1381583662E-8
1000 10 4 iJN1463.cmd 1,0075247966E-7
1000 10 9 iAF1260.cmd 1,1257558229E-7
1000 10 9 iJN1463.cmd 1,2588777223E-7
1000 10 12 iAF1260.cmd 1,6537484645E-7
1000 10 12 iJN1463.cmd 1,7090869067E-7
1000 10 14 iAF1260.cmd 1,0538836345E-7
1000 10 14 iJN1463.cmd 1,1874494709E-7
1000 11 3 iAF1260.cmd 7,4850654287E-8
1000 11 3 iJN1463.cmd 8,5888351518E-8
1000 11 13 iAF1260.cmd 8,6632007878E-8
1000 11 13 iJN1463.cmd 9,1324772443E-8
1000 12 4 iAF1260.cmd 6,2428048747E-8
1000 12 4 iJN1463.cmd 7,5936134633E-8
1000 13 14 iAF1260.cmd 3,8315779288E-8
1000 13 14 iJN1463.cmd 3,9863475179E-8
1000 14 6 iAF1260.cmd 6,505663887E-8
1000 14 6 iJN1463.cmd 9,1736895623E-8
1000 14 8 iAF1260.cmd 6,2131264028E-8
1000 14 8 iJN1463.cmd 8,7064689254E-8
1000 14 13 iAF1260.cmd 3,4032798958E-8
1000 14 13 iJN1463.cmd 3,2581100294E-8
1000 1 6 iAF1260.cmd 7,4018351215E-7
1000 1 6 iJN1463.cmd 7,571090367E-7
1000 1 4 iAF1260.cmd 6,7050882893E-7
1000 1 4 iJN1463.cmd 6,9000873669E-7
1000 2 3 iAF1260.cmd 6,9237732737E-7
1000 2 3 iJN1463.cmd 7,0061619144E-7
1000 6 11 iAF1260.cmd 4,1905583724E-7
1000 6 11 iJN1463.cmd 4,0432235053E-7
1000 7 9 iAF1260.cmd 2,579854773E-7
1000 7 9 iJN1463.cmd 2,6085959711E-7
1000 9 12 iAF1260.cmd 1,9121095433E-7
1000 9 12 iJN1463.cmd 1,953830973E-7
1000 0 11 iAF1260.cmd 5,247982799E-7
1000 0 11 iJN1463.cmd 5,7097441855E-7
1000 0 13 iAF1260.cmd 4,0211286941E-7
1000 0 13 iJN1463.cmd 4,39300103E-7
1000 1 8 iAF1260.cmd 7,8072637568E-7
1000 1 8 iJN1463.cmd 7,9659650768E-7
1000 3 6 iAF1260.cmd 6,7312986611E-7
1000 3 6 iJN1463.cmd 6,6332294813E-7
1000 4 3 iAF1260.cmd 5,3661722334E-7
1000 4 3 iJN1463.cmd 5,4175978515E-7
1000 4 11 iAF1260.cmd 5,7647948754E-7
1000 4 11 iJN1463.cmd 5,5686573913E-7
1000 4 12 iAF1260.cmd 5,5648950009E-7
1000 4 12 iJN1463.cmd 5,4282524065E-7
1000 5 4 iAF1260.cmd 4,673258586E-7
1000 5 4 iJN1463.cmd 4,6627706967E-7
1000 5 6 iAF1260.cmd 3,7945904523E-7
1000 5 6 iJN1463.cmd 3,7519178062E-7
1000 6 9 iAF1260.cmd 3,4434930793E-7
1000 6 9 iJN1463.cmd 3,37522001E-7
1000 7 6 iAF1260.cmd 2,1458783806E-7
1000 7 6 iJN1463.cmd 2,1720553708E-7
1000 7 12 iAF1260.cmd 3,2439975977E-7
1000 7 12 iJN1463.cmd 3,1746854534E-7
1000 10 11 iAF1260.cmd 1,7661804398E-7
1000 10 11 iJN1463.cmd 1,8530110487E-7
1000 2 11 iAF1260.cmd 6,9450702122E-7
1000 2 11 iJN1463.cmd 6,8355754111E-7
1000 2 13 iAF1260.cmd 5,630464932E-7
1000 2 13 iJN1463.cmd 5,6775246412E-7
1000 7 7 iAF1260.cmd 1,94518467E-7
1000 7 7 iJN1463.cmd 2,0001884326E-7
1000 8 13 iAF1260.cmd 2,1507858467E-7
1000 8 13 iJN1463.cmd 2,1920430641E-7
1000 10 3 iAF1260.cmd 8,4291145135E-8
1000 10 3 iJN1463.cmd 9,4179787461E-8
1000 12 3 iAF1260.cmd 6,03534115E-8
1000 12 3 iJN1463.cmd 7,1726381445E-8
1000 4 14 iAF1260.cmd 3,7539222634E-7
1000 4 14 iJN1463.cmd 4,0199037596E-7
1000 7 14 iAF1260.cmd 2,2107428817E-7
1000 7 14 iJN1463.cmd 2,4039677083E-7
1000 11 14 iAF1260.cmd 7,5684770975E-8
1000 11 14 iJN1463.cmd 8,540825707E-8
1000 9 14 iAF1260.cmd 1,3606935184E-7
1000 9 14 iJN1463.cmd 1,5168080978E-7
1000 0 5 iAF1260.cmd 5,9378320835E-7
1000 0 5 iJN1463.cmd 6,4839872069E-7
1000 0 7 iAF1260.cmd 6,3397885079E-7
1000 0 7 iJN1463.cmd 6,9186924834E-7
1000 2 9 iAF1260.cmd 8,8911950561E-7
1000 2 9 iJN1463.cmd 8,92170676E-7
1000 3 2 iAF1260.cmd 5,5106570243E-7
1000 3 2 iJN1463.cmd 5,6786409372E-7
1000 7 4 iAF1260.cmd 1,8546021066E-7
1000 7 4 iJN1463.cmd 1,8934352041E-7
1000 8 5 iAF1260.cmd 1,7370600269E-7
1000 8 5 iJN1463.cmd 1,7690704951E-7
1000 8 6 iAF1260.cmd 1,6315305729E-7
1000 8 6 iJN1463.cmd 1,6754947698E-7
1000 10 8 iAF1260.cmd 8,3852405338E-8
1000 10 8 iJN1463.cmd 9,4335726565E-8
1000 11 9 iAF1260.cmd 7,4567395204E-8
1000 11 9 iJN1463.cmd 8,550388614E-8
1000 13 6 iAF1260.cmd 5,7938415661E-8
1000 13 6 iJN1463.cmd 7,7991616791E-8
1000 13 8 iAF1260.cmd 5,6217249107E-8
1000 13 8 iJN1463.cmd 7,6739831867E-8
1000 14 5 iAF1260.cmd 5,7086666457E-8
1000 14 5 iJN1463.cmd 7,7935352111E-8
1000 14 9 iAF1260.cmd 4,9094903995E-8
1000 14 9 iJN1463.cmd 6,4615374386E-8
1000 1 10 iAF1260.cmd 6,8945155434E-7
1000 1 10 iJN1463.cmd 7,05022315E-7
1000 3 10 iAF1260.cmd 6,2785165153E-7
1000 3 10 iJN1463.cmd 6,0455325096E-7
1000 3 12 iAF1260.cmd 6,2514449265E-7
1000 3 12 iJN1463.cmd 6,1227039755E-7
1000 3 13 iAF1260.cmd 5,4331864807E-7
1000 3 13 iJN1463.cmd 5,4400193477E-7
1000 5 8 iAF1260.cmd 3,5139210049E-7
1000 5 8 iJN1463.cmd 3,4814829794E-7
1000 9 4 iAF1260.cmd 1,2043301606E-7
1000 9 4 iJN1463.cmd 1,2694419322E-7
1000 9 7 iAF1260.cmd 1,1392879994E-7
1000 9 7 iJN1463.cmd 1,2043376508E-7
1000 10 5 iAF1260.cmd 8,2288771773E-8
1000 10 5 iJN1463.cmd 9,0562538182E-8
1000 11 2 iAF1260.cmd 7,2056043263E-8
1000 11 2 iJN1463.cmd 8,1677029099E-8
1000 12 5 iAF1260.cmd 5,6285946205E-8
1000 12 5 iJN1463.cmd 7,1195788808E-8
1000 12 13 iAF1260.cmd 5,5244504009E-8
1000 12 13 iJN1463.cmd 5,693353225E-8
1000 13 4 iAF1260.cmd 5,3074355626E-8
1000 13 4 iJN1463.cmd 6,7505889104E-8
1000 1 14 iAF1260.cmd 3,8339622871E-7
1000 1 14 iJN1463.cmd 4,1706881568E-7
1000 13 13 iAF1260.cmd 4,0222043802E-8
1000 13 13 iJN1463.cmd 3,9922319734E-8
1000 14 12 iAF1260.cmd 3,2563465587E-8
1000 14 12 iJN1463.cmd 3,2047344137E-8
1000 1 3 iAF1260.cmd 6,1044715678E-7
1000 1 3 iJN1463.cmd 6,3974499198E-7
1000 8 12 iAF1260.cmd 2,4369891964E-7
1000 8 12 iJN1463.cmd 2,4231003209E-7
1000 0 6 iAF1260.cmd 6,1910911281E-7
1000 0 6 iJN1463.cmd 6,7501734286E-7
1000 3 11 iAF1260.cmd 6,5023876658E-7
1000 3 11 iJN1463.cmd 6,3119214583E-7
1000 7 11 iAF1260.cmd 3,7303997748E-7
1000 7 11 iJN1463.cmd 3,6003035494E-7
1000 5 3 iAF1260.cmd 4,1993508894E-7
1000 5 3 iJN1463.cmd 4,2618886553E-7
1000 4 6 iAF1260.cmd 4,8271133151E-7
1000 4 6 iJN1463.cmd 4,7587832887E-7
1000 0 4 iAF1260.cmd 5,5070645904E-7
1000 0 4 iJN1463.cmd 6,0605267102E-7
1000 1 9 iAF1260.cmd 7,6159241665E-7
1000 1 9 iJN1463.cmd 7,7581297443E-7
1000 13 5 iAF1260.cmd 5,5830555181E-8
1000 13 5 iJN1463.cmd 7,3685341973E-8
1000 8 14 iAF1260.cmd 1,7370754679E-7
1000 8 14 iJN1463.cmd 1,9092172214E-7
1000 12 14 iAF1260.cmd 5,227598894E-8
1000 12 14 iJN1463.cmd 5,7508636003E-8
1000 4 2 iAF1260.cmd 4,7993541452E-7
1000 4 2 iJN1463.cmd 4,9445427252E-7
1000 5 7 iAF1260.cmd 3,6519327764E-7
1000 5 7 iJN1463.cmd 3,6018495197E-7
1000 10 2 iAF1260.cmd 8,3808497166E-8
1000 10 2 iJN1463.cmd 9,2937250897E-8
1000 12 2 iAF1260.cmd 5,6042267724E-8
1000 12 2 iJN1463.cmd 6,5504381269E-8
1000 0 8 iAF1260.cmd 6,3125925645E-7
1000 0 8 iJN1463.cmd 6,9012485509E-7
1000 8 4 iAF1260.cmd 1,5546123043E-7
1000 8 4 iJN1463.cmd 1,6018498564E-7
1000 13 3 iAF1260.cmd 4,6544514857E-8
1000 13 3 iJN1463.cmd 5,7461478519E-8
1000 2 14 iAF1260.cmd 4,1694876649E-7
1000 2 14 iJN1463.cmd 4,4780657957E-7
1000 0 10 iAF1260.cmd 5,6314435859E-7
1000 0 10 iJN1463.cmd 6,165912304E-7
1000 3 14 iAF1260.cmd 4,1008950061E-7
1000 3 14 iJN1463.cmd 4,3868603417E-7
1000 9 6 iAF1260.cmd 1,1344178981E-7
1000 9 6 iJN1463.cmd 1,1910857678E-7
1000 10 7 iAF1260.cmd 8,0652196039E-8
1000 10 7 iJN1463.cmd 8,8551942381E-8
1000 11 8 iAF1260.cmd 6,8697651039E-8
1000 11 8 iJN1463.cmd 7,8416359306E-8
1000 12 6 iAF1260.cmd 5,3437120661E-8
1000 12 6 iJN1463.cmd 6,6545847845E-8
1000 13 9 iAF1260.cmd 4,7137919871E-8
1000 13 9 iJN1463.cmd 6,0137715846E-8
1000 14 4 iAF1260.cmd 4,8909754518E-8
1000 14 4 iJN1463.cmd 6,4168167749E-8
1000 0 14 iAF1260.cmd 3,2632493241E-7
1000 0 14 iJN1463.cmd 3,6431925235E-7
1000 3 1 iAF1260.cmd 5,0054882245E-7
1000 3 1 iJN1463.cmd 5,3750402471E-7
1000 10 6 iAF1260.cmd 8,0224968902E-8
1000 10 6 iJN1463.cmd 8,7552752835E-8
1000 12 9 iAF1260.cmd 5,0225100986E-8
1000 12 9 iJN1463.cmd 5,9932376231E-8
1000 14 10 iAF1260.cmd 3,7732735057E-8
1000 14 10 iJN1463.cmd 4,5094191152E-8
1000 4 8 iAF1260.cmd 3,5184347368E-7
1000 4 8 iJN1463.cmd 3,4728521382E-7
1000 7 3 iAF1260.cmd 1,9961078392E-7
1000 7 3 iJN1463.cmd 2,0829486499E-7
1000 13 12 iAF1260.cmd 3,6236597213E-8
1000 13 12 iJN1463.cmd 3,6054009054E-8
1000 12 12 iAF1260.cmd 4,4187822568E-8
1000 12 12 iJN1463.cmd 4,4044658259E-8
1000 0 3 iAF1260.cmd 4,913960878E-7
1000 0 3 iJN1463.cmd 5,5128221783E-7
1000 4 7 iAF1260.cmd 3,9042719326E-7
1000 4 7 iJN1463.cmd 3,8535624511E-7
1000 1 2 iAF1260.cmd 5,2004285687E-7
1000 1 2 iJN1463.cmd 5,7006888264E-7
1000 5 2 iAF1260.cmd 3,7770928496E-7
1000 5 2 iJN1463.cmd 3,9124733501E-7
1000 0 9 iAF1260.cmd 6,0744979302E-7
1000 0 9 iJN1463.cmd 6,6500017274E-7
1000 6 3 iAF1260.cmd 2,9224089406E-7
1000 6 3 iJN1463.cmd 3,0125657444E-7
1000 13 2 iAF1260.cmd 3,6149126082E-8
1000 13 2 iJN1463.cmd 4,4192619322E-8
1000 14 3 iAF1260.cmd 3,9433511728E-8
1000 14 3 iJN1463.cmd 5,006630809E-8
1000 4 1 iAF1260.cmd 4,3593212894E-7
1000 4 1 iJN1463.cmd 4,6342182806E-7
1000 8 3 iAF1260.cmd 1,5537809403E-7
1000 8 3 iJN1463.cmd 1,6384334399E-7
1000 11 7 iAF1260.cmd 6,0471186258E-8
1000 11 7 iJN1463.cmd 6,894845437E-8
1000 9 2 iAF1260.cmd 9,6768066751E-8
1000 9 2 iJN1463.cmd 1,0783079605E-7
1000 11 6 iAF1260.cmd 5,9585055425E-8
1000 11 6 iJN1463.cmd 6,8492161636E-8
1000 14 11 iAF1260.cmd 3,1982224259E-8
1000 14 11 iJN1463.cmd 3,4303823525E-8
1000 13 10 iAF1260.cmd 3,6960653813E-8
1000 13 10 iJN1463.cmd 4,3634512014E-8
1000 12 7 iAF1260.cmd 4,924262738E-8
1000 12 7 iJN1463.cmd 5,8737047852E-8
1000 2 1 iAF1260.cmd 5,0618463774E-7
1000 2 1 iJN1463.cmd 5,6118118797E-7
1000 3 0 iAF1260.cmd 4,7780609478E-7
1000 3 0 iJN1463.cmd 5,2398442259E-7
1000 0 2 iAF1260.cmd 4,2125157006E-7
1000 0 2 iJN1463.cmd 4,8969940392E-7
1000 6 2 iAF1260.cmd 2,7206842852E-7
1000 6 2 iJN1463.cmd 2,8556820458E-7
1000 7 2 iAF1260.cmd 1,8853570686E-7
1000 7 2 iJN1463.cmd 2,0122198569E-7
1000 5 1 iAF1260.cmd 3,4365694982E-7
1000 5 1 iJN1463.cmd 3,6611444231E-7
1000 1 1 iAF1260.cmd 4,7327044642E-7
1000 1 1 iJN1463.cmd 5,3521091129E-7
1000 14 2 iAF1260.cmd 2,8286369682E-8
1000 14 2 iJN1463.cmd 3,5659817473E-8
1000 8 2 iAF1260.cmd 1,3437064446E-7
1000 8 2 iJN1463.cmd 1,4599805425E-7
1000 4 0 iAF1260.cmd 4,1303373519E-7
1000 4 0 iJN1463.cmd 4,4855860367E-7
1000 12 10 iAF1260.cmd 3,7966893431E-8
1000 12 10 iJN1463.cmd 4,4806074285E-8
1000 13 1 iAF1260.cmd 1,8339464552E-8
1000 13 1 iJN1463.cmd 2,4466187513E-8
1000 2 0 iAF1260.cmd 4,9387889495E-7
1000 2 0 iJN1463.cmd 5,5321055823E-7
1000 9 1 iAF1260.cmd 8,9173292473E-8
1000 9 1 iJN1463.cmd 1,0258053937E-7
1000 13 11 iAF1260.cmd 3,2505305826E-8
1000 13 11 iJN1463.cmd 3,4756467875E-8
1000 6 1 iAF1260.cmd 2,5000309645E-7
1000 6 1 iJN1463.cmd 2,6961436473E-7
1000 5 0 iAF1260.cmd 3,2481123453E-7
1000 5 0 iJN1463.cmd 3,5332007501E-7
1000 0 1 iAF1260.cmd 3,7055370934E-7
1000 0 1 iJN1463.cmd 4,4589661317E-7
1000 1 0 iAF1260.cmd 4,5051638812E-7
1000 1 0 iJN1463.cmd 5,1841431089E-7
1000 7 1 iAF1260.cmd 1,7338589073E-7
1000 7 1 iJN1463.cmd 1,9057039549E-7
1000 8 1 iAF1260.cmd 1,2023713437E-7
1000 8 1 iJN1463.cmd 1,3516767054E-7
1000 6 0 iAF1260.cmd 2,3642243484E-7
1000 6 0 iJN1463.cmd 2,6035366571E-7
1000 14 1 iAF1260.cmd 1,6004756738E-8
1000 14 1 iJN1463.cmd 2,1761266157E-8
1000 0 0 iAF1260.cmd 3,4426660173E-7
1000 0 0 iJN1463.cmd 4,233517838E-7
1000 9 0 iAF1260.cmd 7,1802700447E-8
1000 9 0 iJN1463.cmd 8,6478466142E-8
1000 7 0 iAF1260.cmd 1,6308097809E-7
1000 7 0 iJN1463.cmd 1,8339437895E-7
1000 8 0 iAF1260.cmd 1,0957229316E-7
1000 8 0 iJN1463.cmd 1,2672510379E-7
1000 10 0 iAF1260.cmd 3,7384823873E-8
1000 10 0 iJN1463.cmd 5,035099982E-8
1000 11 0 iAF1260.cmd 1,7893070323E-8
1000 11 0 iJN1463.cmd 2,8987077413E-8
1000 13 0 iAF1260.cmd 9,6110511049E-9
1000 13 0 iJN1463.cmd 1,6369434502E-8
1000 14 0 iAF1260.cmd 8,9568975503E-9
1000 14 0 iJN1463.cmd 1,4784377716E-8
1000 12 0 iAF1260.cmd 9,2911575108E-9
1000 12 0 iJN1463.cmd 1,8347592008E-8
