0	1,5E-7	1,5E-7
1	1,5868991707E-7	1,5745771363E-7
2	1,6795319312E-7	1,653032056E-7
3	1,7884053879E-7	1,7417728854E-7
4	1,9099452105E-7	1,8381740463E-7
5	2,0445793398E-7	1,9418010336E-7
6	2,1928196098E-7	2,052814484E-7
7	2,3551945391E-7	2,171355699E-7
8	2,5327128042E-7	2,2977113049E-7
9	2,7262870857E-7	2,4321748155E-7
10	2,93687627E-7	2,5751357881E-7
11	3,1656572649E-7	2,7270415992E-7
12	3,4139004668E-7	2,8883792166E-7
13	3,6829054156E-7	3,0596287721E-7
14	3,9739709432E-7	3,2413244301E-7
15	4,2886438169E-7	3,4340581644E-7
16	4,6287445543E-7	3,6384892888E-7
17	4,9962340502E-7	3,8553158423E-7
18	5,3899328263E-7	4,0849693223E-7
19	5,7998666744E-7	4,3271252648E-7
20	6,2233431309E-7	4,5822238199E-7
21	6,6607067775E-7	4,8510234675E-7
22	7,1107178792E-7	5,1346253677E-7
23	7,5724176146E-7	5,433974921E-7
24	8,0479362231E-7	5,7492229954E-7
25	8,5411306766E-7	6,0804929833E-7
26	9,0536216299E-7	6,4284746569E-7
27	9,5856465687E-7	6,7943516049E-7
28	1,0138521981E-6	7,1784268418E-7
29	1,0716969954E-6	7,5811614778E-7
30	1,1319179031E-6	8,0044657189E-7
31	1,1939179392E-6	8,4478364377E-7
32	1,2566830878E-6	8,9085635922E-7
33	1,3197635095E-6	9,387645832E-7
34	1,3831142223E-6	9,884255115E-7
35	1,446902555E-6	1,0403861646E-6
36	1,5115225847E-6	1,094411944E-6
37	1,5776116026E-6	1,1505462919E-6
38	1,6451378335E-6	1,2088834821E-6
39	1,7136021864E-6	1,26965637E-6
40	1,7829927746E-6	1,3329864349E-6
41	1,8534550804E-6	1,3989972451E-6
42	1,9250923508E-6	1,4678033196E-6
43	1,9980659445E-6	1,5395574029E-6
44	2,0725270209E-6	1,6145516384E-6
45	2,1485251022E-6	1,6930167014E-6
46	2,2259671495E-6	1,7749111537E-6
47	2,3049335586E-6	1,8603716842E-6
48	2,3856940316E-6	1,9495212921E-6
49	2,4684140195E-6	2,0425252493E-6
50	2,5531744376E-6	2,1395511519E-6
51	2,6399856179E-6	2,2407505976E-6
52	2,7290137685E-6	2,3462782525E-6
53	2,8202928539E-6	2,4562700786E-6
54	2,9137783091E-6	2,5708045771E-6
55	3,0095350269E-6	2,690066021E-6
56	3,1075921774E-6	2,8143457051E-6
57	3,2081140886E-6	2,9437895093E-6
58	3,3110560027E-6	3,0785653684E-6
59	3,4164728044E-6	3,2188100732E-6
60	3,5244696147E-6	3,3647237148E-6
61	3,6350964238E-6	3,5165482904E-6
62	3,7483470625E-6	3,6747621431E-6
63	3,8644319723E-6	3,8396856739E-6
64	3,9836051153E-6	4,0115572722E-6
65	4,1057323753E-6	4,1907352329E-6
66	4,2308974836E-6	4,3775089379E-6
67	4,3590608204E-6	4,5721505911E-6
68	4,4901848902E-6	4,7749014825E-6
69	4,625327365E-6	4,9857162941E-6
70	4,7629826431E-6	5,2050315336E-6
71	4,9025915457E-6	5,4332433589E-6
72	5,0451173895E-6	5,670891188E-6
73	5,1903483188E-6	5,9181051823E-6
74	5,3381963061E-6	6,1749365128E-6
75	5,4885748753E-6	6,4412566783E-6
76	5,642083059E-6	6,7179175274E-6
77	5,7973595712E-6	7,0042280882E-6
78	5,9551757114E-6	7,299746792E-6
79	6,1159898272E-6	7,604646031E-6
80	6,27881009E-6	7,9181654307E-6
81	6,4436494669E-6	8,2398113568E-6
82	6,6098418164E-6	8,5694950166E-6
83	6,7771136267E-6	8,9077228651E-6
84	6,9449966954E-6	9,2551961965E-6
85	7,1145868237E-6	9,6119041776E-6
86	7,2859691989E-6	9,9775341775E-6
87	7,4594033612E-6	1,0351695071E-5
88	7,6341929936E-6	1,0733012319E-5
89	7,8102572946E-6	1,1119037163E-5
90	7,9880713716E-6	1,1505176297E-5
91	8,1652422945E-6	1,1886845877E-5
92	8,341261258E-6	1,2254149472E-5
93	8,5151571972E-6	1,2608574974E-5
94	8,6854504834E-6	1,2951829892E-5
95	8,8533348054E-6	1,3283325089E-5
96	9,0185162296E-6	1,3603708741E-5
97	9,1788285481E-6	1,3909690854E-5
98	9,3318771173E-6	1,4191177567E-5
99	9,4783897019E-6	1,444793218E-5
100	9,6190207584E-6	1,468273208E-5
101	9,7537640418E-6	1,4895609467E-5
102	9,8828305197E-6	1,5091318364E-5
103	1,0005915362E-5	1,5272855477E-5
104	1,0124146505E-5	1,5443264595E-5
105	1,0238943169E-5	1,5604647112E-5
106	1,035231534E-5	1,5757873928E-5
107	1,0461771496E-5	1,5904920957E-5
108	1,0569151521E-5	1,6048561484E-5
109	1,0674457589E-5	1,6190236256E-5
110	1,0778584736E-5	1,6328414871E-5
111	1,088229461E-5	1,6461674312E-5
112	1,0985214446E-5	1,659397731E-5
113	1,1087609395E-5	1,672497724E-5
114	1,1191652586E-5	1,6854740996E-5
115	1,1295890013E-5	1,6984509761E-5
116	1,1399053287E-5	1,7114627433E-5
117	1,150280943E-5	1,7244173751E-5
118	1,1607062626E-5	1,7372402739E-5
119	1,1710791691E-5	1,750213436E-5
120	1,1815814111E-5	1,7631610645E-5
121	1,192050365E-5	1,7760554034E-5
122	1,2025561792E-5	1,7889874864E-5
123	1,2131434248E-5	1,8018678783E-5
124	1,2237378403E-5	1,8148164873E-5
125	1,2344134262E-5	1,8276981738E-5
126	1,2451166906E-5	1,8405500017E-5
127	1,2558423579E-5	1,8532486928E-5
128	1,2665372127E-5	1,8658375706E-5
129	1,277223539E-5	1,8783894985E-5
130	1,2878967516E-5	1,8906380108E-5
131	1,2983929164E-5	1,9032348033E-5
132	1,3088071616E-5	1,9159481347E-5
133	1,3191590294E-5	1,9286934995E-5
134	1,3296573362E-5	1,9412806528E-5
135	1,3402417013E-5	1,9538286487E-5
136	1,3508375495E-5	1,9662982501E-5
137	1,3613005495E-5	1,9786773907E-5
138	1,3717713508E-5	1,9911070242E-5
139	1,3823515448E-5	2,003452562E-5
140	1,3928785535E-5	2,0157893862E-5
141	1,4033191772E-5	2,0282430047E-5
142	1,4140378574E-5	2,040536331E-5
143	1,4248682553E-5	2,0525871888E-5
144	1,4354252196E-5	2,0648708901E-5
145	1,4458979113E-5	2,0772107892E-5
146	1,4561289142E-5	2,0897873403E-5
147	1,4662676228E-5	2,1024369036E-5
148	1,4765544766E-5	2,1149945212E-5
149	1,4871873402E-5	2,1272062515E-5
150	1,4979000164E-5	2,1392365692E-5
151	1,5084667278E-5	2,1514157868E-5
152	1,5188949475E-5	2,1637116245E-5
153	1,5291949785E-5	2,1760900777E-5
154	1,5394642967E-5	2,1884808022E-5
155	1,5497144216E-5	2,2008440883E-5
156	1,5598970132E-5	2,2133015122E-5
157	1,5701498812E-5	2,2256947282E-5
158	1,5806187452E-5	2,2378319682E-5
159	1,5912503727E-5	2,2497886076E-5
160	1,6019111845E-5	2,2616948626E-5
161	1,6125899299E-5	2,2735716739E-5
162	1,6232697388E-5	2,2854201334E-5
163	1,6339432707E-5	2,2973122076E-5
164	1,6446334828E-5	2,3091964552E-5
165	1,6553282725E-5	2,3210944076E-5
166	1,6660253598E-5	2,333009183E-5
167	1,6767226657E-5	2,3449403893E-5
168	1,6874189472E-5	2,3568866736E-5
169	1,698105063E-5	2,3687977192E-5
170	1,7087730034E-5	2,3806777263E-5
171	1,7194278627E-5	2,3924931598E-5
172	1,7300626224E-5	2,4042612657E-5
173	1,7406831803E-5	2,4159962412E-5
174	1,7512987134E-5	2,4277164002E-5
175	1,7616288943E-5	2,4396786108E-5
176	1,7722235408E-5	2,4513932801E-5
177	1,7824412398E-5	2,463326439E-5
178	1,7928580867E-5	2,475135402E-5
179	1,8029873013E-5	2,4871473479E-5
180	1,8129564986E-5	2,4992535924E-5
181	1,8234216021E-5	2,5108918825E-5
182	1,8335421748E-5	2,5228503652E-5
183	1,8440497099E-5	2,5343876214E-5
184	1,8546299505E-5	2,5459058741E-5
185	1,865210008E-5	2,5574541914E-5
186	1,8757969448E-5	2,5689499789E-5
187	1,8863843478E-5	2,5803283321E-5
188	1,8968506701E-5	2,5919469748E-5
189	1,9074660654E-5	2,6033902857E-5
190	1,9180463008E-5	2,6147503393E-5
191	1,9286695405E-5	2,6261308936E-5
192	1,9392563468E-5	2,6375255897E-5
193	1,9493633291E-5	2,6492488113E-5
194	1,9603238176E-5	2,6601471805E-5
195	1,9710779241E-5	2,6712722367E-5
196	1,9819915531E-5	2,6823210654E-5
197	1,992383358E-5	2,6937361036E-5
198	2,0026807832E-5	2,705193904E-5
199	2,0135399501E-5	2,7161920115E-5
200	2,0239581089E-5	2,727572749E-5
201	2,0349672697E-5	2,7385727035E-5
202	2,0451465158E-5	2,7501159192E-5
203	2,0551169113E-5	2,7617583115E-5
204	2,0650257533E-5	2,7734113072E-5
205	2,0753341281E-5	2,7846784632E-5
206	2,0856714166E-5	2,7958698383E-5
207	2,0959237916E-5	2,8071183709E-5
208	2,1061884534E-5	2,8182049557E-5
209	2,1164930865E-5	2,8294788025E-5
210	2,1268627598E-5	2,8405147076E-5
211	2,1371460317E-5	2,8516585046E-5
212	2,1472821221E-5	2,8630820386E-5
213	2,157776748E-5	2,8739290134E-5
214	2,1680207471E-5	2,8848754621E-5
215	2,1783084208E-5	2,8958844953E-5
216	2,1885013734E-5	2,9067630211E-5
217	2,1984873796E-5	2,9178580168E-5
218	2,2083832249E-5	2,9290017151E-5
219	2,2181550885E-5	2,9403569401E-5
220	2,2282966798E-5	2,9511943118E-5
221	2,2382937007E-5	2,961835487E-5
222	2,2477568652E-5	2,9730771699E-5
223	2,2572970847E-5	2,9847073581E-5
224	2,2669779646E-5	2,9958503931E-5
225	2,2763238973E-5	3,0072214997E-5
226	2,2857243485E-5	3,0185522372E-5
227	2,2956161593E-5	3,0292585878E-5
228	2,3055363986E-5	3,0399920368E-5
229	2,3147640776E-5	3,0512127217E-5
230	2,3245531777E-5	3,061989144E-5
231	2,3345757802E-5	3,0725807616E-5
232	2,3445781818E-5	3,0831570868E-5
233	2,3544755206E-5	3,0936672872E-5
234	2,3635495845E-5	3,1047980601E-5
235	2,372422345E-5	3,1159890786E-5
236	2,3812436174E-5	3,1271684434E-5
237	2,3902490312E-5	3,1381851191E-5
238	2,4000137864E-5	3,1487826263E-5
239	2,4098038019E-5	3,1592943027E-5
240	2,4195799308E-5	3,1697600657E-5
241	2,4293423647E-5	3,1801955045E-5
242	2,439096507E-5	3,1906081785E-5
243	2,4488348671E-5	3,2009956299E-5
244	2,4585552342E-5	3,211345828E-5
245	2,4682607266E-5	3,2216696762E-5
246	2,4779561456E-5	3,2319678755E-5
247	2,4876338956E-5	3,2422394261E-5
248	2,4973008051E-5	3,2524863683E-5
249	2,5069533316E-5	3,2627109304E-5
250	2,516594939E-5	3,2729150163E-5
251	2,5262191141E-5	3,2830999031E-5
252	2,53582801E-5	3,2932628963E-5
253	2,5454140292E-5	3,3034094699E-5
254	2,5549862096E-5	3,3135377396E-5
255	2,5645340435E-5	3,3236537789E-5
256	2,5740708126E-5	3,3337546924E-5
257	2,5835898483E-5	3,3438294766E-5
258	2,5930998681E-5	3,3538808776E-5
259	2,6025986896E-5	3,3639078378E-5
260	2,6120969745E-5	3,3738190368E-5
261	2,6220997561E-5	3,3833768473E-5
262	2,6316856856E-5	3,3932310839E-5
263	2,6412134634E-5	3,4031384101E-5
264	2,6506909895E-5	3,4130130519E-5
265	2,6601293336E-5	3,4228753829E-5
266	2,6695541996E-5	3,4327159736E-5
267	2,6789660444E-5	3,4425345431E-5
268	2,6883690659E-5	3,4523277882E-5
269	2,6977543253E-5	3,4620931344E-5
270	2,7071316629E-5	3,4718335206E-5
271	2,7164941633E-5	3,4815511965E-5
272	2,7258496484E-5	3,4912448176E-5
273	2,735189257E-5	3,500916419E-5
274	2,7445217977E-5	3,5105644759E-5
275	2,7538408414E-5	3,5201909161E-5
276	2,7631467315E-5	3,5297951105E-5
277	2,7724387359E-5	3,5393753838E-5
278	2,7817216691E-5	3,5489315345E-5
279	2,7909884984E-5	3,5584656004E-5
280	2,8002472369E-5	3,5679782382E-5
281	2,8094932902E-5	3,5774693838E-5
282	2,8187316235E-5	3,5869371969E-5
283	2,8279540491E-5	3,5963836594E-5
284	2,8371686295E-5	3,6058066748E-5
285	2,8463671432E-5	3,6152062648E-5
286	2,8555590834E-5	3,624581816E-5
287	2,8647360233E-5	3,6339356079E-5
288	2,8739064363E-5	3,6432654088E-5
289	2,8830619741E-5	3,6525734805E-5
290	2,8922112843E-5	3,6618578425E-5
291	2,9013458084E-5	3,6711208065E-5
292	2,9104736418E-5	3,6803623574E-5
293	2,9195856273E-5	3,689585468E-5
294	2,9286904767E-5	3,6987879637E-5
295	2,9377783138E-5	3,707971543E-5
296	2,9468535294E-5	3,7171310267E-5
297	2,955909214E-5	3,726271103E-5
298	2,9649546282E-5	3,7353903306E-5
299	2,9739801922E-5	3,744490122E-5
300	2,9829953241E-5	3,7535682569E-5
301	2,9919903251E-5	3,762627163E-5
302	3,0009736009E-5	3,7716632631E-5
303	3,0099368568E-5	3,7806799178E-5
304	3,0188896275E-5	3,7896747684E-5
305	3,027821931E-5	3,7986504447E-5
306	3,0367435602E-5	3,8076045008E-5
307	3,0456447704E-5	3,8165395324E-5
308	3,0545354395E-5	3,8254529203E-5
309	3,063405755E-5	3,8343474462E-5
310	3,0722653942E-5	3,8432201425E-5
311	3,0811047151E-5	3,8520737795E-5
312	3,0899314283E-5	3,8609040855E-5
313	3,098737112E-5	3,8697150167E-5
314	3,1075322618E-5	3,8785039312E-5
315	3,1163064719E-5	3,887273628E-5
316	3,1250702113E-5	3,8960213628E-5
317	3,1338128647E-5	3,9047499806E-5
318	3,1425449217E-5	3,9134570071E-5
319	3,151255616E-5	3,9221446898E-5
320	3,1599561248E-5	3,9308104124E-5
321	3,1686355708E-5	3,9394571136E-5
322	3,1773044745E-5	3,9480818847E-5
323	3,1859515991E-5	3,956687668E-5
324	3,1945880148E-5	3,9652715814E-5
325	3,2032023973E-5	3,9738365265E-5
326	3,2118059809E-5	3,9823796333E-5
327	3,2203869868E-5	3,9909036965E-5
328	3,2289569332E-5	3,9994059216E-5
329	3,2375039881E-5	4,0078889123E-5
330	3,2460397092E-5	4,0163500561E-5
331	3,254552263E-5	4,0247918332E-5
332	3,2630533654E-5	4,0332118039E-5
333	3,2715315382E-5	4,0416129358E-5
334	3,2800002582E-5	4,0499942566E-5
335	3,2884481739E-5	4,0583582015E-5
336	3,2968874058E-5	4,0667029184E-5
337	3,3053058236E-5	4,0750302929E-5
338	3,313715652E-5	4,083338718E-5
339	3,3221046014E-5	4,0916298095E-5
340	3,3304849724E-5	4,0999019676E-5
341	3,3388443436E-5	4,1081566978E-5
342	3,3471953807E-5	4,1163925894E-5
343	3,3555254994E-5	4,1246109959E-5
344	3,3638470776E-5	4,1328105384E-5
345	3,3721475117E-5	4,140992448E-5
346	3,3804390536E-5	4,1491554913E-5
347	3,3887092955E-5	4,1573007473E-5
348	3,3969705308E-5	4,1654271662E-5
349	3,4052103958E-5	4,1735356717E-5
350	3,4134412639E-5	4,1816254057E-5
351	3,4216505686E-5	4,1896970801E-5
352	3,429850843E-5	4,1977499882E-5
353	3,4380294088E-5	4,2057847431E-5
354	3,4461989417E-5	4,2138007316E-5
355	3,4543465099E-5	4,221798556E-5
356	3,462484692E-5	4,2297775896E-5
357	3,4706004822E-5	4,2377409762E-5
358	3,4787068916E-5	4,2456857209E-5
359	3,4867904197E-5	4,2536124104E-5
360	3,4948642097E-5	4,2615203973E-5
361	3,5029149265E-5	4,2694102979E-5
362	3,5109559575E-5	4,277281465E-5
363	3,5189242248E-5	4,2850975762E-5
364	3,5268632811E-5	4,2928777913E-5
365	3,5347799401E-5	4,3006356649E-5
366	3,5426678145E-5	4,3083734482E-5
367	3,5505423358E-5	4,3160880246E-5
368	3,558399541E-5	4,3237815006E-5
369	3,5662377115E-5	4,3314549353E-5
370	3,5740567387E-5	4,3391085327E-5
371	3,5818594502E-5	4,3467422967E-5
372	3,589642323E-5	4,3543559838E-5
373	3,5974055237E-5	4,3619495869E-5
374	3,6051483796E-5	4,3695233069E-5
375	3,6128710084E-5	4,3770769662E-5
376	3,620573313E-5	4,3846104202E-5
377	3,6282549762E-5	4,3921235924E-5
378	3,6359158306E-5	4,3996164496E-5
379	3,6435563211E-5	4,4070891052E-5
380	3,6511755272E-5	4,4145418842E-5
381	3,6587734104E-5	4,4219746566E-5
382	3,6663499382E-5	4,4293873845E-5
383	3,6739039117E-5	4,4367803248E-5
384	3,6814374643E-5	4,4441531751E-5
385	3,6889495607E-5	4,4515061753E-5
386	3,6964401875E-5	4,4588389019E-5
387	3,7039094558E-5	4,4661513172E-5
388	3,7113574014E-5	4,4734434802E-5
389	3,7187840126E-5	4,4807153667E-5
390	3,7261889711E-5	4,4879669721E-5
391	3,7335712512E-5	4,4951985531E-5
392	3,7409317423E-5	4,5024097848E-5
393	3,7482702954E-5	4,509600716E-5
394	3,7555864252E-5	4,5167714546E-5
395	3,7628800992E-5	4,5239220616E-5
396	3,7701510452E-5	4,5310551822E-5
397	3,7773997077E-5	4,5381685888E-5
398	3,7846260977E-5	4,5452621974E-5
399	3,7918301536E-5	4,5523360345E-5
400	3,7990119097E-5	4,5593901538E-5
401	3,8061714079E-5	4,5664246058E-5
402	3,8133089451E-5	4,5734394147E-5
403	3,8204246035E-5	4,5804345791E-5
404	3,8275185153E-5	4,5874100651E-5
405	3,8345906652E-5	4,5943658615E-5
406	3,8416403408E-5	4,6013020741E-5
407	3,8486673102E-5	4,6082187398E-5
408	3,8556715195E-5	4,6151158157E-5
409	3,8626530075E-5	4,6219931724E-5
410	3,8696118977E-5	4,6288508487E-5
411	3,8765486432E-5	4,6356891355E-5
412	3,8834644122E-5	4,6425088062E-5
413	3,8903598275E-5	4,6493100827E-5
414	3,8972355433E-5	4,6560927615E-5
415	3,9040918032E-5	4,6628567465E-5
416	3,9109286841E-5	4,6696020149E-5
417	3,9177459885E-5	4,676328613E-5
418	3,9245435891E-5	4,6830368656E-5
419	3,9313220179E-5	4,6897274639E-5
420	3,9380816426E-5	4,6964006743E-5
421	3,9448250661E-5	4,7030565551E-5
422	3,9515474075E-5	4,7096959109E-5
423	3,9582536115E-5	4,7163173764E-5
424	3,9649361679E-5	4,7229252119E-5
425	3,9715961019E-5	4,7295175514E-5
426	3,9782398434E-5	4,7360934928E-5
427	3,9848601884E-5	4,7426535769E-5
428	3,9914656907E-5	4,7491962055E-5
429	3,9980476623E-5	4,7557227806E-5
430	4,0046149643E-5	4,7622318172E-5
431	4,0111582985E-5	4,7687250498E-5
432	4,0176876487E-5	4,7752008097E-5
433	4,0241924498E-5	4,7816609789E-5
434	4,0306834421E-5	4,7881037748E-5
435	4,0371497568E-5	4,7945314953E-5
436	4,043601364E-5	4,8009423193E-5
437	4,0500282114E-5	4,8073384793E-5
438	4,0564407033E-5	4,8137181957E-5
439	4,0628285731E-5	4,8200839278E-5
440	4,0692031692E-5	4,8264339008E-5
441	4,0755536833E-5	4,8327703386E-5
442	4,0818909234E-5	4,8390910899E-5
443	4,0882063916E-5	4,8453987138E-5
444	4,0945112087E-5	4,851689058E-5
445	4,1008014543E-5	4,8579644605E-5
446	4,1070751146E-5	4,8642259126E-5
447	4,1133315575E-5	4,870473783E-5
448	4,1195706163E-5	4,8767082099E-5
449	4,1257922329E-5	4,8829292504E-5
450	4,1319964261E-5	4,8891369337E-5
451	4,138183207E-5	4,8953312791E-5
452	4,1443525818E-5	4,9015148127E-5
453	4,1505045765E-5	4,9076851712E-5
454	4,1566391196E-5	4,913842344E-5
455	4,1627583123E-5	4,9199863463E-5
456	4,1688579674E-5	4,9261204159E-5
457	4,1749437217E-5	4,9322409842E-5
458	4,1810087329E-5	4,9383495923E-5
459	4,1870598014E-5	4,9444442401E-5
460	4,1930920712E-5	4,9505268448E-5
461	4,1992805662E-5	4,9567024365E-5
462	4,2053545693E-5	4,9627931222E-5
463	4,2115352589E-5	4,9689527476E-5
464	4,2177539581E-5	4,9751271164E-5
465	4,2239854523E-5	4,9813012632E-5
466	4,230189658E-5	4,9874662512E-5
467	4,236381627E-5	4,9936134034E-5
468	4,2425713596E-5	4,9997513291E-5
469	4,248731694E-5	5,0058781632E-5
470	4,2548787623E-5	5,0119874157E-5
471	4,2610139845E-5	5,018083219E-5
472	4,267135511E-5	5,0241663149E-5
473	4,2732427583E-5	5,0302370771E-5
474	4,2793355181E-5	5,036295471E-5
475	4,2854138517E-5	5,0423415503E-5
476	4,2914778311E-5	5,0483753867E-5
477	4,2975274515E-5	5,0543969923E-5
478	4,3035627298E-5	5,0604063796E-5
479	4,3095836782E-5	5,0664035624E-5
480	4,3155902948E-5	5,0723885517E-5
481	4,3215803188E-5	5,0783622331E-5
482	4,3275561581E-5	5,0843242258E-5
483	4,3335183156E-5	5,0902747345E-5
484	4,3394675211E-5	5,096213471E-5
485	4,3454040413E-5	5,1021411707E-5
486	4,3513287339E-5	5,1080578593E-5
487	4,3572425717E-5	5,1139639729E-5
488	4,3631431404E-5	5,1198598071E-5
489	4,3690331084E-5	5,1257448154E-5
490	4,374909376E-5	5,1316197013E-5
491	4,3807752876E-5	5,1374834508E-5
492	4,3866277445E-5	5,143337136E-5
493	4,3924696909E-5	5,1491799849E-5
494	4,3983001927E-5	5,1550130566E-5
495	4,4037536838E-5	5,1605633335E-5
496	4,4090697375E-5	5,1660187234E-5
497	4,4143386931E-5	5,1714411302E-5
498	4,4195856902E-5	5,1768465429E-5
499	4,4248168713E-5	5,1822395126E-5
500	4,4300375483E-5	5,1876209176E-5
501	4,4352419151E-5	5,1929927129E-5
502	4,4404362136E-5	5,1983524114E-5
503	4,4456146207E-5	5,2037021541E-5
504	4,4507832261E-5	5,2090398395E-5
505	4,4559357816E-5	5,214367817E-5
506	4,4610785218E-5	5,2196836423E-5
507	4,4662052721E-5	5,2249897374E-5
508	4,4713275193E-5	5,2302836843E-5
509	4,476428399E-5	5,2355701444E-5
510	4,4815247617E-5	5,2408428165E-5
511	4,4866037982E-5	5,2461076774E-5
512	4,491676809E-5	5,2513591063E-5
513	4,4967319494E-5	5,2566019339E-5
514	4,5017797803E-5	5,2618321532E-5
515	4,5068096729E-5	5,2670533087E-5
516	4,5118321902E-5	5,2722617056E-5
517	4,5168368349E-5	5,2774609653E-5
518	4,5218341517E-5	5,2826474738E-5
519	4,5268136277E-5	5,287824877E-5
520	4,5317857401E-5	5,2929895569E-5
521	4,536739696E-5	5,2981450034E-5
522	4,5416860695E-5	5,3032874647E-5
523	4,5466199169E-5	5,3084204932E-5
524	4,5515413742E-5	5,3135427182E-5
525	4,5564504834E-5	5,3186538404E-5
526	4,5613472293E-5	5,3237537773E-5
527	4,5662315982E-5	5,3288425276E-5
528	4,5711036532E-5	5,3339201204E-5
529	4,5759634169E-5	5,3389865647E-5
530	4,5808108761E-5	5,3440418734E-5
531	4,5856459918E-5	5,3490860568E-5
532	4,5904689681E-5	5,3541191327E-5
533	4,5952793898E-5	5,3591413547E-5
534	4,6000776563E-5	5,3641523454E-5
535	4,6048708371E-5	5,3691568317E-5
536	4,6096379165E-5	5,3741490103E-5
537	4,6143956155E-5	5,379128562E-5
538	4,6191526614E-5	5,3841013789E-5
539	4,6238812345E-5	5,3890615975E-5
540	4,6286113722E-5	5,3940139689E-5
541	4,6333140182E-5	5,3989531466E-5
542	4,6380199422E-5	5,4038846372E-5
543	4,6426973774E-5	5,4088024899E-5
544	4,6473793857E-5	5,4137127508E-5
545	4,652031745E-5	5,4186091559E-5
546	4,6566898959E-5	5,4234981664E-5
547	4,6613197041E-5	5,4283731446E-5
548	4,6659566572E-5	5,4332407934E-5
549	4,6705616768E-5	5,4380941632E-5
550	4,6751750447E-5	5,4429405151E-5
551	4,6797553524E-5	5,4477726942E-5
552	4,6843442872E-5	5,4525982099E-5
553	4,6889003829E-5	5,4574100854E-5
554	4,6934646404E-5	5,4622153965E-5
555	4,6979976588E-5	5,4670074364E-5
556	4,7025368186E-5	5,4717933143E-5
557	4,7070457235E-5	5,4765658722E-5
558	4,7115598114E-5	5,4813320289E-5
559	4,7160446686E-5	5,4860850153E-5
560	4,7205346044E-5	5,4908314333E-5
561	4,7249954583E-5	5,495565352E-5
562	4,7294604169E-5	5,5002922791E-5
563	4,7338972712E-5	5,5050067805E-5
564	4,7383372942E-5	5,5097140939E-5
565	4,7427502573E-5	5,5144091507E-5
566	4,7471653943E-5	5,519096864E-5
567	4,7515544892E-5	5,5237724985E-5
568	4,7559365724E-5	5,528435898E-5
569	4,7603095662E-5	5,5330887042E-5
570	4,7646712332E-5	5,5377313721E-5
571	4,7690211897E-5	5,5423644064E-5
572	4,773359617E-5	5,5469882039E-5
573	4,777686581E-5	5,5516029188E-5
574	4,7820021086E-5	5,5562085997E-5
575	4,7863062944E-5	5,5608052712E-5
576	4,7905990777E-5	5,5653929441E-5
577	4,7948804497E-5	5,5699716335E-5
578	4,7991507498E-5	5,5745416097E-5
579	4,8034103797E-5	5,5791031582E-5
580	4,8076594301E-5	5,5836563473E-5
581	4,8118979437E-5	5,5882011878E-5
582	4,8161259086E-5	5,5927376922E-5
583	4,8203433329E-5	5,5972658723E-5
584	4,8245502442E-5	5,6017857446E-5
585	4,8287466201E-5	5,6062973251E-5
586	4,8329325103E-5	5,6108006286E-5
587	4,8371078752E-5	5,6152956634E-5
588	4,8412727005E-5	5,6197824402E-5
589	4,8454269811E-5	5,6242609717E-5
590	4,8495707119E-5	5,6287312681E-5
591	4,853703899E-5	5,6331933409E-5
592	4,8578264784E-5	5,6376472013E-5
593	4,8619383939E-5	5,6420928715E-5
594	4,8660395602E-5	5,6465303632E-5
595	4,8701299422E-5	5,6509596889E-5
596	4,874209527E-5	5,6553808677E-5
597	4,8782782215E-5	5,6597939092E-5
598	4,8823360271E-5	5,6641988248E-5
599	4,8863980243E-5	5,6686381597E-5
600	4,8904054975E-5	5,6730088911E-5
601	4,8944423407E-5	5,6774255528E-5
602	4,8984286194E-5	5,6817778097E-5
603	4,9024445588E-5	5,6861772457E-5
604	4,9064099751E-5	5,6905127273E-5
605	4,9104051176E-5	5,6948955726E-5
606	4,9143495697E-5	5,6992145264E-5
607	4,9183239684E-5	5,7035808962E-5
608	4,9222475022E-5	5,7078834124E-5
609	4,9262012092E-5	5,7122333677E-5
610	4,9301191147E-5	5,71656362E-5
611	4,9340221422E-5	5,7208819478E-5
612	4,9379133093E-5	5,7251908213E-5
613	4,9417941236E-5	5,7294910434E-5
614	4,9456649454E-5	5,7337828218E-5
615	4,9495258659E-5	5,7380662415E-5
616	4,9533775474E-5	5,7423413247E-5
617	4,9572186727E-5	5,746608453E-5
618	4,9610509534E-5	5,7508671069E-5
619	4,9648351464E-5	5,7550332361E-5
620	4,9686610077E-5	5,7585466199E-5
621	4,9724068697E-5	5,7616570811E-5
622	4,9761224396E-5	5,7644876133E-5
623	4,979809595E-5	5,7672425469E-5
624	4,9834788374E-5	5,7699705561E-5
625	4,9871337179E-5	5,7726845376E-5
626	4,9907751183E-5	5,7753879194E-5
627	4,9944032572E-5	5,7780816498E-5
628	4,9980185966E-5	5,7807662864E-5
629	5,0015888072E-5	5,7832199004E-5
630	5,0051339381E-5	5,7856337161E-5
631	5,0086651862E-5	5,7880344123E-5
632	5,0121849599E-5	5,79042664E-5
633	5,0156938423E-5	5,7928113381E-5
634	5,0191921304E-5	5,7951888119E-5
635	5,0226800718E-5	5,7975592631E-5
636	5,0261577499E-5	5,7999227362E-5
637	5,0296252158E-5	5,8022792639E-5
638	5,0330825057E-5	5,8046288788E-5
639	5,0365288303E-5	5,8069710866E-5
640	5,0399638348E-5	5,8093056537E-5
641	5,0433874979E-5	5,8116325711E-5
642	5,0467998379E-5	5,8139518542E-5
643	5,0502009024E-5	5,8162635042E-5
644	5,0535907113E-5	5,8185675438E-5
645	5,0569693079E-5	5,8208639972E-5
646	5,0603367178E-5	5,8231529022E-5
647	5,0636929808E-5	5,8254342773E-5
648	5,0670399506E-5	5,8277081608E-5
649	5,0703742954E-5	5,8299752426E-5
650	5,0736996257E-5	5,8322347528E-5
651	5,0770142166E-5	5,8344874279E-5
652	5,0803180985E-5	5,8367330591E-5
653	5,0836113E-5	5,8389715925E-5
654	5,086893877E-5	5,8412030038E-5
655	5,0901658439E-5	5,8434272919E-5
656	5,0934272478E-5	5,8456444753E-5
657	5,0966781079E-5	5,8478545591E-5
658	5,0999184581E-5	5,8500575692E-5
659	5,1031483319E-5	5,8522535253E-5
660	5,1063677632E-5	5,8544424499E-5
661	5,1095474722E-5	5,8564287156E-5
662	5,1127958256E-5	5,8584246563E-5
663	5,116044293E-5	5,8604111697E-5
664	5,1193689934E-5	5,8624456558E-5
665	5,1226979975E-5	5,8644807609E-5
666	5,1260196363E-5	5,8665102505E-5
667	5,1293316479E-5	5,8685330087E-5
668	5,1326335548E-5	5,8705488705E-5
669	5,1359292179E-5	5,8725578635E-5
670	5,1392107443E-5	5,8745609881E-5
671	5,142486044E-5	5,8765566167E-5
672	5,1457511865E-5	5,8785462996E-5
673	5,1490062001E-5	5,8805294652E-5
674	5,1523312846E-5	5,8825603576E-5
675	5,1556653809E-5	5,8845956891E-5
676	5,1589942852E-5	5,8866270346E-5
677	5,1623145914E-5	5,8886523953E-5
678	5,1656254585E-5	5,8906713148E-5
679	5,1689266697E-5	5,8926837056E-5
680	5,1722246665E-5	5,8946895683E-5
681	5,1755090885E-5	5,8966898457E-5
682	5,1787878393E-5	5,8986829004E-5
683	5,1820570023E-5	5,9006702816E-5
684	5,1853166333E-5	5,90265142E-5
685	5,1885667274E-5	5,9046262166E-5
686	5,1918073089E-5	5,9065946333E-5
687	5,1950384001E-5	5,908556663E-5
688	5,1982600163E-5	5,910512325E-5
689	5,2014721946E-5	5,9124616139E-5
690	5,2046749421E-5	5,9144045576E-5
691	5,2078682833E-5	5,916341175E-5
692	5,2110545416E-5	5,9182714663E-5
693	5,2142291577E-5	5,9201962105E-5
694	5,2173967157E-5	5,9221141567E-5
695	5,2205549404E-5	5,9240265279E-5
696	5,2237038515E-5	5,9259328621E-5
697	5,2268478451E-5	5,9278330885E-5
698	5,2299781927E-5	5,9297283353E-5
699	5,2331036475E-5	5,9316166931E-5
700	5,2362155282E-5	5,9334998631E-5
701	5,2394081905E-5	5,9354345214E-5
702	5,2426101108E-5	5,9373737777E-5
703	5,2458070497E-5	5,9393091634E-5
704	5,2489959383E-5	5,941238892E-5
705	5,252166283E-5	5,9431767964E-5
706	5,2553180931E-5	5,9451023157E-5
707	5,2584592245E-5	5,9470206128E-5
708	5,2615957773E-5	5,9489327328E-5
709	5,2647191969E-5	5,9508399524E-5
710	5,2678381894E-5	5,9527404062E-5
711	5,2709211439E-5	5,9544484582E-5
712	5,2740616472E-5	5,9561603387E-5
713	5,277214564E-5	5,9578683822E-5
714	5,2803614675E-5	5,9595715782E-5
715	5,2835031946E-5	5,9612682363E-5
716	5,286636459E-5	5,9629594748E-5
717	5,28976106E-5	5,964644898E-5
718	5,2928769889E-5	5,9663244642E-5
719	5,2959842716E-5	5,9679981764E-5
720	5,2990828817E-5	5,9696660344E-5
721	5,302172789E-5	5,9713280595E-5
722	5,3052541025E-5	5,9729842653E-5
723	5,3083267765E-5	5,9746346593E-5
724	5,3113908146E-5	5,9762792718E-5
725	5,3144462925E-5	5,9779180968E-5
726	5,3174938632E-5	5,9795511472E-5
727	5,3205322795E-5	5,9811786624E-5
728	5,323562165E-5	5,9828003525E-5
729	5,3265842085E-5	5,9844163072E-5
730	5,3296001559E-5	5,986026753E-5
731	5,3326051761E-5	5,9876322101E-5
732	5,3356042216E-5	5,9892316699E-5
733	5,3385576834E-5	5,9906146819E-5
734	5,341497069E-5	5,99197023E-5
735	5,344427125E-5	5,9933173158E-5
736	5,3473528089E-5	5,9946584523E-5
737	5,3502696319E-5	5,9959948175E-5
738	5,3531776594E-5	5,9973259235E-5
739	5,3560769679E-5	5,9986516657E-5
740	5,3589675183E-5	5,999972002E-5
741	5,3618494458E-5	6,0012869136E-5
742	5,3647227105E-5	6,002596391E-5
743	5,3675873867E-5	6,0039004235E-5
744	5,3704434687E-5	6,0051990145E-5
745	5,3732908394E-5	6,0064922124E-5
746	5,3761296828E-5	6,0077800317E-5
747	5,3789600035E-5	6,0090624838E-5
748	5,3817818226E-5	6,010339675E-5
749	5,3845950887E-5	6,0116116236E-5
750	5,3873998696E-5	6,0128783297E-5
751	5,3901962441E-5	6,0141398067E-5
752	5,3929841695E-5	6,0153960726E-5
753	5,3957636264E-5	6,0166471534E-5
754	5,3985347748E-5	6,0178930222E-5
755	5,4012976364E-5	6,0191335748E-5
756	5,4040522359E-5	6,0203688527E-5
757	5,4068786185E-5	6,0216454846E-5
758	5,4097129135E-5	6,0229264455E-5
759	5,4125427136E-5	6,0242042769E-5
760	5,4153654737E-5	6,0254773967E-5
761	5,4181805463E-5	6,0267454555E-5
762	5,4209858081E-5	6,0280071449E-5
763	5,4237834403E-5	6,0292638667E-5
764	5,4265735583E-5	6,0305156983E-5
765	5,4293559744E-5	6,0317625415E-5
766	5,432130635E-5	6,0330043978E-5
767	5,4348976423E-5	6,0342412804E-5
768	5,4376569634E-5	6,0354731862E-5
769	5,4404086573E-5	6,0367001285E-5
770	5,4431527001E-5	6,0379221153E-5
771	5,4458901057E-5	6,039139948E-5
772	5,4486211424E-5	6,0403537551E-5
773	5,4514105452E-5	6,0416033382E-5
774	5,4542138492E-5	6,0428609196E-5
775	5,456985542E-5	6,044099894E-5
776	5,459744124E-5	6,0453307635E-5
777	5,4624935234E-5	6,0465559484E-5
778	5,465234744E-5	6,0477760104E-5
779	5,4679680622E-5	6,0489910901E-5
780	5,4706935014E-5	6,0502012321E-5
781	5,4734110624E-5	6,0514064714E-5
782	5,4761208258E-5	6,0526068058E-5
783	5,4788262969E-5	6,0538022455E-5
784	5,4815239578E-5	6,0549936005E-5
785	5,4842139026E-5	6,056180345E-5
786	5,4868960684E-5	6,0573623848E-5
787	5,489570448E-5	6,0585396701E-5
788	5,4922371843E-5	6,059712178E-5
789	5,4948961358E-5	6,0608798947E-5
790	5,4975475423E-5	6,062042863E-5
791	5,5001912076E-5	6,0632010811E-5
792	5,5028273117E-5	6,064354557E-5
793	5,5054557586E-5	6,0655032969E-5
794	5,5080505494E-5	6,0666319265E-5
795	5,5106365185E-5	6,0677522088E-5
796	5,5132083178E-5	6,0688680209E-5
797	5,5157763377E-5	6,0699779404E-5
798	5,5183098151E-5	6,0710688475E-5
799	5,5208310077E-5	6,0721524871E-5
800	5,5233432806E-5	6,0732307588E-5
801	5,525847255E-5	6,0743040266E-5
802	5,5283432067E-5	6,0753723642E-5
803	5,5308316208E-5	6,0764357914E-5
804	5,5333178083E-5	6,0774945404E-5
805	5,5357898519E-5	6,0785496602E-5
806	5,538260127E-5	6,0795988694E-5
807	5,5407224782E-5	6,0806443578E-5
808	5,5431769073E-5	6,0816853102E-5
809	5,5456234446E-5	6,0827216339E-5
810	5,5480683048E-5	6,0837532499E-5
811	5,5504991848E-5	6,0847816349E-5
812	5,5529283798E-5	6,0858042057E-5
813	5,5553496352E-5	6,0868233776E-5
814	5,5577631803E-5	6,0878381683E-5
815	5,5601689432E-5	6,0888484087E-5
816	5,5625669108E-5	6,0898540446E-5
817	5,5649571228E-5	6,0908550472E-5
818	5,5673396496E-5	6,0918514321E-5
819	5,5697152415E-5	6,0928436391E-5
820	5,5720838245E-5	6,0938317357E-5
821	5,5744456802E-5	6,0948157497E-5
822	5,5768007095E-5	6,0957957131E-5
823	5,5791488672E-5	6,0967716032E-5
824	5,5814712759E-5	6,0975770558E-5
825	5,5837785386E-5	6,0983416035E-5
826	5,58607726E-5	6,0990930743E-5
827	5,5883685115E-5	6,0998383196E-5
828	5,5906526843E-5	6,1005789747E-5
829	5,5929299482E-5	6,1013154858E-5
830	5,5952003743E-5	6,1020480467E-5
831	5,5974639475E-5	6,1027767607E-5
832	5,5997716105E-5	6,1035308603E-5
833	5,6020869784E-5	6,1042893022E-5
834	5,6043996483E-5	6,1050462759E-5
835	5,6067067459E-5	6,1058001819E-5
836	5,609007943E-5	6,1065509443E-5
837	5,6113033567E-5	6,1072985286E-5
838	5,6135928679E-5	6,1080429361E-5
839	5,6158766547E-5	6,1087841925E-5
840	5,6181550164E-5	6,1095224832E-5
841	5,6204282064E-5	6,1102579415E-5
842	5,6226963559E-5	6,1109906011E-5
843	5,6249594533E-5	6,1117204706E-5
844	5,6272175411E-5	6,1124475651E-5
845	5,6294705575E-5	6,1131719499E-5
846	5,6317185266E-5	6,1138936603E-5
847	5,6339696775E-5	6,1146127038E-5
848	5,6362076661E-5	6,1153308408E-5
849	5,6384485987E-5	6,1160449993E-5
850	5,640684534E-5	6,1167578326E-5
851	5,6429155087E-5	6,1174683144E-5
852	5,6451414804E-5	6,1181763359E-5
853	5,6473438331E-5	6,1188731158E-5
854	5,6495372685E-5	6,1195653533E-5
855	5,6517246598E-5	6,1202544989E-5
856	5,6539065617E-5	6,1209409039E-5
857	5,6560613007E-5	6,1216150927E-5
858	5,6582082122E-5	6,1222852556E-5
859	5,6603493908E-5	6,1229524751E-5
860	5,6624850529E-5	6,1236169251E-5
861	5,664623695E-5	6,1242786793E-5
862	5,6667485372E-5	6,1249394531E-5
863	5,6688868533E-5	6,1255965153E-5
864	5,6710011224E-5	6,1262541926E-5
865	5,6731286064E-5	6,126906652E-5
866	5,6752425316E-5	6,1275594185E-5
867	5,677351089E-5	6,1282086965E-5
868	5,6794625994E-5	6,1288550897E-5
869	5,6815606287E-5	6,1295004782E-5
870	5,6836695745E-5	6,1301421232E-5
871	5,6857570404E-5	6,1307840242E-5
872	5,6878553777E-5	6,1314211541E-5
873	5,6899403198E-5	6,1320582947E-5
874	5,6920281745E-5	6,1326919968E-5
875	5,6941026431E-5	6,1333246964E-5
876	5,6961800093E-5	6,1339536705E-5
877	5,6982573133E-5	6,1344416942E-5
878	5,7003226071E-5	6,1349190565E-5
879	5,7024385103E-5	6,1354164999E-5
880	5,7045576534E-5	6,1359134997E-5
881	5,7066725859E-5	6,136408457E-5
882	5,7087822363E-5	6,1369012481E-5
883	5,7108866925E-5	6,1373919269E-5
884	5,7130021426E-5	6,1378804985E-5
885	5,7150960194E-5	6,1383686634E-5
886	5,7172006724E-5	6,138853627E-5
887	5,7193000735E-5	6,139337726E-5
888	5,7213940081E-5	6,1398203882E-5
889	5,7234826849E-5	6,1403010367E-5
890	5,7255660142E-5	6,1407797435E-5
891	5,7276441132E-5	6,1412564838E-5
892	5,7297169611E-5	6,1417312498E-5
893	5,7317845883E-5	6,1422040616E-5
894	5,733846896E-5	6,1426749106E-5
895	5,7359041361E-5	6,1431437976E-5
896	5,737956036E-5	6,1436109431E-5
897	5,7400027482E-5	6,144075977E-5
898	5,7420443317E-5	6,144539028E-5
899	5,7440807138E-5	6,145000368E-5
900	5,7461198387E-5	6,1454597274E-5
901	5,7481471458E-5	6,145918213E-5
902	5,7501777286E-5	6,1463747451E-5
903	5,7521971285E-5	6,1468302923E-5
904	5,7542201523E-5	6,1472836203E-5
905	5,7562392251E-5	6,1477363348E-5
906	5,7582544424E-5	6,14818768E-5
907	5,7602658038E-5	6,1486376257E-5
908	5,7622733936E-5	6,1490861372E-5
909	5,7642771417E-5	6,1495334215E-5
910	5,7662770916E-5	6,1499790878E-5
911	5,7682732596E-5	6,1504232558E-5
912	5,7702657841E-5	6,1508659346E-5
913	5,7722543867E-5	6,1513073747E-5
914	5,7742392769E-5	6,151747223E-5
915	5,7762204594E-5	6,1521856167E-5
916	5,7781978408E-5	6,1526227987E-5
917	5,7801714455E-5	6,1530583934E-5
918	5,7821414463E-5	6,153492537E-5
919	5,7841076794E-5	6,1539254664E-5
920	5,7860702469E-5	6,1543568143E-5
921	5,7880289219E-5	6,1547869526E-5
922	5,7899840602E-5	6,1552155082E-5
923	5,7919354554E-5	6,1556428449E-5
924	5,7938831806E-5	6,156068601E-5
925	5,7958271182E-5	6,1564931645E-5
926	5,7977675492E-5	6,1569161545E-5
927	5,7997042226E-5	6,1573379272E-5
928	5,801637373E-5	6,1577581323E-5
929	5,803566764E-5	6,158177137E-5
930	5,8054926335E-5	6,158594578E-5
931	5,8074148075E-5	6,1590108065E-5
932	5,8093334136E-5	6,1594254801E-5
933	5,8112482603E-5	6,1598389564E-5
934	5,8131596774E-5	6,160250886E-5
935	5,8150674087E-5	6,1606616099E-5
936	5,8169716274E-5	6,1610708218E-5
937	5,8188721621E-5	6,1614788648E-5
938	5,8207692139E-5	6,1618854073E-5
939	5,8226626118E-5	6,1622907794E-5
940	5,8245522535E-5	6,1626948797E-5
941	5,826438435E-5	6,163097468E-5
942	5,8283209447E-5	6,1634988854E-5
943	5,8301996283E-5	6,1638990283E-5
944	5,832074891E-5	6,164297665E-5
945	5,8339466183E-5	6,164695135E-5
946	5,8358148113E-5	6,1650913527E-5
947	5,8376794969E-5	6,1654863274E-5
948	5,8395406828E-5	6,1658800544E-5
949	5,8413983786E-5	6,1662725304E-5
950	5,8432525807E-5	6,1666637533E-5
951	5,8451033068E-5	6,1670537286E-5
952	5,8469505596E-5	6,1674424582E-5
953	5,8487943957E-5	6,1678299357E-5
954	5,8506347162E-5	6,1682161629E-5
955	5,8524715946E-5	6,1686011481E-5
956	5,8543050027E-5	6,1689848887E-5
957	5,8561349913E-5	6,1693673856E-5
958	5,8579615638E-5	6,1697486563E-5
959	5,8597846994E-5	6,1701286874E-5
960	5,8616044113E-5	6,1705074821E-5
961	5,863420709E-5	6,1708850421E-5
962	5,8652336152E-5	6,17126137E-5
963	5,8670431641E-5	6,1716364708E-5
964	5,8688492857E-5	6,1720103537E-5
965	5,8706520126E-5	6,1723830273E-5
966	5,8724513648E-5	6,1727544832E-5
967	5,8742473666E-5	6,1731247192E-5
968	5,8760399894E-5	6,1734937403E-5
969	5,8778293145E-5	6,1738615501E-5
970	5,8796152726E-5	6,1742281557E-5
971	5,8813978622E-5	6,1745935575E-5
972	5,8831813126E-5	6,1749577589E-5
973	5,8849572613E-5	6,1753215741E-5
974	5,8867340652E-5	6,1756836978E-5
975	5,8885033602E-5	6,1760452794E-5
976	5,8902735414E-5	6,1764051135E-5
977	5,8920456031E-5	6,1767643636E-5
978	5,8938091952E-5	6,1771235767E-5
979	5,8955745994E-5	6,1774808802E-5
980	5,8973408751E-5	6,1778379543E-5
981	5,8990996899E-5	6,1781947961E-5
982	5,9008594148E-5	6,1785500402E-5
983	5,902611651E-5	6,178904819E-5
984	5,9043646776E-5	6,1792578999E-5
985	5,9061103529E-5	6,1796102325E-5
986	5,9078569072E-5	6,1799609644E-5
987	5,9095960696E-5	6,1803111884E-5
988	5,9113361311E-5	6,1806596846E-5
989	5,913068683E-5	6,1810076427E-5
990	5,9148022472E-5	6,1813536342E-5
991	5,9165325654E-5	6,1816992335E-5
992	5,9182596594E-5	6,1820439549E-5
993	5,9199835404E-5	6,1823876592E-5
994	5,9217042046E-5	6,1827302947E-5
995	5,923421566E-5	6,1830718446E-5
996	5,9251358139E-5	6,1834120639E-5
997	5,9268468296E-5	6,1837512963E-5
998	5,928554659E-5	6,1840894445E-5
999	5,9302593552E-5	6,1844264869E-5
1000	5,9319781549E-5	6,1847624272E-5
