0 11 14 iMM904.cmd 1E-8
0 11 14 iJN1463.cmd 1E-7
0 12 12 iMM904.cmd 1E-8
0 12 12 iJN1463.cmd 1E-7
0 5 6 iMM904.cmd 1E-8
0 5 6 iJN1463.cmd 1E-7
0 5 10 iMM904.cmd 1E-8
0 5 10 iJN1463.cmd 1E-7
0 3 12 iMM904.cmd 1E-8
0 3 12 iJN1463.cmd 1E-7
0 3 1 iMM904.cmd 1E-8
0 3 1 iJN1463.cmd 1E-7
0 7 11 iMM904.cmd 1E-8
0 7 11 iJN1463.cmd 1E-7
0 3 7 iMM904.cmd 1E-8
0 3 7 iJN1463.cmd 1E-7
0 5 9 iMM904.cmd 1E-8
0 5 9 iJN1463.cmd 1E-7
0 8 13 iMM904.cmd 1E-8
0 8 13 iJN1463.cmd 1E-7
0 12 11 iMM904.cmd 1E-8
0 12 11 iJN1463.cmd 1E-7
0 3 6 iMM904.cmd 1E-8
0 3 6 iJN1463.cmd 1E-7
0 5 14 iMM904.cmd 1E-8
0 5 14 iJN1463.cmd 1E-7
0 5 13 iMM904.cmd 1E-8
0 5 13 iJN1463.cmd 1E-7
0 12 8 iMM904.cmd 1E-8
0 12 8 iJN1463.cmd 1E-7
500 11 14 iMM904.cmd 1,7717742538E-8
500 11 14 iJN1463.cmd 1,0057679657E-7
500 12 12 iMM904.cmd 4,0010838203E-8
500 12 12 iJN1463.cmd 2,019951007E-7
500 5 6 iMM904.cmd 2,1720906157E-7
500 5 6 iJN1463.cmd 5,7172634904E-7
500 5 10 iMM904.cmd 2,8458395692E-7
500 5 10 iJN1463.cmd 7,2336737371E-7
500 3 12 iMM904.cmd 4,2665493555E-7
500 3 12 iJN1463.cmd 9,2945458385E-7
500 3 1 iMM904.cmd 2,837180544E-7
500 3 1 iJN1463.cmd 7,212613798E-7
500 7 11 iMM904.cmd 9,9263564271E-8
500 7 11 iJN1463.cmd 3,1656244689E-7
500 3 7 iMM904.cmd 3,995772271E-7
500 3 7 iJN1463.cmd 9,8970237996E-7
500 5 9 iMM904.cmd 2,299184937E-7
500 5 9 iJN1463.cmd 6,4428230522E-7
500 8 13 iMM904.cmd 5,7190917344E-8
500 8 13 iJN1463.cmd 2,0763154506E-7
500 12 11 iMM904.cmd 3,8457556499E-8
500 12 11 iJN1463.cmd 2,0241467183E-7
500 3 6 iMM904.cmd 4,1315506907E-7
500 3 6 iJN1463.cmd 1,0148091603E-6
500 5 14 iMM904.cmd 1,1897681645E-7
500 5 14 iJN1463.cmd 3,4787406537E-7
500 5 13 iMM904.cmd 2,3233275713E-7
500 5 13 iJN1463.cmd 5,4677490664E-7
500 12 8 iMM904.cmd 2,9861799793E-8
500 12 8 iJN1463.cmd 1,7191248478E-7
500 2 6 iMM904.cmd 4,6601396256E-7
500 2 6 iJN1463.cmd 1,0752457588E-6
500 2 12 iMM904.cmd 4,5790386209E-7
500 2 12 iJN1463.cmd 9,8143693606E-7
500 3 0 iMM904.cmd 3,4137370329E-7
500 3 0 iJN1463.cmd 8,4063393098E-7
500 3 2 iMM904.cmd 2,46182665E-7
500 3 2 iJN1463.cmd 6,2692782243E-7
500 3 8 iMM904.cmd 4,110360991E-7
500 3 8 iJN1463.cmd 9,7989498114E-7
500 3 11 iMM904.cmd 4,3445340329E-7
500 3 11 iJN1463.cmd 9,5769992075E-7
500 3 13 iMM904.cmd 3,3314829009E-7
500 3 13 iJN1463.cmd 7,2839510033E-7
500 4 1 iMM904.cmd 2,2794503089E-7
500 4 1 iJN1463.cmd 5,809636461E-7
500 4 6 iMM904.cmd 3,0457785885E-7
500 4 6 iJN1463.cmd 7,7602732965E-7
500 4 7 iMM904.cmd 3,3171068648E-7
500 4 7 iJN1463.cmd 8,3435637471E-7
500 4 10 iMM904.cmd 3,7141310902E-7
500 4 10 iJN1463.cmd 8,631450579E-7
500 4 12 iMM904.cmd 3,95370552E-7
500 4 12 iJN1463.cmd 8,7643930188E-7
500 4 13 iMM904.cmd 3,0320030282E-7
500 4 13 iJN1463.cmd 6,8109350928E-7
500 4 14 iMM904.cmd 1,4167166272E-7
500 4 14 iJN1463.cmd 3,8866984124E-7
500 5 5 iMM904.cmd 1,8370058202E-7
500 5 5 iJN1463.cmd 4,7969845252E-7
500 5 7 iMM904.cmd 2,3133737603E-7
500 5 7 iJN1463.cmd 6,053417065E-7
500 5 11 iMM904.cmd 3,4127415003E-7
500 5 11 iJN1463.cmd 8,1701649808E-7
500 6 6 iMM904.cmd 1,4300551163E-7
500 6 6 iJN1463.cmd 3,8405662045E-7
500 6 9 iMM904.cmd 1,644560661E-7
500 6 9 iJN1463.cmd 4,6582643088E-7
500 6 10 iMM904.cmd 1,8774724638E-7
500 6 10 iJN1463.cmd 5,1767777812E-7
500 6 13 iMM904.cmd 1,7719498598E-7
500 6 13 iJN1463.cmd 4,3391265281E-7
500 6 14 iMM904.cmd 8,5508909153E-8
500 6 14 iJN1463.cmd 2,6552366539E-7
500 7 10 iMM904.cmd 1,1810023578E-7
500 7 10 iJN1463.cmd 3,5161547775E-7
500 7 12 iMM904.cmd 1,0893315043E-7
500 7 12 iJN1463.cmd 3,2658410629E-7
500 8 11 iMM904.cmd 7,3254500892E-8
500 8 11 iJN1463.cmd 2,4406694111E-7
500 8 12 iMM904.cmd 7,3776272118E-8
500 8 12 iJN1463.cmd 2,4693574238E-7
500 8 14 iMM904.cmd 3,2513605395E-8
500 8 14 iJN1463.cmd 1,5027767178E-7
500 9 13 iMM904.cmd 4,4995191447E-8
500 9 13 iJN1463.cmd 1,6805543618E-7
500 10 14 iMM904.cmd 2,0738614027E-8
500 10 14 iJN1463.cmd 1,0583392599E-7
500 11 8 iMM904.cmd 2,6451171606E-8
500 11 8 iJN1463.cmd 1,3689801082E-7
500 11 11 iMM904.cmd 3,5214382732E-8
500 11 11 iJN1463.cmd 1,7556129317E-7
500 11 12 iMM904.cmd 3,6403167392E-8
500 11 12 iJN1463.cmd 1,7584566284E-7
500 11 13 iMM904.cmd 2,9310076212E-8
500 11 13 iJN1463.cmd 1,3804638316E-7
500 12 7 iMM904.cmd 2,3272469579E-8
500 12 7 iJN1463.cmd 1,3753713686E-7
500 12 9 iMM904.cmd 2,8871997473E-8
500 12 9 iJN1463.cmd 1,592369923E-7
500 12 10 iMM904.cmd 3,5313941226E-8
500 12 10 iJN1463.cmd 1,8668305718E-7
500 12 13 iMM904.cmd 2,5777331799E-8
500 12 13 iJN1463.cmd 1,3353735094E-7
500 12 14 iMM904.cmd 1,4782716351E-8
500 12 14 iJN1463.cmd 9,1037349421E-8
500 13 11 iMM904.cmd 3,0216208321E-8
500 13 11 iJN1463.cmd 1,701701609E-7
500 4 11 iMM904.cmd 3,9178760465E-7
500 4 11 iJN1463.cmd 8,9043779536E-7
500 4 5 iMM904.cmd 2,3322027431E-7
500 4 5 iJN1463.cmd 5,970886627E-7
500 9 14 iMM904.cmd 2,6532803239E-8
500 9 14 iJN1463.cmd 1,2727817839E-7
500 10 13 iMM904.cmd 3,4384465672E-8
500 10 13 iJN1463.cmd 1,3946615059E-7
500 2 11 iMM904.cmd 4,4888174927E-7
500 2 11 iJN1463.cmd 9,7324929969E-7
500 3 10 iMM904.cmd 4,2234305066E-7
500 3 10 iJN1463.cmd 9,4198015082E-7
500 4 0 iMM904.cmd 2,5076934631E-7
500 4 0 iJN1463.cmd 6,2848371738E-7
500 4 2 iMM904.cmd 2,0407805944E-7
500 4 2 iJN1463.cmd 5,2007517591E-7
500 4 8 iMM904.cmd 3,7438439502E-7
500 4 8 iJN1463.cmd 9,067153393E-7
500 6 5 iMM904.cmd 1,2826803342E-7
500 6 5 iJN1463.cmd 3,4088217285E-7
500 6 7 iMM904.cmd 1,4463015517E-7
500 6 7 iJN1463.cmd 3,8926336062E-7
500 6 12 iMM904.cmd 1,518637361E-7
500 6 12 iJN1463.cmd 3,9263828154E-7
500 7 9 iMM904.cmd 1,1981033625E-7
500 7 9 iJN1463.cmd 3,446131337E-7
500 8 10 iMM904.cmd 7,478880896E-8
500 8 10 iJN1463.cmd 2,3784693348E-7
500 9 12 iMM904.cmd 5,1678141546E-8
500 9 12 iJN1463.cmd 1,8456563484E-7
500 11 7 iMM904.cmd 2,1072107621E-8
500 11 7 iJN1463.cmd 1,1100203016E-7
500 11 9 iMM904.cmd 2,663235814E-8
500 11 9 iJN1463.cmd 1,3906734823E-7
500 11 10 iMM904.cmd 3,0836465434E-8
500 11 10 iJN1463.cmd 1,5563638884E-7
500 3 14 iMM904.cmd 1,3401798976E-7
500 3 14 iJN1463.cmd 3,5552349863E-7
500 7 14 iMM904.cmd 3,6708420518E-8
500 7 14 iJN1463.cmd 1,5306817504E-7
500 1 6 iMM904.cmd 4,0651314887E-7
500 1 6 iJN1463.cmd 9,074422496E-7
500 2 5 iMM904.cmd 4,4944355154E-7
500 2 5 iJN1463.cmd 1,0297479328E-6
500 2 8 iMM904.cmd 4,2417193075E-7
500 2 8 iJN1463.cmd 9,6778954234E-7
500 6 8 iMM904.cmd 1,272088967E-7
500 6 8 iJN1463.cmd 3,5284644483E-7
500 10 12 iMM904.cmd 3,9245898065E-8
500 10 12 iJN1463.cmd 1,5852292863E-7
500 1 12 iMM904.cmd 3,7650988516E-7
500 1 12 iJN1463.cmd 7,980897024E-7
500 2 0 iMM904.cmd 4,3249162189E-7
500 2 0 iJN1463.cmd 1,0361607905E-6
500 3 3 iMM904.cmd 2,3675984227E-7
500 3 3 iJN1463.cmd 5,9136127601E-7
500 5 1 iMM904.cmd 1,6223476425E-7
500 5 1 iJN1463.cmd 4,1714530225E-7
500 5 4 iMM904.cmd 1,5965005958E-7
500 5 4 iJN1463.cmd 4,0999374697E-7
500 7 6 iMM904.cmd 8,835811931E-8
500 7 6 iJN1463.cmd 2,403210271E-7
500 9 11 iMM904.cmd 4,9284703993E-8
500 9 11 iJN1463.cmd 1,7376673681E-7
500 10 8 iMM904.cmd 2,2898087796E-8
500 10 8 iJN1463.cmd 1,0126678404E-7
500 10 11 iMM904.cmd 3,6995183886E-8
500 10 11 iJN1463.cmd 1,5108149052E-7
500 13 7 iMM904.cmd 1,1518115809E-8
500 13 7 iJN1463.cmd 7,6712003563E-8
500 13 9 iMM904.cmd 1,7782968432E-8
500 13 9 iJN1463.cmd 1,032738847E-7
500 13 13 iMM904.cmd 1,4596961859E-8
500 13 13 iJN1463.cmd 7,7453538544E-8
500 14 11 iMM904.cmd 1,5012719368E-8
500 14 11 iJN1463.cmd 9,1394695629E-8
500 13 14 iMM904.cmd 8,6041845985E-9
500 13 14 iJN1463.cmd 5,8224023392E-8
500 2 10 iMM904.cmd 4,3319052194E-7
500 2 10 iJN1463.cmd 9,5311266709E-7
500 4 4 iMM904.cmd 2,1202282237E-7
500 4 4 iJN1463.cmd 5,3239967116E-7
500 7 8 iMM904.cmd 9,2466385415E-8
500 7 8 iJN1463.cmd 2,5787776951E-7
500 4 3 iMM904.cmd 1,9574984246E-7
500 4 3 iJN1463.cmd 4,9321627325E-7
500 5 0 iMM904.cmd 1,6866791013E-7
500 5 0 iJN1463.cmd 4,3053596604E-7
500 5 2 iMM904.cmd 1,4877917781E-7
500 5 2 iJN1463.cmd 3,832122683E-7
500 9 10 iMM904.cmd 4,294028561E-8
500 9 10 iJN1463.cmd 1,4762980092E-7
500 10 10 iMM904.cmd 3,1441653917E-8
500 10 10 iJN1463.cmd 1,2879441924E-7
500 1 11 iMM904.cmd 3,798578502E-7
500 1 11 iJN1463.cmd 8,2205443903E-7
500 6 4 iMM904.cmd 1,1342884814E-7
500 6 4 iJN1463.cmd 2,9853836465E-7
500 7 5 iMM904.cmd 8,2740821618E-8
500 7 5 iJN1463.cmd 2,2386177525E-7
500 7 7 iMM904.cmd 9,1044900873E-8
500 7 7 iJN1463.cmd 2,4800647087E-7
500 10 7 iMM904.cmd 1,7844345581E-8
500 10 7 iJN1463.cmd 8,4801188029E-8
500 10 9 iMM904.cmd 2,4978381926E-8
500 10 9 iJN1463.cmd 1,0731326667E-7
500 1 5 iMM904.cmd 3,8903770803E-7
500 1 5 iJN1463.cmd 8,8142450508E-7
500 11 6 iMM904.cmd 1,5495199549E-8
500 11 6 iJN1463.cmd 7,6582172346E-8
500 0 6 iMM904.cmd 1,4385395434E-7
500 0 6 iJN1463.cmd 3,9664893746E-7
500 1 0 iMM904.cmd 3,9643525933E-7
500 1 0 iJN1463.cmd 9,7515180914E-7
500 1 8 iMM904.cmd 3,5476232208E-7
500 1 8 iJN1463.cmd 8,0170983682E-7
500 2 4 iMM904.cmd 3,8189972403E-7
500 2 4 iJN1463.cmd 8,9668969612E-7
500 3 4 iMM904.cmd 2,7587527697E-7
500 3 4 iJN1463.cmd 6,7295227976E-7
500 5 3 iMM904.cmd 1,4598125058E-7
500 5 3 iJN1463.cmd 3,7439623154E-7
500 13 6 iMM904.cmd 4,2133089E-9
500 13 6 iJN1463.cmd 3,8614583598E-8
500 14 7 iMM904.cmd 4,7108808458E-9
500 14 7 iJN1463.cmd 4,3581127845E-8
500 14 9 iMM904.cmd 8,0743601822E-9
500 14 9 iJN1463.cmd 5,6945733503E-8
500 14 10 iMM904.cmd 8,3649138332E-9
500 14 10 iJN1463.cmd 5,8550593427E-8
500 14 12 iMM904.cmd 9,0050357095E-9
500 14 12 iJN1463.cmd 5,7102577201E-8
500 0 12 iMM904.cmd 1,4290152027E-7
500 0 12 iJN1463.cmd 3,8371257249E-7
500 1 13 iMM904.cmd 2,9637646261E-7
500 1 13 iJN1463.cmd 6,1917193975E-7
500 6 1 iMM904.cmd 1,1539054134E-7
500 6 1 iJN1463.cmd 3,0342754659E-7
500 14 13 iMM904.cmd 8,4293083658E-9
500 14 13 iJN1463.cmd 4,9500094726E-8
500 8 6 iMM904.cmd 5,0636550991E-8
500 8 6 iJN1463.cmd 1,4276139284E-7
500 9 8 iMM904.cmd 2,9939430137E-8
500 9 8 iJN1463.cmd 1,019337517E-7
500 2 14 iMM904.cmd 5,8907553381E-8
500 2 14 iJN1463.cmd 1,8565066321E-7
500 1 10 iMM904.cmd 3,6320054372E-7
500 1 10 iJN1463.cmd 8,0806501588E-7
500 9 9 iMM904.cmd 2,8305566448E-8
500 9 9 iJN1463.cmd 1,0121490466E-7
500 7 4 iMM904.cmd 8,2593193179E-8
500 7 4 iJN1463.cmd 2,2309396125E-7
500 10 6 iMM904.cmd 1,5368881678E-8
500 10 6 iJN1463.cmd 6,4767819426E-8
500 6 0 iMM904.cmd 1,0573377483E-7
500 6 0 iJN1463.cmd 2,8013087833E-7
500 6 2 iMM904.cmd 1,0014849392E-7
500 6 2 iJN1463.cmd 2,6656904311E-7
500 8 8 iMM904.cmd 5,3226219009E-8
500 8 8 iJN1463.cmd 1,5264573141E-7
500 0 11 iMM904.cmd 1,4473132921E-7
500 0 11 iJN1463.cmd 4,0016366875E-7
500 6 3 iMM904.cmd 1,0181552847E-7
500 6 3 iJN1463.cmd 2,699326469E-7
500 8 7 iMM904.cmd 5,8162529571E-8
500 8 7 iJN1463.cmd 1,6160017934E-7
500 8 5 iMM904.cmd 4,6367989662E-8
500 8 5 iJN1463.cmd 1,3129364601E-7
500 0 5 iMM904.cmd 1,4580321088E-7
500 0 5 iJN1463.cmd 4,1667456521E-7
500 1 4 iMM904.cmd 3,5559187465E-7
500 1 4 iJN1463.cmd 8,2511172355E-7
500 14 8 iMM904.cmd 3,1705270669E-9
500 14 8 iJN1463.cmd 3,7938828269E-8
500 0 13 iMM904.cmd 1,0732604107E-7
500 0 13 iJN1463.cmd 2,9556835684E-7
500 14 6 iMM904.cmd 0E0
500 14 6 iJN1463.cmd 2,869730532E-8
500 1 9 iMM904.cmd 3,4135045547E-7
500 1 9 iJN1463.cmd 7,7776892973E-7
500 14 14 iMM904.cmd 4,0907461264E-9
500 14 14 iJN1463.cmd 3,6436380819E-8
500 0 8 iMM904.cmd 1,1473593616E-7
500 0 8 iJN1463.cmd 3,4095511072E-7
500 0 0 iMM904.cmd 1,3869590525E-7
500 0 0 iJN1463.cmd 4,6942390492E-7
500 1 1 iMM904.cmd 3,6731769991E-7
500 1 1 iJN1463.cmd 9,8020471856E-7
500 1 14 iMM904.cmd 8,9416666712E-8
500 1 14 iJN1463.cmd 2,4586190222E-7
500 9 6 iMM904.cmd 2,4854160317E-8
500 9 6 iJN1463.cmd 8,0347605368E-8
500 13 5 iMM904.cmd 0E0
500 13 5 iJN1463.cmd 1,5968085292E-8
500 0 7 iMM904.cmd 6,1947965091E-8
500 0 7 iJN1463.cmd 2,1020786083E-7
500 0 10 iMM904.cmd 1,3247679262E-7
500 0 10 iJN1463.cmd 3,8816716585E-7
500 7 3 iMM904.cmd 7,2440734293E-8
500 7 3 iJN1463.cmd 2,0080847855E-7
500 0 4 iMM904.cmd 1,1505399137E-7
500 0 4 iJN1463.cmd 3,5424904036E-7
500 7 0 iMM904.cmd 5,4907003563E-8
500 7 0 iJN1463.cmd 1,5904386677E-7
500 7 2 iMM904.cmd 5,7869563602E-8
500 7 2 iJN1463.cmd 1,6620194822E-7
500 9 5 iMM904.cmd 1,962397601E-8
500 9 5 iJN1463.cmd 6,5721690616E-8
500 10 5 iMM904.cmd 1,0433899481E-8
500 10 5 iJN1463.cmd 4,4495310795E-8
500 0 9 iMM904.cmd 1,2066791329E-7
500 0 9 iJN1463.cmd 3,699390705E-7
500 0 1 iMM904.cmd 1,1530433004E-7
500 0 1 iJN1463.cmd 4,4695485229E-7
500 0 14 iMM904.cmd 4,4978776966E-8
500 0 14 iJN1463.cmd 1,5493426101E-7
500 14 5 iMM904.cmd 0E0
500 14 5 iJN1463.cmd 1,4828216888E-8
500 1 2 iMM904.cmd 3,3191666395E-7
500 1 2 iJN1463.cmd 9,8088284597E-7
500 8 0 iMM904.cmd 2,2387602209E-8
500 8 0 iJN1463.cmd 8,058574207E-8
500 8 2 iMM904.cmd 2,2559453073E-8
500 8 2 iJN1463.cmd 7,9916357533E-8
500 0 3 iMM904.cmd 3,807684815E-8
500 0 3 iJN1463.cmd 1,8937064419E-7
500 9 4 iMM904.cmd 6,2464539559E-9
500 9 4 iJN1463.cmd 3,3113523424E-8
500 0 2 iMM904.cmd 8,4650457216E-8
500 0 2 iJN1463.cmd 3,8610799749E-7
500 10 4 iMM904.cmd 3,0591552937E-9
500 10 4 iJN1463.cmd 2,3266572523E-8
500 12 5 iMM904.cmd 0E0
500 12 5 iJN1463.cmd 8,8969214588E-9
500 13 4 iMM904.cmd 0E0
500 13 4 iJN1463.cmd 6,6298082481E-9
500 8 1 iMM904.cmd 1,5859781074E-8
500 8 1 iJN1463.cmd 6,7646169182E-8
500 9 0 iMM904.cmd 7,8642979157E-9
500 9 0 iJN1463.cmd 4,2659014176E-8
500 9 2 iMM904.cmd 6,3357067834E-9
500 9 2 iJN1463.cmd 3,5200361507E-8
500 14 4 iMM904.cmd 0E0
500 14 4 iJN1463.cmd 6,4017523477E-9
500 9 3 iMM904.cmd 1,4407520018E-9
500 9 3 iJN1463.cmd 2,5299247674E-8
500 10 3 iMM904.cmd 0E0
500 10 3 iJN1463.cmd 1,5975020223E-8
500 10 0 iMM904.cmd 0E0
500 10 0 iJN1463.cmd 1,793422492E-8
500 10 2 iMM904.cmd 0E0
500 10 2 iJN1463.cmd 1,5153577447E-8
500 11 4 iMM904.cmd 0E0
500 11 4 iJN1463.cmd 1,0009554134E-8
500 12 4 iMM904.cmd 0E0
500 12 4 iJN1463.cmd 5,8789750145E-9
500 10 1 iMM904.cmd 0E0
500 10 1 iJN1463.cmd 1,0037060784E-8
500 11 3 iMM904.cmd 0E0
500 11 3 iJN1463.cmd 6,7048058548E-9
500 11 0 iMM904.cmd 0E0
500 11 0 iJN1463.cmd 5,645216874E-9
500 11 2 iMM904.cmd 0E0
500 11 2 iJN1463.cmd 5,1617859256E-9
500 11 1 iMM904.cmd 0E0
500 11 1 iJN1463.cmd 3,6371308128E-9
500 12 3 iMM904.cmd 0E0
500 12 3 iJN1463.cmd 1,8250282762E-9
500 12 0 iMM904.cmd 0E0
500 12 0 iJN1463.cmd 0E0
500 12 1 iMM904.cmd 0E0
500 12 1 iJN1463.cmd 0E0
500 12 2 iMM904.cmd 0E0
500 12 2 iJN1463.cmd 0E0
500 13 0 iMM904.cmd 0E0
500 13 0 iJN1463.cmd 0E0
500 13 1 iMM904.cmd 0E0
500 13 1 iJN1463.cmd 0E0
500 13 3 iMM904.cmd 0E0
500 13 3 iJN1463.cmd 0E0
500 14 0 iMM904.cmd 0E0
500 14 0 iJN1463.cmd 0E0
500 14 1 iMM904.cmd 0E0
500 14 1 iJN1463.cmd 0E0
500 14 2 iMM904.cmd 0E0
500 14 2 iJN1463.cmd 0E0
500 14 3 iMM904.cmd 0E0
500 14 3 iJN1463.cmd 0E0
1000 11 14 iMM904.cmd 2,9810364622E-8
1000 11 14 iJN1463.cmd 1,2645542352E-7
1000 12 12 iMM904.cmd 3,7138479818E-8
1000 12 12 iJN1463.cmd 1,4663952136E-7
1000 5 6 iMM904.cmd 2,6001989592E-7
1000 5 6 iJN1463.cmd 6,0841278677E-7
1000 5 10 iMM904.cmd 3,6086340898E-7
1000 5 10 iJN1463.cmd 7,9588391492E-7
1000 3 12 iMM904.cmd 5,19897894E-7
1000 3 12 iJN1463.cmd 1,0462046365E-6
1000 3 1 iMM904.cmd 3,0834671715E-7
1000 3 1 iJN1463.cmd 7,1691392788E-7
1000 7 11 iMM904.cmd 1,2563241538E-7
1000 7 11 iJN1463.cmd 3,2793281446E-7
1000 3 7 iMM904.cmd 4,508394446E-7
1000 3 7 iJN1463.cmd 1,0003979767E-6
1000 5 9 iMM904.cmd 2,8350805552E-7
1000 5 9 iJN1463.cmd 6,5726682595E-7
1000 8 13 iMM904.cmd 7,0896179149E-8
1000 8 13 iJN1463.cmd 2,1044444988E-7
1000 12 11 iMM904.cmd 3,6842609808E-8
1000 12 11 iJN1463.cmd 1,5079123866E-7
1000 3 6 iMM904.cmd 4,4935400313E-7
1000 3 6 iJN1463.cmd 9,9069303184E-7
1000 5 14 iMM904.cmd 2,2344378012E-7
1000 5 14 iJN1463.cmd 5,1070409159E-7
1000 5 13 iMM904.cmd 2,8828940327E-7
1000 5 13 iJN1463.cmd 6,1810787868E-7
1000 12 8 iMM904.cmd 2,6787466037E-8
1000 12 8 iJN1463.cmd 1,2307481933E-7
1000 2 6 iMM904.cmd 5,0219202999E-7
1000 2 6 iJN1463.cmd 1,0719995813E-6
1000 2 12 iMM904.cmd 5,582883739E-7
1000 2 12 iJN1463.cmd 1,1047188318E-6
1000 3 0 iMM904.cmd 3,6009908303E-7
1000 3 0 iJN1463.cmd 8,2341196345E-7
1000 3 2 iMM904.cmd 2,8774912523E-7
1000 3 2 iJN1463.cmd 6,6858937204E-7
1000 3 8 iMM904.cmd 4,8489701711E-7
1000 3 8 iJN1463.cmd 1,0568838601E-6
1000 3 11 iMM904.cmd 5,4953152107E-7
1000 3 11 iJN1463.cmd 1,1119380538E-6
1000 3 13 iMM904.cmd 4,1354138019E-7
1000 3 13 iJN1463.cmd 8,4627938137E-7
1000 4 1 iMM904.cmd 2,6327471407E-7
1000 4 1 iJN1463.cmd 6,1859342805E-7
1000 4 6 iMM904.cmd 3,4873725415E-7
1000 4 6 iJN1463.cmd 7,9304097721E-7
1000 4 7 iMM904.cmd 3,8529348509E-7
1000 4 7 iJN1463.cmd 8,7094137671E-7
1000 4 10 iMM904.cmd 4,7874711035E-7
1000 4 10 iJN1463.cmd 1,003209154E-6
1000 4 12 iMM904.cmd 4,8392746575E-7
1000 4 12 iJN1463.cmd 9,8842980329E-7
1000 4 13 iMM904.cmd 3,7802384588E-7
1000 4 13 iJN1463.cmd 7,8501158461E-7
1000 4 14 iMM904.cmd 2,6995506839E-7
1000 4 14 iJN1463.cmd 5,9642722733E-7
1000 5 5 iMM904.cmd 2,3210418322E-7
1000 5 5 iJN1463.cmd 5,4551311298E-7
1000 5 7 iMM904.cmd 2,7765847611E-7
1000 5 7 iJN1463.cmd 6,4817490909E-7
1000 5 11 iMM904.cmd 4,362150032E-7
1000 5 11 iJN1463.cmd 9,3356547422E-7
1000 6 6 iMM904.cmd 1,8421340953E-7
1000 6 6 iJN1463.cmd 4,4291128535E-7
1000 6 9 iMM904.cmd 2,1189358185E-7
1000 6 9 iJN1463.cmd 5,1092853251E-7
1000 6 10 iMM904.cmd 2,3972990059E-7
1000 6 10 iJN1463.cmd 5,6429066784E-7
1000 6 13 iMM904.cmd 2,2221912176E-7
1000 6 13 iJN1463.cmd 4,9607717204E-7
1000 6 14 iMM904.cmd 1,6579588043E-7
1000 6 14 iJN1463.cmd 4,016706813E-7
1000 7 10 iMM904.cmd 1,5457758084E-7
1000 7 10 iJN1463.cmd 3,9049655185E-7
1000 7 12 iMM904.cmd 1,3458605525E-7
1000 7 12 iJN1463.cmd 3,3788150669E-7
1000 8 11 iMM904.cmd 9,4480398894E-8
1000 8 11 iJN1463.cmd 2,6257329387E-7
1000 8 12 iMM904.cmd 9,0871683988E-8
1000 8 12 iJN1463.cmd 2,5148633614E-7
1000 8 14 iMM904.cmd 6,4220116178E-8
1000 8 14 iJN1463.cmd 2,0370828178E-7
1000 9 13 iMM904.cmd 5,7066058096E-8
1000 9 13 iJN1463.cmd 1,8161660057E-7
1000 10 14 iMM904.cmd 3,7583930368E-8
1000 10 14 iJN1463.cmd 1,4471786216E-7
1000 11 8 iMM904.cmd 3,04862569E-8
1000 11 8 iJN1463.cmd 1,2428319565E-7
1000 11 11 iMM904.cmd 4,2556780347E-8
1000 11 11 iJN1463.cmd 1,5920837991E-7
1000 11 12 iMM904.cmd 4,156514359E-8
1000 11 12 iJN1463.cmd 1,5493449549E-7
1000 11 13 iMM904.cmd 3,54709409E-8
1000 11 13 iJN1463.cmd 1,3888214088E-7
1000 12 7 iMM904.cmd 2,0909086922E-8
1000 12 7 iJN1463.cmd 1,0175117088E-7
1000 12 9 iMM904.cmd 2,9473384837E-8
1000 12 9 iJN1463.cmd 1,3132190107E-7
1000 12 10 iMM904.cmd 3,5682001647E-8
1000 12 10 iJN1463.cmd 1,4965635079E-7
1000 12 13 iMM904.cmd 2,8551371653E-8
1000 12 13 iJN1463.cmd 1,2077341371E-7
1000 12 14 iMM904.cmd 2,3409463381E-8
1000 12 14 iJN1463.cmd 1,0756784453E-7
1000 13 11 iMM904.cmd 2,9466887373E-8
1000 13 11 iJN1463.cmd 1,3131295927E-7
1000 4 11 iMM904.cmd 4,9656545269E-7
1000 4 11 iJN1463.cmd 1,0289689219E-6
1000 4 5 iMM904.cmd 2,8644396641E-7
1000 4 5 iJN1463.cmd 6,6128846993E-7
1000 9 14 iMM904.cmd 4,8274138865E-8
1000 9 14 iJN1463.cmd 1,6869038752E-7
1000 10 13 iMM904.cmd 4,4431301839E-8
1000 10 13 iJN1463.cmd 1,5652295811E-7
1000 2 11 iMM904.cmd 5,6887225502E-7
1000 2 11 iJN1463.cmd 1,1332826053E-6
1000 3 10 iMM904.cmd 5,5015103952E-7
1000 3 10 iJN1463.cmd 1,1200466102E-6
1000 4 0 iMM904.cmd 2,8245487293E-7
1000 4 0 iJN1463.cmd 6,5943715676E-7
1000 4 2 iMM904.cmd 2,5125281313E-7
1000 4 2 iJN1463.cmd 5,8908355946E-7
1000 4 8 iMM904.cmd 4,4748891955E-7
1000 4 8 iJN1463.cmd 9,9484624424E-7
1000 6 5 iMM904.cmd 1,7266253659E-7
1000 6 5 iJN1463.cmd 4,1423099741E-7
1000 6 7 iMM904.cmd 1,8901813479E-7
1000 6 7 iJN1463.cmd 4,5704717199E-7
1000 6 12 iMM904.cmd 1,8607296247E-7
1000 6 12 iJN1463.cmd 4,3014631626E-7
1000 7 9 iMM904.cmd 1,6260702644E-7
1000 7 9 iJN1463.cmd 4,0678068104E-7
1000 8 10 iMM904.cmd 1,0112808351E-7
1000 8 10 iJN1463.cmd 2,770861303E-7
1000 9 12 iMM904.cmd 6,5317551703E-8
1000 9 12 iJN1463.cmd 1,9982080502E-7
1000 11 7 iMM904.cmd 2,5686944139E-8
1000 11 7 iJN1463.cmd 1,0659554989E-7
1000 11 9 iMM904.cmd 3,4688686386E-8
1000 11 9 iJN1463.cmd 1,3769481826E-7
1000 11 10 iMM904.cmd 3,9991255318E-8
1000 11 10 iJN1463.cmd 1,529125539E-7
1000 3 14 iMM904.cmd 2,71697958E-7
1000 3 14 iJN1463.cmd 5,9426282075E-7
1000 7 14 iMM904.cmd 9,564261081E-8
1000 7 14 iJN1463.cmd 2,6913222506E-7
1000 1 6 iMM904.cmd 4,607799028E-7
1000 1 6 iJN1463.cmd 9,8064186888E-7
1000 2 5 iMM904.cmd 5,0617501825E-7
1000 2 5 iJN1463.cmd 1,0702074698E-6
1000 2 8 iMM904.cmd 5,139028412E-7
1000 2 8 iJN1463.cmd 1,082703947E-6
1000 6 8 iMM904.cmd 1,7364563792E-7
1000 6 8 iJN1463.cmd 4,277531652E-7
1000 10 12 iMM904.cmd 4,9393458921E-8
1000 10 12 iJN1463.cmd 1,6974063346E-7
1000 1 12 iMM904.cmd 4,8172358036E-7
1000 1 12 iJN1463.cmd 9,5229433038E-7
1000 2 0 iMM904.cmd 4,5118238697E-7
1000 2 0 iJN1463.cmd 1,0118220478E-6
1000 3 3 iMM904.cmd 3,0071126906E-7
1000 3 3 iJN1463.cmd 6,8551368821E-7
1000 5 1 iMM904.cmd 2,0874091209E-7
1000 5 1 iJN1463.cmd 4,9661186589E-7
1000 5 4 iMM904.cmd 2,1729003758E-7
1000 5 4 iJN1463.cmd 5,09387519E-7
1000 7 6 iMM904.cmd 1,2692805876E-7
1000 7 6 iJN1463.cmd 3,1293638672E-7
1000 9 11 iMM904.cmd 6,67704435E-8
1000 9 11 iJN1463.cmd 2,0423659046E-7
1000 10 8 iMM904.cmd 3,7409355092E-8
1000 10 8 iJN1463.cmd 1,3001067089E-7
1000 10 11 iMM904.cmd 5,0117644202E-8
1000 10 11 iJN1463.cmd 1,7216981422E-7
1000 13 7 iMM904.cmd 1,0941967038E-8
1000 13 7 iJN1463.cmd 6,6591916708E-8
1000 13 9 iMM904.cmd 2,1421242558E-8
1000 13 9 iJN1463.cmd 1,0582927095E-7
1000 13 13 iMM904.cmd 1,9801792214E-8
1000 13 13 iJN1463.cmd 9,0501011002E-8
1000 14 11 iMM904.cmd 2,0878646791E-8
1000 14 11 iJN1463.cmd 9,7783446178E-8
1000 13 14 iMM904.cmd 1,7221831427E-8
1000 13 14 iJN1463.cmd 8,4968870878E-8
1000 2 10 iMM904.cmd 5,6827229782E-7
1000 2 10 iJN1463.cmd 1,139196286E-6
1000 4 4 iMM904.cmd 2,7841219244E-7
1000 4 4 iJN1463.cmd 6,3715006704E-7
1000 7 8 iMM904.cmd 1,3561560448E-7
1000 7 8 iJN1463.cmd 3,4160290146E-7
1000 4 3 iMM904.cmd 2,5731113145E-7
1000 4 3 iJN1463.cmd 5,9600519743E-7
1000 5 0 iMM904.cmd 2,1300196432E-7
1000 5 0 iJN1463.cmd 5,0609030287E-7
1000 5 2 iMM904.cmd 2,0122254325E-7
1000 5 2 iJN1463.cmd 4,7756738939E-7
1000 9 10 iMM904.cmd 6,3819940824E-8
1000 9 10 iJN1463.cmd 1,952499748E-7
1000 10 10 iMM904.cmd 4,7859992194E-8
1000 10 10 iJN1463.cmd 1,6260752784E-7
1000 1 11 iMM904.cmd 5,0823801453E-7
1000 1 11 iJN1463.cmd 1,014908624E-6
1000 6 4 iMM904.cmd 1,6535490526E-7
1000 6 4 iJN1463.cmd 3,9539700397E-7
1000 7 5 iMM904.cmd 1,2289778526E-7
1000 7 5 iJN1463.cmd 3,01105948E-7
1000 7 7 iMM904.cmd 1,3293150169E-7
1000 7 7 iJN1463.cmd 3,3031409965E-7
1000 10 7 iMM904.cmd 2,9164522932E-8
1000 10 7 iJN1463.cmd 1,0674482108E-7
1000 10 9 iMM904.cmd 4,1076961043E-8
1000 10 9 iJN1463.cmd 1,4280275344E-7
1000 1 5 iMM904.cmd 4,5967083462E-7
1000 1 5 iJN1463.cmd 9,7747995663E-7
1000 11 6 iMM904.cmd 2,5323004591E-8
1000 11 6 iJN1463.cmd 9,6199329048E-8
1000 0 6 iMM904.cmd 3,25316478E-7
1000 0 6 iJN1463.cmd 7,329396417E-7
1000 1 0 iMM904.cmd 4,5575203391E-7
1000 1 0 iJN1463.cmd 1,0341407559E-6
1000 1 8 iMM904.cmd 4,6727885445E-7
1000 1 8 iJN1463.cmd 9,7038480952E-7
1000 2 4 iMM904.cmd 4,5875937422E-7
1000 2 4 iJN1463.cmd 9,7806706439E-7
1000 3 4 iMM904.cmd 3,5395502632E-7
1000 3 4 iJN1463.cmd 7,8263109543E-7
1000 5 3 iMM904.cmd 2,047990276E-7
1000 5 3 iJN1463.cmd 4,8255042385E-7
1000 13 6 iMM904.cmd 4,836414297E-9
1000 13 6 iJN1463.cmd 4,1628730761E-8
1000 14 7 iMM904.cmd 7,7682271868E-9
1000 14 7 iJN1463.cmd 5,3661592209E-8
1000 14 9 iMM904.cmd 1,5135565673E-8
1000 14 9 iJN1463.cmd 8,0520318033E-8
1000 14 10 iMM904.cmd 1,670301276E-8
1000 14 10 iJN1463.cmd 8,395866603E-8
1000 14 12 iMM904.cmd 1,7650959557E-8
1000 14 12 iJN1463.cmd 8,0927099049E-8
1000 0 12 iMM904.cmd 3,4479017418E-7
1000 0 12 iJN1463.cmd 7,2098933324E-7
1000 1 13 iMM904.cmd 3,8521878632E-7
1000 1 13 iJN1463.cmd 7,6155798592E-7
1000 6 1 iMM904.cmd 1,6647350694E-7
1000 6 1 iJN1463.cmd 4,0064486802E-7
1000 14 13 iMM904.cmd 1,5899662585E-8
1000 14 13 iJN1463.cmd 7,579856234E-8
1000 8 6 iMM904.cmd 8,2985226687E-8
1000 8 6 iJN1463.cmd 2,1171205603E-7
1000 9 8 iMM904.cmd 5,481757113E-8
1000 9 8 iJN1463.cmd 1,6349588836E-7
1000 2 14 iMM904.cmd 2,0518737946E-7
1000 2 14 iJN1463.cmd 4,6400170579E-7
1000 1 10 iMM904.cmd 5,0414790222E-7
1000 1 10 iJN1463.cmd 1,0173235066E-6
1000 9 9 iMM904.cmd 4,9814882901E-8
1000 9 9 iJN1463.cmd 1,5771778223E-7
1000 7 4 iMM904.cmd 1,3112828317E-7
1000 7 4 iJN1463.cmd 3,1824907568E-7
1000 10 6 iMM904.cmd 2,9768880291E-8
1000 10 6 iJN1463.cmd 9,7372674452E-8
1000 6 0 iMM904.cmd 1,5329252862E-7
1000 6 0 iJN1463.cmd 3,7081951469E-7
1000 6 2 iMM904.cmd 1,5269316373E-7
1000 6 2 iJN1463.cmd 3,6758455444E-7
1000 8 8 iMM904.cmd 8,9901701448E-8
1000 8 8 iJN1463.cmd 2,3630969184E-7
1000 0 11 iMM904.cmd 3,7215680331E-7
1000 0 11 iJN1463.cmd 7,8406444884E-7
1000 6 3 iMM904.cmd 1,5711931046E-7
1000 6 3 iJN1463.cmd 3,7640755513E-7
1000 8 7 iMM904.cmd 9,6303186023E-8
1000 8 7 iJN1463.cmd 2,4544873037E-7
1000 8 5 iMM904.cmd 7,6957029587E-8
1000 8 5 iJN1463.cmd 1,9564845545E-7
1000 0 5 iMM904.cmd 3,3868936311E-7
1000 0 5 iJN1463.cmd 7,6365665225E-7
1000 1 4 iMM904.cmd 4,3883189698E-7
1000 1 4 iJN1463.cmd 9,3917400077E-7
1000 14 8 iMM904.cmd 1,007125507E-8
1000 14 8 iJN1463.cmd 6,1530245627E-8
1000 0 13 iMM904.cmd 2,7926317887E-7
1000 0 13 iJN1463.cmd 5,8966393704E-7
1000 14 6 iMM904.cmd 3,9551471327E-9
1000 14 6 iJN1463.cmd 3,7793633683E-8
1000 1 9 iMM904.cmd 4,7372846698E-7
1000 1 9 iJN1463.cmd 9,6822831328E-7
1000 14 14 iMM904.cmd 1,371811078E-8
1000 14 14 iJN1463.cmd 7,1109418009E-8
1000 0 8 iMM904.cmd 3,244581432E-7
1000 0 8 iJN1463.cmd 7,172287081E-7
1000 0 0 iMM904.cmd 3,580601139E-7
1000 0 0 iJN1463.cmd 8,8049540296E-7
1000 1 1 iMM904.cmd 4,5544651288E-7
1000 1 1 iJN1463.cmd 1,038289791E-6
1000 1 14 iMM904.cmd 2,3491208029E-7
1000 1 14 iJN1463.cmd 5,0559927719E-7
1000 9 6 iMM904.cmd 4,6710266163E-8
1000 9 6 iJN1463.cmd 1,2962784292E-7
1000 13 5 iMM904.cmd 0E0
1000 13 5 iJN1463.cmd 2,219657905E-8
1000 0 7 iMM904.cmd 2,6160223111E-7
1000 0 7 iJN1463.cmd 6,0833489601E-7
1000 0 10 iMM904.cmd 3,7186425983E-7
1000 0 10 iJN1463.cmd 7,9297563422E-7
1000 7 3 iMM904.cmd 1,2391438014E-7
1000 7 3 iJN1463.cmd 3,0116610457E-7
1000 0 4 iMM904.cmd 3,105970303E-7
1000 0 4 iJN1463.cmd 7,2243441052E-7
1000 7 0 iMM904.cmd 9,4143373921E-8
1000 7 0 iJN1463.cmd 2,3531472304E-7
1000 7 2 iMM904.cmd 1,0334908268E-7
1000 7 2 iJN1463.cmd 2,5440243002E-7
1000 9 5 iMM904.cmd 3,9198879143E-8
1000 9 5 iJN1463.cmd 1,0902952808E-7
1000 10 5 iMM904.cmd 2,4383213012E-8
1000 10 5 iJN1463.cmd 7,6653136266E-8
1000 0 9 iMM904.cmd 3,5287157704E-7
1000 0 9 iJN1463.cmd 7,6373662875E-7
1000 0 1 iMM904.cmd 3,4528335362E-7
1000 0 1 iJN1463.cmd 8,5718740389E-7
1000 0 14 iMM904.cmd 2,0338035055E-7
1000 0 14 iJN1463.cmd 4,520034021E-7
1000 14 5 iMM904.cmd 0E0
1000 14 5 iJN1463.cmd 2,2484363454E-8
1000 1 2 iMM904.cmd 4,4706410224E-7
1000 1 2 iJN1463.cmd 1,0222944278E-6
1000 8 0 iMM904.cmd 5,014089715E-8
1000 8 0 iJN1463.cmd 1,3346577555E-7
1000 8 2 iMM904.cmd 5,1711481199E-8
1000 8 2 iJN1463.cmd 1,3599478106E-7
1000 0 3 iMM904.cmd 2,4616012031E-7
1000 0 3 iJN1463.cmd 6,3306938126E-7
1000 9 4 iMM904.cmd 1,9342227926E-8
1000 9 4 iJN1463.cmd 6,0791683346E-8
1000 0 2 iMM904.cmd 3,1277314306E-7
1000 0 2 iJN1463.cmd 7,8612211718E-7
1000 10 4 iMM904.cmd 1,210057166E-8
1000 10 4 iJN1463.cmd 4,4609467187E-8
1000 12 5 iMM904.cmd 0E0
1000 12 5 iJN1463.cmd 1,577436589E-8
1000 13 4 iMM904.cmd 0E0
1000 13 4 iJN1463.cmd 1,3149349266E-8
1000 8 1 iMM904.cmd 4,396669279E-8
1000 8 1 iJN1463.cmd 1,1938277085E-7
1000 9 0 iMM904.cmd 2,5290035137E-8
1000 9 0 iJN1463.cmd 7,4502821223E-8
1000 9 2 iMM904.cmd 2,1750605539E-8
1000 9 2 iJN1463.cmd 6,5549878551E-8
1000 14 4 iMM904.cmd 0E0
1000 14 4 iJN1463.cmd 1,2299528879E-8
1000 9 3 iMM904.cmd 1,4103119277E-8
1000 9 3 iJN1463.cmd 4,7708208492E-8
1000 10 3 iMM904.cmd 7,593947409E-9
1000 10 3 iJN1463.cmd 3,293352794E-8
1000 10 0 iMM904.cmd 8,7123207024E-9
1000 10 0 iJN1463.cmd 3,4997792766E-8
1000 10 2 iMM904.cmd 7,5261321307E-9
1000 10 2 iJN1463.cmd 3,225379911E-8
1000 11 4 iMM904.cmd 3,0624029248E-9
1000 11 4 iJN1463.cmd 2,3139638325E-8
1000 12 4 iMM904.cmd 0E0
1000 12 4 iJN1463.cmd 1,4470503099E-8
1000 10 1 iMM904.cmd 4,4378393201E-9
1000 10 1 iJN1463.cmd 2,4500535036E-8
1000 11 3 iMM904.cmd 1,1978513369E-9
1000 11 3 iJN1463.cmd 1,940591327E-8
1000 11 0 iMM904.cmd 0E0
1000 11 0 iJN1463.cmd 1,7201049798E-8
1000 11 2 iMM904.cmd 0E0
1000 11 2 iJN1463.cmd 1,7632418734E-8
1000 11 1 iMM904.cmd 0E0
1000 11 1 iJN1463.cmd 1,5243858513E-8
1000 12 3 iMM904.cmd 0E0
1000 12 3 iJN1463.cmd 1,1827445249E-8
1000 13 3 iMM904.cmd 0E0
1000 13 3 iJN1463.cmd 8,7280406468E-9
1000 12 2 iMM904.cmd 0E0
1000 12 2 iJN1463.cmd 1,0466453002E-8
1000 14 3 iMM904.cmd 0E0
1000 14 3 iJN1463.cmd 5,9872277815E-9
1000 12 1 iMM904.cmd 0E0
1000 12 1 iJN1463.cmd 7,3736246069E-9
1000 12 0 iMM904.cmd 0E0
1000 12 0 iJN1463.cmd 7,1921985466E-9
1000 13 0 iMM904.cmd 0E0
1000 13 0 iJN1463.cmd 0E0
1000 13 1 iMM904.cmd 0E0
1000 13 1 iJN1463.cmd 0E0
1000 14 0 iMM904.cmd 0E0
1000 14 0 iJN1463.cmd 0E0
1000 14 1 iMM904.cmd 0E0
1000 14 1 iJN1463.cmd 0E0
1000 14 2 iMM904.cmd 0E0
1000 14 2 iJN1463.cmd 0E0
