0	1,5E-7	1,5E-6
1	1,5670861306E-7	1,5688372946E-6
2	1,6372486752E-7	1,6406513144E-6
3	1,7164903603E-7	1,7170930156E-6
4	1,8020762069E-7	1,7984418076E-6
5	1,8933976319E-7	1,8847206661E-6
6	1,9903129193E-7	1,9759690521E-6
7	2,0929779096E-7	2,0723870395E-6
8	2,2012603358E-7	2,1740203848E-6
9	2,3152728278E-7	2,2809139687E-6
10	2,435017259E-7	2,3931198635E-6
11	2,5605023588E-7	2,5109341773E-6
12	2,6917669375E-7	2,6348371714E-6
13	2,8288210045E-7	2,7646188248E-6
14	2,9716338635E-7	2,9005047817E-6
15	3,120124652E-7	3,0426033426E-6
16	3,2741448905E-7	3,1911410104E-6
17	3,4333473655E-7	3,3465146441E-6
18	3,596177372E-7	3,5092847032E-6
19	3,7613988615E-7	3,679347128E-6
20	3,9278123454E-7	3,8568187066E-6
21	4,0953671181E-7	4,041744805E-6
22	4,2646630609E-7	4,2342957199E-6
23	4,4359465808E-7	4,434657238E-6
24	4,6096691224E-7	4,643130319E-6
25	4,7860191941E-7	4,8600649023E-6
26	4,9656637885E-7	5,0859446762E-6
27	5,1484481496E-7	5,3208756765E-6
28	5,3334199398E-7	5,5654464567E-6
29	5,5199033386E-7	5,8202982678E-6
30	5,7060516912E-7	6,0860384293E-6
31	5,8937206442E-7	6,3624937695E-6
32	6,0833569258E-7	6,6494287686E-6
33	6,2753415827E-7	6,9471878107E-6
34	6,4700705728E-7	7,2559160306E-6
35	6,6683617803E-7	7,5757656658E-6
36	6,8711341817E-7	7,9063819893E-6
37	7,079230283E-7	8,2476131753E-6
38	7,2938990772E-7	8,5995897524E-6
39	7,5153474694E-7	8,9625610386E-6
40	7,743443436E-7	9,3346312123E-6
41	7,977877567E-7	9,7120160851E-6
42	8,2188246198E-7	1,0092004335E-5
43	8,4668120754E-7	1,0471750656E-5
44	8,7212514417E-7	1,0849765467E-5
45	8,9826332982E-7	1,1224116059E-5
46	9,2516092891E-7	1,1595332795E-5
47	9,5281103675E-7	1,1964147071E-5
48	9,8123625433E-7	1,2331151564E-5
49	1,010471223E-6	1,2696713392E-5
50	1,0405168342E-6	1,3060973161E-5
51	1,0714576577E-6	1,3424197917E-5
52	1,1033116724E-6	1,3786322609E-5
53	1,1360727982E-6	1,4146906506E-5
54	1,1697804765E-6	1,4506090319E-5
55	1,2043044946E-6	1,4863648866E-5
56	1,2393079025E-6	1,5218389886E-5
57	1,2746737749E-6	1,556449014E-5
58	1,310442771E-6	1,5899096002E-5
59	1,346807044E-6	1,6221405208E-5
60	1,3829580912E-6	1,6531453339E-5
61	1,4197124574E-6	1,6824017393E-5
62	1,4568467548E-6	1,7108838571E-5
63	1,4941732043E-6	1,7381055797E-5
64	1,5317653917E-6	1,7641604821E-5
65	1,5697846818E-6	1,7891203721E-5
66	1,6082191476E-6	1,8133271258E-5
67	1,6470492913E-6	1,8367887286E-5
68	1,6861889628E-6	1,8595700118E-5
69	1,7255318237E-6	1,8817664353E-5
70	1,7649805639E-6	1,9035465867E-5
71	1,804969609E-6	1,9248148958E-5
72	1,8454511213E-6	1,9456113853E-5
73	1,8860850829E-6	1,9662609069E-5
74	1,9270824165E-6	1,9863726795E-5
75	1,9680783911E-6	2,0064148902E-5
76	2,0093762181E-6	2,0262486293E-5
77	2,0504812741E-6	2,0458764078E-5
78	2,0919209672E-6	2,0652932412E-5
79	2,1334080173E-6	2,0844140254E-5
80	2,1751161807E-6	2,10343832E-5
81	2,2170231686E-6	2,1223250142E-5
82	2,2594922403E-6	2,1410041225E-5
83	2,3023676185E-6	2,159592468E-5
84	2,3456314496E-6	2,1780763881E-5
85	2,3887941418E-6	2,1965102775E-5
86	2,4317157206E-6	2,2151007052E-5
87	2,4739980292E-6	2,234166198E-5
88	2,5160794863E-6	2,2529825392E-5
89	2,5581500614E-6	2,2715762019E-5
90	2,6004981501E-6	2,2900031474E-5
91	2,6429979975E-6	2,3083573753E-5
92	2,6858615911E-6	2,3264399071E-5
93	2,7301501898E-6	2,3439323818E-5
94	2,7752304789E-6	2,3615824452E-5
95	2,8205587434E-6	2,3793028998E-5
96	2,8662184368E-6	2,3970113727E-5
97	2,9121961445E-6	2,4147125986E-5
98	2,9585290151E-6	2,4323518066E-5
99	3,0050102926E-6	2,4498929981E-5
100	3,0517610202E-6	2,4673349944E-5
101	3,0987760042E-6	2,4846579111E-5
102	3,1461650575E-6	2,5019409328E-5
103	3,1936779735E-6	2,519190275E-5
104	3,2408855436E-6	2,5367808705E-5
105	3,2889906861E-6	2,5537994651E-5
106	3,3374884169E-6	2,5705727533E-5
107	3,3865049343E-6	2,5872841381E-5
108	3,4359046697E-6	2,6040162488E-5
109	3,4857518928E-6	2,6207016359E-5
110	3,5358701357E-6	2,6373407216E-5
111	3,5862399299E-6	2,6540043101E-5
112	3,6357817026E-6	2,6709424915E-5
113	3,6854682116E-6	2,6875814902E-5
114	3,735209581E-6	2,7042565055E-5
115	3,7849830297E-6	2,7207553558E-5
116	3,8349501115E-6	2,7373148368E-5
117	3,8850073559E-6	2,7538852264E-5
118	3,9350129444E-6	2,770391907E-5
119	3,9852603977E-6	2,786849102E-5
120	4,0359342797E-6	2,8032731585E-5
121	4,0865910195E-6	2,8196804448E-5
122	4,1367952697E-6	2,8363658506E-5
123	4,1862742667E-6	2,8530311205E-5
124	4,2361104324E-6	2,8694936207E-5
125	4,2861947279E-6	2,8855151226E-5
126	4,3366329699E-6	2,9015891245E-5
127	4,387254574E-6	2,9177347149E-5
128	4,4382143535E-6	2,933835764E-5
129	4,4890497147E-6	2,9499735859E-5
130	4,5402531986E-6	2,9660756539E-5
131	4,5914405161E-6	2,9821773072E-5
132	4,6427104603E-6	2,9982390408E-5
133	4,694066494E-6	3,0142641216E-5
134	4,7454174692E-6	3,0302721872E-5
135	4,796510776E-6	3,0462292648E-5
136	4,8479210865E-6	3,0619837085E-5
137	4,899840101E-6	3,0777299624E-5
138	4,9518669952E-6	3,0935199471E-5
139	5,0040819815E-6	3,1093355398E-5
140	5,0561561053E-6	3,125075242E-5
141	5,1084217662E-6	3,1407911698E-5
142	5,1602866821E-6	3,156548602E-5
143	5,2124655842E-6	3,1721882087E-5
144	5,2647464554E-6	3,1877808695E-5
145	5,3176342187E-6	3,2033049053E-5
146	5,3709247452E-6	3,2188192891E-5
147	5,4239914235E-6	3,2343397522E-5
148	5,4774609545E-6	3,249713506E-5
149	5,5310576022E-6	3,2649855231E-5
150	5,5851991526E-6	3,2802060816E-5
151	5,6402036035E-6	3,29539441E-5
152	5,6955403359E-6	3,3105319554E-5
153	5,7511478604E-6	3,3256106588E-5
154	5,8063696703E-6	3,3406650345E-5
155	5,8615033177E-6	3,3557685298E-5
156	5,9163693754E-6	3,370853435E-5
157	5,9713824385E-6	3,3859172552E-5
158	6,0263234112E-6	3,4009360837E-5
159	6,0811979122E-6	3,4159328823E-5
160	6,1361401368E-6	3,4308865731E-5
161	6,1912522794E-6	3,4458238512E-5
162	6,2464893839E-6	3,4606982364E-5
163	6,3020206921E-6	3,4755824038E-5
164	6,3593064873E-6	3,4901829867E-5
165	6,4171836315E-6	3,5047026895E-5
166	6,4752012883E-6	3,5193132051E-5
167	6,5325669494E-6	3,5337917284E-5
168	6,5896651813E-6	3,5483948304E-5
169	6,646898739E-6	3,5630107426E-5
170	6,7039374443E-6	3,577647933E-5
171	6,7608215809E-6	3,5922150724E-5
172	6,8172915429E-6	3,6070230936E-5
173	6,8733289158E-6	3,6216614702E-5
174	6,9290684831E-6	3,6362513291E-5
175	6,985225493E-6	3,6506023456E-5
176	7,0445064524E-6	3,6645922141E-5
177	7,105269323E-6	3,6785336307E-5
178	7,1661302463E-6	3,6924031914E-5
179	7,2271136225E-6	3,7062843016E-5
180	7,2876468792E-6	3,7202631549E-5
181	7,34942145E-6	3,7340913784E-5
182	7,4118148317E-6	3,747843793E-5
183	7,4730385557E-6	3,7616231254E-5
184	7,5320562013E-6	3,7756783696E-5
185	7,58939912E-6	3,7897688628E-5
186	7,6507250854E-6	3,8032837222E-5
187	7,7129108677E-6	3,8167358745E-5
188	7,775104781E-6	3,8302319576E-5
189	7,8369112669E-6	3,843687126E-5
190	7,8978486175E-6	3,8572026665E-5
191	7,956416434E-6	3,871332222E-5
192	8,0141579151E-6	3,8850062204E-5
193	8,0736328069E-6	3,8986153594E-5
194	8,134938722E-6	3,9121201488E-5
195	8,1928138467E-6	3,925865962E-5
196	8,2546746612E-6	3,9389818095E-5
197	8,3174544727E-6	3,9519703618E-5
198	8,3812738966E-6	3,964811558E-5
199	8,4415960063E-6	3,9783898948E-5
200	8,5042346594E-6	3,9915680886E-5
201	8,5678073628E-6	4,004448408E-5
202	8,62868453E-6	4,0177997776E-5
203	8,690406179E-6	4,0309540262E-5
204	8,7542524097E-6	4,0438929384E-5
205	8,8149937201E-6	4,0570890316E-5
206	8,8747099014E-6	4,0703259852E-5
207	8,937290354E-6	4,0832949843E-5
208	8,9995065968E-6	4,0962368531E-5
209	9,0645282452E-6	4,1088179545E-5
210	9,127229282E-6	4,1216987912E-5
211	9,1906791652E-6	4,1344196633E-5
212	9,2502549367E-6	4,1476177466E-5
213	9,306408684E-6	4,1611123474E-5
214	9,362670658E-6	4,1745499756E-5
215	9,4226144606E-6	4,1874729938E-5
216	9,486132575E-6	4,20012908E-5
217	9,5502593887E-6	4,2127754666E-5
218	9,6149939918E-6	4,2249539501E-5
219	9,6803810159E-6	4,2371376294E-5
220	9,7362302867E-6	4,2505631678E-5
221	9,8017710952E-6	4,2625873418E-5
222	9,862699738E-6	4,2752500671E-5
223	9,9247905722E-6	4,2878103889E-5
224	9,990471332E-6	4,2998154817E-5
225	1,0053662213E-5	4,312156334E-5
226	1,0122208453E-5	4,323755826E-5
227	1,0189745566E-5	4,3355807733E-5
228	1,0256738089E-5	4,3473791133E-5
229	1,0324841469E-5	4,3592408836E-5
230	1,0389813828E-5	4,3714064448E-5
231	1,0457585604E-5	4,3832233722E-5
232	1,0515788761E-5	4,3958488477E-5
233	1,0575689862E-5	4,4082585229E-5
234	1,0637089989E-5	4,4205799174E-5
235	1,0698691739E-5	4,4327724908E-5
236	1,0762496602E-5	4,4447553458E-5
237	1,0829959799E-5	4,4561888756E-5
238	1,089798692E-5	4,46756692E-5
239	1,0965108598E-5	4,4790849892E-5
240	1,1028052328E-5	4,4910590571E-5
241	1,1093012286E-5	4,5026843153E-5
242	1,1157811392E-5	4,514423087E-5
243	1,1227773306E-5	4,5255353402E-5
244	1,1287955094E-5	4,5376164739E-5
245	1,1348811763E-5	4,5494714448E-5
246	1,1410711757E-5	4,5611875961E-5
247	1,1472536244E-5	4,5728981743E-5
248	1,1533012532E-5	4,5849845393E-5
249	1,1591965914E-5	4,5972692134E-5
250	1,1647646006E-5	4,6098881991E-5
251	1,170495365E-5	4,6220375706E-5
252	1,1762203E-5	4,6340364416E-5
253	1,1826776625E-5	4,6450950132E-5
254	1,1891767026E-5	4,6561119616E-5
255	1,1950523554E-5	4,6678853991E-5
256	1,2008739505E-5	4,6798122715E-5
257	1,2073723418E-5	4,6908643556E-5
258	1,2141235308E-5	4,7016009172E-5
259	1,220676961E-5	4,7126809261E-5
260	1,2271876411E-5	4,7235051153E-5
261	1,2328388865E-5	4,735197906E-5
262	1,2382571161E-5	4,7470312258E-5
263	1,244024085E-5	4,7584763828E-5
264	1,2504932246E-5	4,7692012525E-5
265	1,2567527574E-5	4,7802434405E-5
266	1,2628308086E-5	4,7915256142E-5
267	1,2694691669E-5	4,802053446E-5
268	1,2752467756E-5	4,813489785E-5
269	1,2807444023E-5	4,8254579341E-5
270	1,2870421935E-5	4,8366614712E-5
271	1,2936750679E-5	4,8470462488E-5
272	1,3000466429E-5	4,8579863828E-5
273	1,3065425853E-5	4,8684915132E-5
274	1,3129479745E-5	4,8789335908E-5
275	1,3193774827E-5	4,8893685856E-5
276	1,3260501813E-5	4,899653773E-5
277	1,3325933008E-5	4,9099480457E-5
278	1,3387248631E-5	4,9206151834E-5
279	1,3443940183E-5	4,9315072783E-5
280	1,3506460155E-5	4,9418268023E-5
281	1,3573051531E-5	4,9516761384E-5
282	1,3633237851E-5	4,9622523592E-5
283	1,3700956768E-5	4,9724336589E-5
284	1,3761831474E-5	4,9830654967E-5
285	1,3819916793E-5	4,9942687118E-5
286	1,3881968397E-5	5,0044887658E-5
287	1,39406379E-5	5,0150774388E-5
288	1,3999953612E-5	5,0256583964E-5
289	1,405528244E-5	5,0364674903E-5
290	1,4113764897E-5	5,046992784E-5
291	1,4176948343E-5	5,0570093452E-5
292	1,4242168325E-5	5,0666625486E-5
293	1,4306898945E-5	5,0762878911E-5
294	1,4365933207E-5	5,0866257454E-5
295	1,4428235886E-5	5,0966516312E-5
296	1,4491535704E-5	5,1064148688E-5
297	1,4553791291E-5	5,1163123211E-5
298	1,4614387055E-5	5,1263148729E-5
299	1,4676708562E-5	5,1361416318E-5
300	1,47410334E-5	5,1457839728E-5
301	1,4804259349E-5	5,1555283267E-5
302	1,4867835931E-5	5,1651164754E-5
303	1,4929555802E-5	5,1746648706E-5
304	1,4992691654E-5	5,1842204984E-5
305	1,5054995671E-5	5,1939229241E-5
306	1,5113780551E-5	5,2038088675E-5
307	1,5173914631E-5	5,2134921803E-5
308	1,5235165686E-5	5,2232400865E-5
309	1,5298437722E-5	5,2325880683E-5
310	1,5360563864E-5	5,2419164344E-5
311	1,542041308E-5	5,2515603662E-5
312	1,5480754455E-5	5,261119958E-5
313	1,5541891119E-5	5,2705939824E-5
314	1,5603775973E-5	5,2798724084E-5
315	1,5667858747E-5	5,2892742872E-5
316	1,5727657078E-5	5,2988549974E-5
317	1,5784696677E-5	5,3086122727E-5
318	1,584511102E-5	5,3180418106E-5
319	1,59034641E-5	5,327740311E-5
320	1,5960063214E-5	5,3374388392E-5
321	1,6023690102E-5	5,3462736332E-5
322	1,6086821265E-5	5,3551248319E-5
323	1,614693221E-5	5,364253788E-5
324	1,6203243181E-5	5,3736225205E-5
325	1,6259425069E-5	5,3830028596E-5
326	1,6315208238E-5	5,3924075914E-5
327	1,6370669288E-5	5,4017992784E-5
328	1,643112881E-5	5,4107353289E-5
329	1,6489809672E-5	5,4198353772E-5
330	1,6549037243E-5	5,4287675656E-5
331	1,6610868314E-5	5,4373726747E-5
332	1,6671935863E-5	5,4459899061E-5
333	1,6732497273E-5	5,45466901E-5
334	1,6794438176E-5	5,463248797E-5
335	1,6850383414E-5	5,4724172524E-5
336	1,6907783494E-5	5,4814302497E-5
337	1,6968430764E-5	5,4901443929E-5
338	1,7029360809E-5	5,4986957167E-5
339	1,7088527036E-5	5,5072732316E-5
340	1,7147783203E-5	5,515857328E-5
341	1,7208641972E-5	5,5243039408E-5
342	1,7268992912E-5	5,5327641899E-5
343	1,732961371E-5	5,5411473507E-5
344	1,7388795035E-5	5,5497233933E-5
345	1,7444855759E-5	5,5586079922E-5
346	1,7500344848E-5	5,5675266278E-5
347	1,7554887576E-5	5,5764746185E-5
348	1,7609044732E-5	5,5854374839E-5
349	1,7665055802E-5	5,5942050808E-5
350	1,7720013226E-5	5,6030876302E-5
351	1,7774546178E-5	5,6119443627E-5
352	1,7829209814E-5	5,620755008E-5
353	1,7885601153E-5	5,6293242621E-5
354	1,7942968886E-5	5,6377975538E-5
355	1,7999068401E-5	5,6462912399E-5
356	1,8055312115E-5	5,654723856E-5
357	1,8112547493E-5	5,6629723212E-5
358	1,8168657367E-5	5,6712622011E-5
359	1,8223539492E-5	5,6797364777E-5
360	1,8281542363E-5	5,6879307426E-5
361	1,833553652E-5	5,6964361771E-5
362	1,838941764E-5	5,7049160937E-5
363	1,8443113701E-5	5,7134017914E-5
364	1,8497558233E-5	5,7217439975E-5
365	1,8552330862E-5	5,7300048771E-5
366	1,8608200073E-5	5,7380677249E-5
367	1,8664473085E-5	5,746043608E-5
368	1,8724122732E-5	5,7537986952E-5
369	1,8784097446E-5	5,761554291E-5
370	1,8842178534E-5	5,7693852516E-5
371	1,8899671318E-5	5,7771901188E-5
372	1,8952726673E-5	5,785454846E-5
373	1,900454944E-5	5,7938269777E-5
374	1,9055913004E-5	5,8022215995E-5
375	1,9108470133E-5	5,8104555474E-5
376	1,9161409584E-5	5,8186201434E-5
377	1,921466298E-5	5,8267187739E-5
378	1,9269152449E-5	5,8346515689E-5
379	1,9323847952E-5	5,8425105388E-5
380	1,9378507958E-5	5,8503372429E-5
381	1,9433021468E-5	5,8581503388E-5
382	1,9487496565E-5	5,8659608557E-5
383	1,9542506284E-5	5,8736720964E-5
384	1,959670394E-5	5,8814349065E-5
385	1,9650758489E-5	5,8891819161E-5
386	1,9704782747E-5	5,8969258286E-5
387	1,9758645471E-5	5,9046555921E-5
388	1,9812038682E-5	5,912461981E-5
389	1,9865597941E-5	5,9201627403E-5
390	1,9919068511E-5	5,9278319064E-5
391	1,9972142408E-5	5,9355343286E-5
392	2,002530936E-5	5,9431718826E-5
393	2,0078780355E-5	5,9508138148E-5
394	2,0131882927E-5	5,9584388114E-5
395	2,0184528799E-5	5,9661567402E-5
396	2,0237290721E-5	5,973750166E-5
397	2,029001013E-5	5,9812913718E-5
398	2,034204206E-5	5,9889342262E-5
399	2,0394554512E-5	5,9964509825E-5
400	2,0446999205E-5	6,0040311867E-5
401	2,0499422333E-5	6,0115586211E-5
402	2,0551654195E-5	6,0191155557E-5
403	2,0603781854E-5	6,0266058398E-5
404	2,0655851793E-5	6,034021372E-5
405	2,0707788708E-5	6,0414710994E-5
406	2,0759672423E-5	6,0488520691E-5
407	2,081144927E-5	6,0562700853E-5
408	2,0863197584E-5	6,0636190074E-5
409	2,0914796564E-5	6,0709447183E-5
410	2,0966348452E-5	6,0782543298E-5
411	2,1017935695E-5	6,0855571731E-5
412	2,1069287505E-5	6,0928359351E-5
413	2,1120660324E-5	6,1000991974E-5
414	2,1171999351E-5	6,1073454727E-5
415	2,1223313725E-5	6,1145820411E-5
416	2,1274513209E-5	6,1217973213E-5
417	2,1325684479E-5	6,1289920264E-5
418	2,1376917877E-5	6,136195811E-5
419	2,1427856344E-5	6,1433622985E-5
420	2,1478696018E-5	6,1505112126E-5
421	2,1529423881E-5	6,1576422894E-5
422	2,1580127374E-5	6,1647628651E-5
423	2,1630666352E-5	6,1718622845E-5
424	2,1681197596E-5	6,1789515529E-5
425	2,1731542725E-5	6,1860212927E-5
426	2,1781872957E-5	6,193081195E-5
427	2,183199887E-5	6,2001204771E-5
428	2,1882318837E-5	6,2071271502E-5
429	2,1932762914E-5	6,2140685018E-5
430	2,1983303968E-5	6,2209826046E-5
431	2,2033750117E-5	6,2278633011E-5
432	2,2084221983E-5	6,2347238639E-5
433	2,213459066E-5	6,2415554828E-5
434	2,2184979286E-5	6,2483690799E-5
435	2,2235262716E-5	6,2551549215E-5
436	2,2285579661E-5	6,2619246868E-5
437	2,2335798209E-5	6,2686661947E-5
438	2,2386057289E-5	6,275393798E-5
439	2,243621516E-5	6,2820883313E-5
440	2,2486417508E-5	6,2887673648E-5
441	2,2536511266E-5	6,2954108949E-5
442	2,2586650319E-5	6,3020364644E-5
443	2,2641027955E-5	6,3078596619E-5
444	2,2696257855E-5	6,313518565E-5
445	2,2751631407E-5	6,3191231253E-5
446	2,2806964781E-5	6,3247016127E-5
447	2,2862221861E-5	6,3302607782E-5
448	2,291739716E-5	6,3358028683E-5
449	2,2971213904E-5	6,3415121578E-5
450	2,3022691151E-5	6,3474947493E-5
451	2,3073262828E-5	6,3535952906E-5
452	2,3121060327E-5	6,3600663736E-5
453	2,3167776271E-5	6,3666773718E-5
454	2,3214075563E-5	6,3733330444E-5
455	2,3260231294E-5	6,380002998E-5
456	2,3306141815E-5	6,3866564568E-5
457	2,3352051384E-5	6,3933035444E-5
458	2,3397748651E-5	6,3999270991E-5
459	2,3443459732E-5	6,4065423384E-5
460	2,3488963103E-5	6,4131333123E-5
461	2,3534524563E-5	6,4197192253E-5
462	2,3579826652E-5	6,4262781711E-5
463	2,3625169448E-5	6,4328259682E-5
464	2,3670301394E-5	6,4393489058E-5
465	2,3715478736E-5	6,4458663521E-5
466	2,3760409281E-5	6,4523573083E-5
467	2,3807276051E-5	6,4585799769E-5
468	2,3855786826E-5	6,4645726571E-5
469	2,3905065541E-5	6,4704490969E-5
470	2,3956485818E-5	6,4759022705E-5
471	2,4008662441E-5	6,4812909098E-5
472	2,4060628652E-5	6,4865903581E-5
473	2,4113271902E-5	6,4917859888E-5
474	2,4165681425E-5	6,4969495444E-5
475	2,4217977816E-5	6,5020970471E-5
476	2,427015929E-5	6,5072303772E-5
477	2,4322227467E-5	6,5123503905E-5
478	2,4374186409E-5	6,5174576569E-5
479	2,4424714343E-5	6,5227405836E-5
480	2,4472783404E-5	6,528326835E-5
481	2,45199055E-5	6,5340461747E-5
482	2,456449204E-5	6,5400869993E-5
483	2,4608314156E-5	6,5462544574E-5
484	2,4651528802E-5	6,5524376275E-5
485	2,4694548145E-5	6,5586192253E-5
486	2,4737511641E-5	6,5648009935E-5
487	2,4780250848E-5	6,5709626802E-5
488	2,4823014135E-5	6,5771214169E-5
489	2,4865516853E-5	6,5832545337E-5
490	2,4908010297E-5	6,5893788409E-5
491	2,4950289458E-5	6,5954802897E-5
492	2,4992595428E-5	6,6015777886E-5
493	2,5034642119E-5	6,6076493426E-5
494	2,5076679576E-5	6,6137119065E-5
495	2,5118504208E-5	6,6197516765E-5
496	2,5160356079E-5	6,6257875437E-5
497	2,5201949291E-5	6,6317975293E-5
498	2,5243532822E-5	6,6377985366E-5
499	2,5284904902E-5	6,6437769408E-5
500	2,5326302485E-5	6,6497515491E-5
501	2,5367442754E-5	6,6557003695E-5
502	2,5408573344E-5	6,6616403204E-5
503	2,5449493775E-5	6,6675578774E-5
504	2,5490442086E-5	6,6734718086E-5
505	2,5531133027E-5	6,6793601505E-5
506	2,5571814157E-5	6,6852396091E-5
507	2,5612286592E-5	6,6910967803E-5
508	2,5652787343E-5	6,6969503987E-5
509	2,5693033048E-5	6,7027787149E-5
510	2,5733272429E-5	6,708598628E-5
511	2,5773308261E-5	6,7143968904E-5
512	2,5813374222E-5	6,7201919346E-5
513	2,5853184931E-5	6,7259617265E-5
514	2,5892974494E-5	6,7317247814E-5
515	2,5932558203E-5	6,7374665714E-5
516	2,5972153147E-5	6,7432085571E-5
517	2,6011500168E-5	6,7489252629E-5
518	2,6050814348E-5	6,7546374583E-5
519	2,6089927016E-5	6,7603287974E-5
520	2,6129051966E-5	6,76602042E-5
521	2,616793056E-5	6,7716869153E-5
522	2,6206775732E-5	6,7773486073E-5
523	2,624541554E-5	6,7829889289E-5
524	2,6284065369E-5	6,7886289268E-5
525	2,6322460141E-5	6,7942453307E-5
526	2,6360820139E-5	6,7998567166E-5
527	2,639896933E-5	6,8054461346E-5
528	2,6437152155E-5	6,8110351472E-5
529	2,6475101584E-5	6,8165979256E-5
530	2,6513042509E-5	6,8221609789E-5
531	2,6550748926E-5	6,8276972204E-5
532	2,6588356449E-5	6,8332197637E-5
533	2,6628063923E-5	6,8384459038E-5
534	2,6665974114E-5	6,8438359733E-5
535	2,6707565708E-5	6,848767956E-5
536	2,6745924794E-5	6,8540559663E-5
537	2,6787407088E-5	6,8589536887E-5
538	2,6825576459E-5	6,8642132033E-5
539	2,68626969E-5	6,8695813433E-5
540	2,6899533507E-5	6,8749870683E-5
541	2,6936055764E-5	6,880385762E-5
542	2,6972537808E-5	6,8857855527E-5
543	2,7008781585E-5	6,8911638641E-5
544	2,7045012005E-5	6,8965393242E-5
545	2,7081011689E-5	6,9018919893E-5
546	2,7117002102E-5	6,90724146E-5
547	2,7152763737E-5	6,9125682919E-5
548	2,7188524756E-5	6,917891753E-5
549	2,7224017567E-5	6,9231893557E-5
550	2,7259530639E-5	6,9284858379E-5
551	2,729478357E-5	6,9337570088E-5
552	2,7330058499E-5	6,9390273219E-5
553	2,7365075053E-5	6,9442722815E-5
554	2,7400115131E-5	6,9495168183E-5
555	2,7434903135E-5	6,954735932E-5
556	2,746970618E-5	6,959954863E-5
557	2,7504259862E-5	6,9651483474E-5
558	2,7538801825E-5	6,9703384916E-5
559	2,7573111672E-5	6,9755051683E-5
560	2,7607419293E-5	6,9806692014E-5
561	2,764149559E-5	6,9858100455E-5
562	2,7675570655E-5	6,9909485291E-5
563	2,7709414123E-5	6,9960638274E-5
564	2,7743258511E-5	7,0011771782E-5
565	2,7776868933E-5	7,0062668161E-5
566	2,7810481876E-5	7,0113547344E-5
567	2,7843839496E-5	7,016416691E-5
568	2,7877213817E-5	7,0214785204E-5
569	2,7910339448E-5	7,0265149104E-5
570	2,7943508178E-5	7,0315514608E-5
571	2,7976430319E-5	7,0365626713E-5
572	2,8009371131E-5	7,0415740615E-5
573	2,8042065701E-5	7,0465601516E-5
574	2,8074804105E-5	7,051546425E-5
575	2,8107297545E-5	7,056507355E-5
576	2,8139809935E-5	7,0614684423E-5
577	2,8172077687E-5	7,0664043477E-5
578	2,8204364288E-5	7,0713403906E-5
579	2,8237848894E-5	7,0760856632E-5
580	2,8270373912E-5	7,0809457604E-5
581	2,8307017568E-5	7,0852790903E-5
582	2,8340302476E-5	7,0899850159E-5
583	2,837238904E-5	7,094788849E-5
584	2,8404873249E-5	7,0995489921E-5
585	2,8439247099E-5	7,1040356475E-5
586	2,8471536721E-5	7,1087697463E-5
587	2,8502988435E-5	7,113548612E-5
588	2,8534270453E-5	7,1183497369E-5
589	2,8565250006E-5	7,1231331791E-5
590	2,8596228766E-5	7,1279192142E-5
591	2,86269605E-5	7,1326812812E-5
592	2,8657709638E-5	7,137443827E-5
593	2,8688218324E-5	7,1421817715E-5
594	2,871874646E-5	7,1469199373E-5
595	2,8749035348E-5	7,1516334975E-5
596	2,8779343924E-5	7,1563472834E-5
597	2,8809413862E-5	7,161036503E-5
598	2,8839505794E-5	7,1657264558E-5
599	2,8869361353E-5	7,1703922433E-5
600	2,8899236051E-5	7,175061044E-5
601	2,8928874912E-5	7,1797058295E-5
602	2,8958532389E-5	7,1843512172E-5
603	2,8987954173E-5	7,1889726576E-5
604	2,9017389619E-5	7,1935941184E-5
605	2,9046593089E-5	7,1981920884E-5
606	2,9075811819E-5	7,2027901555E-5
607	2,9104799377E-5	7,2073647982E-5
608	2,9133802746E-5	7,21193965E-5
609	2,9162572189E-5	7,2164932032E-5
610	2,9191360024E-5	7,2210474273E-5
611	2,9219915063E-5	7,2255780385E-5
612	2,9248488509E-5	7,2301092762E-5
613	2,9276829904E-5	7,2346169967E-5
614	2,9305189767E-5	7,2391253481E-5
615	2,9333318157E-5	7,2436127324E-5
616	2,9361465001E-5	7,2481008739E-5
617	2,9389404097E-5	7,2525656814E-5
618	2,9417336023E-5	7,2570315294E-5
619	2,9445062185E-5	7,2614736713E-5
620	2,9472806036E-5	7,2659168612E-5
621	2,9500321299E-5	7,2703370841E-5
622	2,9527854028E-5	7,2747581248E-5
623	2,9555160718E-5	7,2791560976E-5
624	2,9582480691E-5	7,2835547106E-5
625	2,9609577371E-5	7,2879304658E-5
626	2,963668791E-5	7,2923069078E-5
627	2,9663576435E-5	7,2966606963E-5
628	2,9690478822E-5	7,3010151902E-5
629	2,9717160069E-5	7,3053471254E-5
630	2,9743855041E-5	7,3096797573E-5
631	2,9770329701E-5	7,3139898827E-5
632	2,9796817935E-5	7,3183006838E-5
633	2,9823086679E-5	7,3225890548E-5
634	2,9849368846E-5	7,3268780847E-5
635	2,9875432342E-5	7,3311447939E-5
636	2,990150911E-5	7,3354121247E-5
637	2,9927368026E-5	7,339657217E-5
638	2,9953240066E-5	7,3439029529E-5
639	2,9978895068E-5	7,3481265083E-5
640	3,0004563048E-5	7,3523506692E-5
641	3,0030014803E-5	7,3565527246E-5
642	3,0055479391E-5	7,3607553732E-5
643	3,0080728566E-5	7,3649359885E-5
644	3,010599043E-5	7,3691171819E-5
645	3,0131037692E-5	7,3732764251E-5
646	3,01560975E-5	7,3774362295E-5
647	3,0180943513E-5	7,3815741921E-5
648	3,0205801931E-5	7,3857127002E-5
649	3,023044736E-5	7,3898294191E-5
650	3,0255105054E-5	7,3939466664E-5
651	3,0279550565E-5	7,3980421925E-5
652	3,0304008204E-5	7,4021382392E-5
653	3,0328254459E-5	7,4062126623E-5
654	3,0352512704E-5	7,4102875848E-5
655	3,0376560367E-5	7,4143409428E-5
656	3,0400620002E-5	7,4183948139E-5
657	3,0424469999E-5	7,4224272431E-5
658	3,0448331872E-5	7,4264601455E-5
659	3,0471984911E-5	7,4304716397E-5
660	3,0495649695E-5	7,4344835927E-5
661	3,0519106439E-5	7,4384742128E-5
662	3,0542574797E-5	7,442465281E-5
663	3,0565835904E-5	7,446435102E-5
664	3,0589108495E-5	7,4504053532E-5
665	3,0612174641E-5	7,4543544262E-5
666	3,0635252141E-5	7,4583039162E-5
667	3,0658123967E-5	7,4622323068E-5
668	3,0681007018E-5	7,4661611091E-5
669	3,0703685177E-5	7,4700688774E-5
670	3,0726374419E-5	7,4739770337E-5
671	3,0748859554E-5	7,477864242E-5
672	3,0771355664E-5	7,4817518253E-5
673	3,0793648445E-5	7,485618541E-5
674	3,0815952078E-5	7,4894856186E-5
675	3,0838053177E-5	7,4933318985E-5
676	3,0860165005E-5	7,4971785328E-5
677	3,0882075058E-5	7,5010044681E-5
678	3,0903995705E-5	7,5048306951E-5
679	3,0925715351E-5	7,5086363166E-5
680	3,0947445488E-5	7,5124422406E-5
681	3,0968975409E-5	7,516227626E-5
682	3,0990515703E-5	7,5200132939E-5
683	3,101185654E-5	7,5237785463E-5
684	3,1033207635E-5	7,5275440589E-5
685	3,1054360037E-5	7,5312892029E-5
686	3,107552257E-5	7,5350345844E-5
687	3,109648719E-5	7,5387596739E-5
688	3,1117461841E-5	7,542484977E-5
689	3,1138239327E-5	7,546190074E-5
690	3,1159026733E-5	7,5498953671E-5
691	3,1179617768E-5	7,5535805431E-5
692	3,1200218582E-5	7,55726589E-5
693	3,122062374E-5	7,5609312107E-5
694	3,1241038609E-5	7,5645966979E-5
695	3,1261258619E-5	7,5682422563E-5
696	3,1281488224E-5	7,5718879315E-5
697	3,1301523692E-5	7,575513752E-5
698	3,132156865E-5	7,5791396673E-5
699	3,1341420227E-5	7,5827458301E-5
700	3,136128119E-5	7,5863520646E-5
701	3,1380949517E-5	7,5899386143E-5
702	3,140062713E-5	7,5935252222E-5
703	3,1420112853E-5	7,5970922339E-5
704	3,1439607762E-5	7,6006592816E-5
705	3,1458911527E-5	7,604206806E-5
706	3,1478224378E-5	7,6077543398E-5
707	3,1497358649E-5	7,6112824336E-5
708	3,1516490122E-5	7,6148111128E-5
709	3,1535443699E-5	7,6183199944E-5
710	3,1554406147E-5	7,6218293484E-5
711	3,1573179627E-5	7,6253195446E-5
712	3,1591961946E-5	7,6288097439E-5
713	3,1610556029E-5	7,6322807808E-5
714	3,1629158797E-5	7,6357517689E-5
715	3,1647573975E-5	7,6392036514E-5
716	3,1665997812E-5	7,6426554895E-5
717	3,1684258817E-5	7,6460882988E-5
718	3,1702529857E-5	7,6495221706E-5
719	3,17211164E-5	7,6528671616E-5
720	3,1738369292E-5	7,6563513967E-5
721	3,1760867201E-5	7,6592208926E-5
722	3,1780007135E-5	7,6624565253E-5
723	3,1802739584E-5	7,6652640036E-5
724	3,1821917322E-5	7,6684709307E-5
725	3,1844539846E-5	7,6712529967E-5
726	3,1863711959E-5	7,6744484123E-5
727	3,1886209316E-5	7,6772071826E-5
728	3,1905367947E-5	7,6803391992E-5
729	3,1926704289E-5	7,6831900507E-5
730	3,1945705473E-5	7,6863340284E-5
731	3,1965098133E-5	7,6893692391E-5
732	3,1982853115E-5	7,6925837595E-5
733	3,2000179175E-5	7,6958141154E-5
734	3,2017303691E-5	7,6990859785E-5
735	3,203404432E-5	7,7023447194E-5
736	3,2050712982E-5	7,7056047976E-5
737	3,206721646E-5	7,7088516885E-5
738	3,2083844107E-5	7,712111396E-5
739	3,2100173642E-5	7,7153419398E-5
740	3,2118939349E-5	7,7182208298E-5
741	3,213516685E-5	7,7213962266E-5
742	3,2154478643E-5	7,7242191143E-5
743	3,2172636235E-5	7,7271620695E-5
744	3,2191298718E-5	7,7300312902E-5
745	3,2209339148E-5	7,7329665684E-5
746	3,2227903469E-5	7,7358128935E-5
747	3,2245958248E-5	7,7387432864E-5
748	3,2264995132E-5	7,7415028E-5
749	3,2281876886E-5	7,7445017733E-5
750	3,2299729974E-5	7,7473589756E-5
751	3,2315789056E-5	7,7504461642E-5
752	3,233157387E-5	7,7535021687E-5
753	3,2347042751E-5	7,7565862142E-5
754	3,2362262089E-5	7,7596664334E-5
755	3,2377559682E-5	7,7627626694E-5
756	3,2392628387E-5	7,7658251923E-5
757	3,2407274759E-5	7,7689177443E-5
758	3,2423703924E-5	7,7717867488E-5
759	3,2441188955E-5	7,7745191126E-5
760	3,2458130103E-5	7,7772961406E-5
761	3,2474793963E-5	7,7800793862E-5
762	3,2492158331E-5	7,7827685594E-5
763	3,2508892731E-5	7,7855137904E-5
764	3,252546467E-5	7,7882789559E-5
765	3,254267894E-5	7,7909346592E-5
766	3,255844393E-5	7,7937681669E-5
767	3,2574666325E-5	7,7965015435E-5
768	3,2590825034E-5	7,7993399584E-5
769	3,2605718087E-5	7,8022087931E-5
770	3,2620199583E-5	7,8049037055E-5
771	3,2633921087E-5	7,8077872358E-5
772	3,2647496068E-5	7,810710666E-5
773	3,2663781437E-5	7,8133301449E-5
774	3,2677864424E-5	7,8161758164E-5
775	3,2694104079E-5	7,8187614011E-5
776	3,2708103075E-5	7,8215867612E-5
777	3,2724284544E-5	7,8241549132E-5
778	3,2738203851E-5	7,8269581362E-5
779	3,2759735049E-5	7,8288826507E-5
780	3,2779298375E-5	7,8310179928E-5
781	3,2797298438E-5	7,8333103975E-5
782	3,281157933E-5	7,8360058833E-5
783	3,2825261649E-5	7,8387457118E-5
784	3,2838995406E-5	7,8415045623E-5
785	3,2860935858E-5	7,8432386201E-5
786	3,2883539974E-5	7,8449337333E-5
787	3,2906237599E-5	7,8466065577E-5
788	3,2928902915E-5	7,8482641396E-5
789	3,2951479953E-5	7,8499115064E-5
790	3,2974055053E-5	7,8515585684E-5
791	3,2991964721E-5	7,8536918032E-5
792	3,3010598839E-5	7,8557595464E-5
793	3,3029210137E-5	7,8577822629E-5
794	3,3046877736E-5	7,8599059723E-5
795	3,3061235083E-5	7,8623735676E-5
796	3,307438142E-5	7,8649966171E-5
797	3,3087432195E-5	7,8675698098E-5
798	3,3100002045E-5	7,8701861174E-5
799	3,311192142E-5	7,87285405E-5
800	3,3124569015E-5	7,8754206038E-5
801	3,3136621627E-5	7,8780803504E-5
802	3,3148493053E-5	7,88068563E-5
803	3,3161922612E-5	7,8831120753E-5
804	3,3173937615E-5	7,8856723333E-5
805	3,3186295459E-5	7,8881909993E-5
806	3,3197770199E-5	7,8907729902E-5
807	3,3210113987E-5	7,893274511E-5
808	3,3221459536E-5	7,8958561831E-5
809	3,323357129E-5	7,8983053141E-5
810	3,3245695026E-5	7,9007158899E-5
811	3,3263209184E-5	7,9026643375E-5
812	3,3282206154E-5	7,9045129546E-5
813	3,3295664886E-5	7,90683649E-5
814	3,3307261961E-5	7,9093004033E-5
815	3,3318403979E-5	7,9117945853E-5
816	3,3329946482E-5	7,9141916042E-5
817	3,334833139E-5	7,9160080965E-5
818	3,3363246158E-5	7,9181918973E-5
819	3,3373301893E-5	7,9206973265E-5
820	3,338362195E-5	7,9231192E-5
821	3,3401545167E-5	7,9246330119E-5
822	3,3415848706E-5	7,9266359495E-5
823	3,3433437429E-5	7,9282982604E-5
824	3,3451183855E-5	7,9300524356E-5
825	3,3462310064E-5	7,932408868E-5
826	3,3479786359E-5	7,9340905919E-5
827	3,3492967887E-5	7,9362959072E-5
828	3,3504720964E-5	7,9385694935E-5
829	3,3519262433E-5	7,9405090833E-5
830	3,3538108665E-5	7,9419200359E-5
831	3,3556965465E-5	7,9432920664E-5
832	3,3570947826E-5	7,9451929228E-5
833	3,3584547672E-5	7,9471287142E-5
834	3,3601811457E-5	7,9487457487E-5
835	3,3614069398E-5	7,9507725349E-5
836	3,3629073659E-5	7,9525204938E-5
837	3,3646813645E-5	7,9539754554E-5
838	3,3664214589E-5	7,9554413843E-5
839	3,3680398447E-5	7,9570198782E-5
840	3,369468415E-5	7,9588197209E-5
841	3,3707936486E-5	7,960685881E-5
842	3,3722774526E-5	7,9622623161E-5
843	3,3736640032E-5	7,9639187316E-5
844	3,3749620605E-5	7,9658201591E-5
845	3,376724524E-5	7,9671858006E-5
846	3,3784844253E-5	7,9684873963E-5
847	3,3802716087E-5	7,9697619997E-5
848	3,3814469493E-5	7,9716782013E-5
849	3,3824366688E-5	7,9737862736E-5
850	3,3834022527E-5	7,9758103798E-5
851	3,3850850241E-5	7,9771524299E-5
852	3,3865850694E-5	7,9786773224E-5
853	3,3881687874E-5	7,9801030435E-5
854	3,3896110698E-5	7,9816387347E-5
855	3,3910546943E-5	7,983202854E-5
856	3,392209358E-5	7,9850981444E-5
857	3,3938994458E-5	7,9864047925E-5
858	3,3956155267E-5	7,9878260785E-5
859	3,3972344115E-5	7,9892437238E-5
860	3,3987998259E-5	7,9906737495E-5
861	3,4004489751E-5	7,9919632788E-5
862	3,4020950626E-5	7,9932518463E-5
863	3,4036911358E-5	7,9945794103E-5
864	3,4052685677E-5	7,9959112334E-5
865	3,4068465732E-5	7,9972477183E-5
866	3,408450223E-5	7,9985424654E-5
867	3,4100378694E-5	7,9998290664E-5
868	3,4116766237E-5	8,0010791014E-5
869	3,4133429969E-5	8,0022676355E-5
870	3,4150165435E-5	8,0034413056E-5
871	3,4166804712E-5	8,0046038809E-5
872	3,4183544709E-5	8,0057712643E-5
873	3,4191709954E-5	8,0077692568E-5
874	3,4207588496E-5	8,0089741707E-5
875	3,4216696252E-5	8,0107158734E-5
876	3,4231950494E-5	8,0120546949E-5
877	3,4241153531E-5	8,0137670213E-5
878	3,4251258453E-5	8,0155506499E-5
879	3,4266318303E-5	8,0167395319E-5
880	3,4277061647E-5	8,0182251185E-5
881	3,4286227417E-5	8,019918095E-5
882	3,4294021789E-5	8,0217109807E-5
883	3,4302757396E-5	8,0233709097E-5
884	3,431040103E-5	8,0251094589E-5
885	3,4321353922E-5	8,0271777655E-5
886	3,4333974798E-5	8,0296092959E-5
887	3,434798375E-5	8,0310104194E-5
888	3,4361624558E-5	8,0322926361E-5
889	3,4373882911E-5	8,0335910131E-5
890	3,438659794E-5	8,034837439E-5
891	3,4395671207E-5	8,0364214301E-5
892	3,4406298987E-5	8,0377916301E-5
893	3,4415572216E-5	8,0393024796E-5
894	3,4425163793E-5	8,0407930164E-5
895	3,4439055516E-5	8,0418783145E-5
896	3,4452631957E-5	8,0430807373E-5
897	3,4465968386E-5	8,0443017434E-5
898	3,4476763009E-5	8,0456020383E-5
899	3,4485688722E-5	8,0471146779E-5
900	3,4493173434E-5	8,0487518446E-5
901	3,4501184043E-5	8,0503160117E-5
902	3,4510549665E-5	8,0519526581E-5
903	3,4518709369E-5	8,0535819485E-5
904	3,4531697621E-5	8,0546254338E-5
905	3,4541276562E-5	8,0559633902E-5
906	3,4553461674E-5	8,0571448303E-5
907	3,4564040028E-5	8,0583891632E-5
908	3,4578898335E-5	8,0594266068E-5
909	3,4587717465E-5	8,0608402363E-5
910	3,460088936E-5	8,0618431709E-5
911	3,4614755859E-5	8,0627932146E-5
912	3,4624874629E-5	8,0640837095E-5
913	3,4636801819E-5	8,0651446972E-5
914	3,4646404062E-5	8,0665298169E-5
915	3,4659720599E-5	8,0675753912E-5
916	3,4670830412E-5	8,0687796651E-5
917	3,467865372E-5	8,0702950873E-5
918	3,468548784E-5	8,0718760245E-5
919	3,469202998E-5	8,0734168165E-5
920	3,4699621671E-5	8,0749481326E-5
921	3,4711858819E-5	8,0759274336E-5
922	3,4724400004E-5	8,0769926841E-5
923	3,4734729165E-5	8,0781276126E-5
924	3,4743945924E-5	8,0793789295E-5
925	3,4752981122E-5	8,0807275748E-5
926	3,4760834999E-5	8,0822088549E-5
927	3,4769303328E-5	8,0836058764E-5
928	3,4778335866E-5	8,0848815376E-5
929	3,4785139333E-5	8,086292858E-5
930	3,4792061899E-5	8,0877686933E-5
931	3,4799085547E-5	8,0893107691E-5
932	3,4806070448E-5	8,0908446867E-5
933	3,4813043766E-5	8,0923478864E-5
934	3,4820279117E-5	8,0938136959E-5
935	3,4830709965E-5	8,0949514999E-5
936	3,4838061392E-5	8,0963126872E-5
937	3,4844666074E-5	8,0976879447E-5
938	3,4851521501E-5	8,0991281054E-5
939	3,4858509338E-5	8,1006135425E-5
940	3,4865382442E-5	8,1020609667E-5
941	3,487506514E-5	8,1031814609E-5
942	3,4887221899E-5	8,1040301131E-5
943	3,4896364591E-5	8,1050815027E-5
944	3,4905204149E-5	8,1061701029E-5
945	3,4911643558E-5	8,1075071439E-5
946	3,4923796189E-5	8,10847491E-5
947	3,4934361152E-5	8,1094675009E-5
948	3,4945826393E-5	8,1103254099E-5
949	3,4957406925E-5	8,1111583102E-5
950	3,4969009284E-5	8,1119832206E-5
951	3,4977849803E-5	8,1130383735E-5
952	3,4986789389E-5	8,1140848298E-5
953	3,4994394669E-5	8,1152254437E-5
954	3,5001644818E-5	8,1163965517E-5
955	3,5010110983E-5	8,1174860977E-5
956	3,5019139875E-5	8,118506731E-5
957	3,5027069477E-5	8,1195957013E-5
958	3,5038271273E-5	8,1203983085E-5
959	3,5047291281E-5	8,1213625931E-5
960	3,5054680591E-5	8,1224543716E-5
961	3,5061840224E-5	8,1235806911E-5
962	3,5070673302E-5	8,1246415818E-5
963	3,5077703804E-5	8,1257999041E-5
964	3,5084562682E-5	8,1269629639E-5
965	3,5091377269E-5	8,1281187716E-5
966	3,5098079176E-5	8,1292587988E-5
967	3,5107723779E-5	8,130671001E-5
968	3,5116803238E-5	8,1322941809E-5
969	3,5122983603E-5	8,133676981E-5
970	3,5132753617E-5	8,1348291297E-5
971	3,5144266358E-5	8,1359372399E-5
972	3,5155310415E-5	8,1368564856E-5
973	3,5162653638E-5	8,1379616264E-5
974	3,5168827237E-5	8,1391437366E-5
975	3,5174817126E-5	8,1403001645E-5
976	3,5180765539E-5	8,1414411159E-5
977	3,5186500572E-5	8,1425579055E-5
978	3,5194225178E-5	8,1439599298E-5
979	3,5200772445E-5	8,145129145E-5
980	3,5210458919E-5	8,1470118736E-5
981	3,521948094E-5	8,1486467653E-5
982	3,5225402605E-5	8,1500101942E-5
983	3,5230699622E-5	8,1512380624E-5
984	3,5236425211E-5	8,1524324444E-5
985	3,5242072541E-5	8,1535714688E-5
986	3,5248154057E-5	8,1547109207E-5
987	3,52539169E-5	8,1558487753E-5
988	3,5259751996E-5	8,1569633377E-5
989	3,5265803151E-5	8,158103076E-5
990	3,5271540058E-5	8,1592394445E-5
991	3,5279172792E-5	8,1601040205E-5
992	3,5285400535E-5	8,1611894749E-5
993	3,5291337623E-5	8,1623227068E-5
994	3,5297517887E-5	8,1633807952E-5
995	3,5303994531E-5	8,1644543069E-5
996	3,5310546055E-5	8,1655512678E-5
997	3,5319377882E-5	8,1664051528E-5
998	3,5329247747E-5	8,1671336389E-5
999	3,5337202605E-5	8,1679698178E-5
1000	3,5344348733E-5	8,1689647365E-5
