0 8 4 iMM904.cmd 1E-8
0 8 4 iJN1463.cmd 1E-10
0 14 1 iMM904.cmd 1E-8
0 14 1 iJN1463.cmd 1E-10
0 11 11 iMM904.cmd 1E-8
0 11 11 iJN1463.cmd 1E-10
0 9 7 iMM904.cmd 1E-8
0 9 7 iJN1463.cmd 1E-10
0 12 7 iMM904.cmd 1E-8
0 12 7 iJN1463.cmd 1E-10
0 5 13 iMM904.cmd 1E-8
0 5 13 iJN1463.cmd 1E-10
0 14 6 iMM904.cmd 1E-8
0 14 6 iJN1463.cmd 1E-10
0 7 2 iMM904.cmd 1E-8
0 7 2 iJN1463.cmd 1E-10
0 2 12 iMM904.cmd 1E-8
0 2 12 iJN1463.cmd 1E-10
0 9 4 iMM904.cmd 1E-8
0 9 4 iJN1463.cmd 1E-10
0 4 11 iMM904.cmd 1E-8
0 4 11 iJN1463.cmd 1E-10
0 12 1 iMM904.cmd 1E-8
0 12 1 iJN1463.cmd 1E-10
0 14 3 iMM904.cmd 1E-8
0 14 3 iJN1463.cmd 1E-10
0 9 13 iMM904.cmd 1E-8
0 9 13 iJN1463.cmd 1E-10
0 10 1 iMM904.cmd 1E-8
0 10 1 iJN1463.cmd 1E-10
500 8 4 iMM904.cmd 4,1357358109E-7
500 8 4 iJN1463.cmd 3,0863174897E-7
500 14 1 iMM904.cmd 3,2667048021E-7
500 14 1 iJN1463.cmd 2,11364343E-7
500 11 11 iMM904.cmd 3,0366704128E-7
500 11 11 iJN1463.cmd 2,2259943115E-7
500 9 7 iMM904.cmd 2,5517655447E-7
500 9 7 iJN1463.cmd 1,6326930076E-7
500 12 7 iMM904.cmd 1,9533628023E-7
500 12 7 iJN1463.cmd 1,0034002657E-7
500 5 13 iMM904.cmd 4,04877224E-7
500 5 13 iJN1463.cmd 3,6076822078E-7
500 14 6 iMM904.cmd 2,4945587536E-7
500 14 6 iJN1463.cmd 1,3514528922E-7
500 7 2 iMM904.cmd 4,9392827292E-7
500 7 2 iJN1463.cmd 4,2078007505E-7
500 2 12 iMM904.cmd 8,3468439606E-7
500 2 12 iJN1463.cmd 8,2701872218E-7
500 9 4 iMM904.cmd 3,5878939765E-7
500 9 4 iJN1463.cmd 2,5420910174E-7
500 4 11 iMM904.cmd 7,2027371714E-7
500 4 11 iJN1463.cmd 6,5548900002E-7
500 12 1 iMM904.cmd 2,5029095699E-7
500 12 1 iJN1463.cmd 1,4824987877E-7
500 14 3 iMM904.cmd 2,834758312E-7
500 14 3 iJN1463.cmd 1,6110395248E-7
500 9 13 iMM904.cmd 1,9170094105E-7
500 9 13 iJN1463.cmd 1,3587225573E-7
500 10 1 iMM904.cmd 2,7155960621E-7
500 10 1 iJN1463.cmd 1,7067890964E-7
500 2 11 iMM904.cmd 8,0615751008E-7
500 2 11 iJN1463.cmd 7,9588040734E-7
500 2 13 iMM904.cmd 6,7721949369E-7
500 2 13 iJN1463.cmd 6,7749602282E-7
500 3 11 iMM904.cmd 7,9814786685E-7
500 3 11 iJN1463.cmd 7,5361046844E-7
500 3 12 iMM904.cmd 7,901713095E-7
500 3 12 iJN1463.cmd 7,531699043E-7
500 4 10 iMM904.cmd 7,0554572724E-7
500 4 10 iJN1463.cmd 6,5026604979E-7
500 4 12 iMM904.cmd 7,1732830549E-7
500 4 12 iJN1463.cmd 6,5034226233E-7
500 5 11 iMM904.cmd 5,5378730704E-7
500 5 11 iJN1463.cmd 4,8313648051E-7
500 5 12 iMM904.cmd 5,3293755845E-7
500 5 12 iJN1463.cmd 4,6908442868E-7
500 5 14 iMM904.cmd 2,2941198612E-7
500 5 14 iJN1463.cmd 1,5921119195E-7
500 6 13 iMM904.cmd 3,1930661027E-7
500 6 13 iJN1463.cmd 2,7245404975E-7
500 7 1 iMM904.cmd 3,7940455441E-7
500 7 1 iJN1463.cmd 3,1957961969E-7
500 7 3 iMM904.cmd 4,5800364174E-7
500 7 3 iJN1463.cmd 3,7151687959E-7
500 7 4 iMM904.cmd 4,2352031831E-7
500 7 4 iJN1463.cmd 3,3889745177E-7
500 8 3 iMM904.cmd 4,3488096003E-7
500 8 3 iJN1463.cmd 3,2300225224E-7
500 8 5 iMM904.cmd 3,6334459366E-7
500 8 5 iJN1463.cmd 2,6032015996E-7
500 8 7 iMM904.cmd 2,590837306E-7
500 8 7 iJN1463.cmd 1,7852713106E-7
500 8 13 iMM904.cmd 2,0428323578E-7
500 8 13 iJN1463.cmd 1,5196206549E-7
500 9 3 iMM904.cmd 3,7144301759E-7
500 9 3 iJN1463.cmd 2,5738341934E-7
500 9 5 iMM904.cmd 3,1997100569E-7
500 9 5 iJN1463.cmd 2,1617611226E-7
500 9 6 iMM904.cmd 2,832429504E-7
500 9 6 iJN1463.cmd 1,8101393459E-7
500 9 8 iMM904.cmd 2,1437396683E-7
500 9 8 iJN1463.cmd 1,3797190495E-7
500 9 12 iMM904.cmd 2,0321859673E-7
500 9 12 iJN1463.cmd 1,4378129282E-7
500 9 14 iMM904.cmd 1,438319037E-7
500 9 14 iJN1463.cmd 7,9542791542E-8
500 10 0 iMM904.cmd 2,4849945063E-7
500 10 0 iJN1463.cmd 1,5815520518E-7
500 10 2 iMM904.cmd 2,6644893619E-7
500 10 2 iJN1463.cmd 1,5917618477E-7
500 10 4 iMM904.cmd 2,6951295791E-7
500 10 4 iJN1463.cmd 1,7493622782E-7
500 10 7 iMM904.cmd 2,2500217049E-7
500 10 7 iJN1463.cmd 1,3176644604E-7
500 10 13 iMM904.cmd 1,7394512281E-7
500 10 13 iJN1463.cmd 1,1564451003E-7
500 11 1 iMM904.cmd 2,5876187203E-7
500 11 1 iJN1463.cmd 1,5551210055E-7
500 11 7 iMM904.cmd 1,9718508121E-7
500 11 7 iJN1463.cmd 1,0498242507E-7
500 11 12 iMM904.cmd 2,2496609492E-7
500 11 12 iJN1463.cmd 1,5736266145E-7
500 12 0 iMM904.cmd 2,3409234802E-7
500 12 0 iJN1463.cmd 1,3289252699E-7
500 12 2 iMM904.cmd 2,2858381818E-7
500 12 2 iJN1463.cmd 1,247912322E-7
500 12 6 iMM904.cmd 1,9857120023E-7
500 12 6 iJN1463.cmd 9,9121546967E-8
500 12 8 iMM904.cmd 1,5093853313E-7
500 12 8 iJN1463.cmd 7,479855007E-8
500 12 11 iMM904.cmd 2,2189638497E-7
500 12 11 iJN1463.cmd 1,5255808556E-7
500 13 3 iMM904.cmd 2,3441862167E-7
500 13 3 iJN1463.cmd 1,2414263173E-7
500 13 6 iMM904.cmd 2,2067116891E-7
500 13 6 iJN1463.cmd 1,1233335064E-7
500 13 7 iMM904.cmd 1,9891413282E-7
500 13 7 iJN1463.cmd 1,0001052565E-7
500 14 0 iMM904.cmd 2,7382295024E-7
500 14 0 iJN1463.cmd 1,6484491766E-7
500 14 2 iMM904.cmd 3,0049637787E-7
500 14 2 iJN1463.cmd 1,8127093644E-7
500 14 4 iMM904.cmd 2,7905459747E-7
500 14 4 iJN1463.cmd 1,479045142E-7
500 14 5 iMM904.cmd 2,5239617762E-7
500 14 5 iJN1463.cmd 1,3044834622E-7
500 14 7 iMM904.cmd 2,0710123078E-7
500 14 7 iJN1463.cmd 1,0682624313E-7
500 11 0 iMM904.cmd 2,4382992729E-7
500 11 0 iJN1463.cmd 1,4377544603E-7
500 11 2 iMM904.cmd 2,445994652E-7
500 11 2 iJN1463.cmd 1,3899029457E-7
500 13 2 iMM904.cmd 2,4633454753E-7
500 13 2 iJN1463.cmd 1,3468595396E-7
500 8 6 iMM904.cmd 3,0535413492E-7
500 8 6 iJN1463.cmd 2,0266209358E-7
500 10 12 iMM904.cmd 2,0724753224E-7
500 10 12 iJN1463.cmd 1,3978517258E-7
500 3 13 iMM904.cmd 6,502704022E-7
500 3 13 iJN1463.cmd 6,3315712305E-7
500 6 12 iMM904.cmd 3,7112984672E-7
500 6 12 iJN1463.cmd 3,1305541032E-7
500 7 5 iMM904.cmd 3,8561584235E-7
500 7 5 iJN1463.cmd 3,0237015299E-7
500 9 2 iMM904.cmd 2,9670693319E-7
500 9 2 iJN1463.cmd 1,8433314433E-7
500 10 5 iMM904.cmd 2,4739763482E-7
500 10 5 iJN1463.cmd 1,5079894095E-7
500 12 12 iMM904.cmd 1,788190539E-7
500 12 12 iJN1463.cmd 1,1998889389E-7
500 13 0 iMM904.cmd 2,2486366984E-7
500 13 0 iJN1463.cmd 1,2304088912E-7
500 13 5 iMM904.cmd 2,0900464628E-7
500 13 5 iJN1463.cmd 1,0059273347E-7
500 3 10 iMM904.cmd 7,4055090084E-7
500 3 10 iJN1463.cmd 6,9758258386E-7
500 7 13 iMM904.cmd 2,4015772183E-7
500 7 13 iJN1463.cmd 1,9117154923E-7
500 8 8 iMM904.cmd 2,1711653869E-7
500 8 8 iJN1463.cmd 1,5060818362E-7
500 8 12 iMM904.cmd 2,1538821693E-7
500 8 12 iJN1463.cmd 1,6010520117E-7
500 10 6 iMM904.cmd 2,3426071918E-7
500 10 6 iJN1463.cmd 1,3607991481E-7
500 10 8 iMM904.cmd 1,9879926421E-7
500 10 8 iJN1463.cmd 1,1358949186E-7
500 11 6 iMM904.cmd 1,9819732721E-7
500 11 6 iJN1463.cmd 1,0348334472E-7
500 11 8 iMM904.cmd 1,6048633998E-7
500 11 8 iJN1463.cmd 8,2460123483E-8
500 11 13 iMM904.cmd 1,6140415336E-7
500 11 13 iJN1463.cmd 1,0540008735E-7
500 12 3 iMM904.cmd 1,9984416894E-7
500 12 3 iJN1463.cmd 9,9569167263E-8
500 13 8 iMM904.cmd 1,3886420323E-7
500 13 8 iJN1463.cmd 6,5077009772E-8
500 6 14 iMM904.cmd 2,0266848121E-7
500 6 14 iJN1463.cmd 1,330553114E-7
500 8 14 iMM904.cmd 1,4727298474E-7
500 8 14 iJN1463.cmd 8,2394102224E-8
500 10 14 iMM904.cmd 1,225622702E-7
500 10 14 iJN1463.cmd 6,4215916863E-8
500 2 10 iMM904.cmd 7,3249186595E-7
500 2 10 iJN1463.cmd 7,1885777734E-7
500 6 3 iMM904.cmd 4,1023497026E-7
500 6 3 iJN1463.cmd 3,4420733246E-7
500 6 11 iMM904.cmd 3,4977314871E-7
500 6 11 iJN1463.cmd 2,8947817368E-7
500 14 8 iMM904.cmd 1,3221477555E-7
500 14 8 iJN1463.cmd 6,1252429397E-8
500 1 11 iMM904.cmd 6,5850344633E-7
500 1 11 iJN1463.cmd 6,7239092827E-7
500 2 14 iMM904.cmd 2,9176927456E-7
500 2 14 iJN1463.cmd 2,2755168106E-7
500 4 9 iMM904.cmd 5,6729833686E-7
500 4 9 iJN1463.cmd 5,237180061E-7
500 6 1 iMM904.cmd 3,5881494461E-7
500 6 1 iJN1463.cmd 3,0663505271E-7
500 6 4 iMM904.cmd 3,9724021039E-7
500 6 4 iJN1463.cmd 3,3600218151E-7
500 7 0 iMM904.cmd 3,2437599807E-7
500 7 0 iJN1463.cmd 2,701607425E-7
500 8 1 iMM904.cmd 3,1047465413E-7
500 8 1 iJN1463.cmd 2,4748549432E-7
500 11 4 iMM904.cmd 2,0126000842E-7
500 11 4 iJN1463.cmd 1,1631114461E-7
500 12 5 iMM904.cmd 1,8098493493E-7
500 12 5 iJN1463.cmd 8,6187993656E-8
500 12 10 iMM904.cmd 1,2648928421E-7
500 12 10 iJN1463.cmd 7,4999909797E-8
500 7 7 iMM904.cmd 2,4808935711E-7
500 7 7 iJN1463.cmd 1,8820240524E-7
500 9 0 iMM904.cmd 2,3415759214E-7
500 9 0 iJN1463.cmd 1,5900596353E-7
500 9 11 iMM904.cmd 1,7965229424E-7
500 9 11 iJN1463.cmd 1,2534362511E-7
500 9 9 iMM904.cmd 1,796211558E-7
500 9 9 iJN1463.cmd 1,2018406069E-7
500 12 9 iMM904.cmd 1,0948487344E-7
500 12 9 iJN1463.cmd 5,4020198908E-8
500 7 12 iMM904.cmd 2,6319427772E-7
500 7 12 iJN1463.cmd 2,0867259307E-7
500 11 5 iMM904.cmd 1,9123909253E-7
500 11 5 iJN1463.cmd 1,0180465947E-7
500 4 14 iMM904.cmd 1,7138212553E-7
500 4 14 iJN1463.cmd 1,013983594E-7
500 7 14 iMM904.cmd 1,6164257987E-7
500 7 14 iJN1463.cmd 9,5964596069E-8
500 3 9 iMM904.cmd 6,2950998069E-7
500 3 9 iJN1463.cmd 5,9499554431E-7
500 3 14 iMM904.cmd 2,9576182192E-7
500 3 14 iJN1463.cmd 2,1998204702E-7
500 6 5 iMM904.cmd 3,6233828122E-7
500 6 5 iJN1463.cmd 3,0638250808E-7
500 8 0 iMM904.cmd 2,7238226872E-7
500 8 0 iJN1463.cmd 2,0838023852E-7
500 7 8 iMM904.cmd 2,1917252815E-7
500 7 8 iJN1463.cmd 1,634940145E-7
500 8 9 iMM904.cmd 1,8423323921E-7
500 8 9 iJN1463.cmd 1,2913599749E-7
500 8 11 iMM904.cmd 1,9304211931E-7
500 8 11 iJN1463.cmd 1,4039333687E-7
500 11 9 iMM904.cmd 1,1040126887E-7
500 11 9 iJN1463.cmd 5,1731819824E-8
500 11 14 iMM904.cmd 8,9279609529E-8
500 11 14 iJN1463.cmd 4,561220787E-8
500 13 9 iMM904.cmd 8,634292102E-8
500 13 9 iJN1463.cmd 3,9356637288E-8
500 1 10 iMM904.cmd 6,0758309851E-7
500 1 10 iJN1463.cmd 6,1580502034E-7
500 13 12 iMM904.cmd 8,6898002095E-8
500 13 12 iJN1463.cmd 5,3146956568E-8
500 6 0 iMM904.cmd 3,4080972086E-7
500 6 0 iJN1463.cmd 2,9915762061E-7
500 9 10 iMM904.cmd 1,6455757125E-7
500 9 10 iJN1463.cmd 1,1213827567E-7
500 7 11 iMM904.cmd 2,4088683908E-7
500 7 11 iJN1463.cmd 1,8699310806E-7
500 2 9 iMM904.cmd 6,2830478128E-7
500 2 9 iJN1463.cmd 6,1692702725E-7
500 5 3 iMM904.cmd 3,6190248565E-7
500 5 3 iJN1463.cmd 3,1734469203E-7
500 14 9 iMM904.cmd 7,1240554177E-8
500 14 9 iJN1463.cmd 3,0966484368E-8
500 6 10 iMM904.cmd 2,512527332E-7
500 6 10 iJN1463.cmd 2,0041959325E-7
500 13 10 iMM904.cmd 6,9596833065E-8
500 13 10 iJN1463.cmd 3,5169147655E-8
500 0 11 iMM904.cmd 2,6282279992E-7
500 0 11 iJN1463.cmd 2,0276342463E-7
500 5 4 iMM904.cmd 3,779974833E-7
500 5 4 iJN1463.cmd 3,418079879E-7
500 4 8 iMM904.cmd 5,0151300905E-7
500 4 8 iJN1463.cmd 4,6885032748E-7
500 5 9 iMM904.cmd 3,9853788011E-7
500 5 9 iJN1463.cmd 3,5064032896E-7
500 6 7 iMM904.cmd 2,7286513367E-7
500 6 7 iJN1463.cmd 2,2583164539E-7
500 1 14 iMM904.cmd 9,7325631413E-8
500 1 14 iJN1463.cmd 5,9703293222E-8
500 8 10 iMM904.cmd 1,7346513154E-7
500 8 10 iJN1463.cmd 1,2313388597E-7
500 7 9 iMM904.cmd 2,0328105705E-7
500 7 9 iJN1463.cmd 1,5258044611E-7
500 5 5 iMM904.cmd 3,5597100136E-7
500 5 5 iJN1463.cmd 3,2090540706E-7
500 3 8 iMM904.cmd 5,2654111393E-7
500 3 8 iJN1463.cmd 5,0083514811E-7
500 6 6 iMM904.cmd 3,1308949379E-7
500 6 6 iJN1463.cmd 2,6789221273E-7
500 1 9 iMM904.cmd 5,2531433893E-7
500 1 9 iJN1463.cmd 5,3295918561E-7
500 0 10 iMM904.cmd 2,6933730356E-7
500 0 10 iJN1463.cmd 2,0245669648E-7
500 6 8 iMM904.cmd 2,3586327669E-7
500 6 8 iJN1463.cmd 1,8603662448E-7
500 7 10 iMM904.cmd 2,0234089168E-7
500 7 10 iJN1463.cmd 1,5294417749E-7
500 14 10 iMM904.cmd 4,1091241988E-8
500 14 10 iJN1463.cmd 1,8105031378E-8
500 14 12 iMM904.cmd 3,3368268958E-8
500 14 12 iJN1463.cmd 1,8817336773E-8
500 5 0 iMM904.cmd 3,4337498161E-7
500 5 0 iJN1463.cmd 3,26616406E-7
500 6 9 iMM904.cmd 2,5840257377E-7
500 6 9 iJN1463.cmd 2,0906871964E-7
500 2 8 iMM904.cmd 5,2245376338E-7
500 2 8 iJN1463.cmd 5,1469747349E-7
500 5 2 iMM904.cmd 2,9916498628E-7
500 5 2 iJN1463.cmd 2,6852955686E-7
500 12 14 iMM904.cmd 3,0054587727E-8
500 12 14 iJN1463.cmd 1,1904734429E-8
500 4 4 iMM904.cmd 3,8122055126E-7
500 4 4 iJN1463.cmd 3,716219475E-7
500 0 12 iMM904.cmd 8,436307351E-8
500 0 12 iJN1463.cmd 4,7251787907E-8
500 4 7 iMM904.cmd 3,9553352171E-7
500 4 7 iJN1463.cmd 3,6576965119E-7
500 5 7 iMM904.cmd 3,2103476121E-7
500 5 7 iJN1463.cmd 2,8280098549E-7
500 5 6 iMM904.cmd 3,2800117021E-7
500 5 6 iJN1463.cmd 2,918661316E-7
500 0 9 iMM904.cmd 2,2089837997E-7
500 0 9 iJN1463.cmd 1,6297659455E-7
500 4 5 iMM904.cmd 3,6052547193E-7
500 4 5 iJN1463.cmd 3,4101955822E-7
500 1 8 iMM904.cmd 4,3853565828E-7
500 1 8 iJN1463.cmd 4,4735128921E-7
500 3 7 iMM904.cmd 4,2615623274E-7
500 3 7 iJN1463.cmd 4,0433234068E-7
500 14 11 iMM904.cmd 2,3840254896E-8
500 14 11 iJN1463.cmd 1,1367546035E-8
500 4 0 iMM904.cmd 3,1532850355E-7
500 4 0 iJN1463.cmd 3,1766387833E-7
500 2 7 iMM904.cmd 4,2602881202E-7
500 2 7 iJN1463.cmd 4,1800241546E-7
500 4 6 iMM904.cmd 3,5328806084E-7
500 4 6 iJN1463.cmd 3,2569121536E-7
500 4 2 iMM904.cmd 2,5879715776E-7
500 4 2 iJN1463.cmd 2,3949098957E-7
500 3 4 iMM904.cmd 3,6083269781E-7
500 3 4 iJN1463.cmd 3,707563561E-7
500 0 14 iMM904.cmd 3,0345027465E-8
500 0 14 iJN1463.cmd 1,3329665154E-8
500 0 8 iMM904.cmd 1,6394774923E-7
500 0 8 iJN1463.cmd 1,1987397458E-7
500 0 13 iMM904.cmd 2,7919865126E-8
500 0 13 iJN1463.cmd 1,0393717937E-8
500 14 13 iMM904.cmd 1,5505609548E-8
500 14 13 iJN1463.cmd 7,5538540048E-9
500 1 7 iMM904.cmd 3,605374492E-7
500 1 7 iJN1463.cmd 3,668178238E-7
500 3 6 iMM904.cmd 3,6497234725E-7
500 3 6 iJN1463.cmd 3,4268179762E-7
500 3 5 iMM904.cmd 3,5742096862E-7
500 3 5 iJN1463.cmd 3,4428514415E-7
500 4 1 iMM904.cmd 2,6330226035E-7
500 4 1 iJN1463.cmd 2,5210343359E-7
500 2 6 iMM904.cmd 3,6235668017E-7
500 2 6 iJN1463.cmd 3,483999029E-7
500 3 0 iMM904.cmd 3,1053599212E-7
500 3 0 iJN1463.cmd 3,3385322197E-7
500 0 7 iMM904.cmd 1,1420556649E-7
500 0 7 iJN1463.cmd 8,2257118968E-8
500 2 4 iMM904.cmd 3,0802316997E-7
500 2 4 iJN1463.cmd 3,3216590538E-7
500 3 3 iMM904.cmd 3,286945405E-7
500 3 3 iJN1463.cmd 3,4470150638E-7
500 1 6 iMM904.cmd 3,0668013206E-7
500 1 6 iJN1463.cmd 3,0570220446E-7
500 13 14 iMM904.cmd 8,0872710179E-9
500 13 14 iJN1463.cmd 1,1238373921E-9
500 2 0 iMM904.cmd 2,3009670578E-7
500 2 0 iJN1463.cmd 2,6639131258E-7
500 0 6 iMM904.cmd 7,4549237225E-8
500 0 6 iJN1463.cmd 5,2322870136E-8
500 2 3 iMM904.cmd 2,5207325142E-7
500 2 3 iJN1463.cmd 2,7305713341E-7
500 1 4 iMM904.cmd 2,0690928349E-7
500 1 4 iJN1463.cmd 2,3193172679E-7
500 14 14 iMM904.cmd 5,2896931801E-9
500 14 14 iJN1463.cmd 0E0
500 1 3 iMM904.cmd 1,5829951037E-7
500 1 3 iJN1463.cmd 1,7701448804E-7
500 1 0 iMM904.cmd 1,3138849069E-7
500 1 0 iJN1463.cmd 1,6739333371E-7
500 2 1 iMM904.cmd 1,4615970615E-7
500 2 1 iJN1463.cmd 1,7748141677E-7
500 2 2 iMM904.cmd 1,5096490511E-7
500 2 2 iJN1463.cmd 1,7156744863E-7
500 0 5 iMM904.cmd 1,5327381635E-8
500 0 5 iJN1463.cmd 7,8360391548E-9
500 0 4 iMM904.cmd 2,9741537885E-8
500 0 4 iJN1463.cmd 2,518250987E-8
500 1 2 iMM904.cmd 8,1842167643E-8
500 1 2 iJN1463.cmd 9,4192336858E-8
500 1 1 iMM904.cmd 7,2222075095E-8
500 1 1 iJN1463.cmd 9,7054891127E-8
500 0 3 iMM904.cmd 1,9361562388E-8
500 0 3 iJN1463.cmd 1,6119625087E-8
500 0 0 iMM904.cmd 1,3597910595E-8
500 0 0 iJN1463.cmd 1,4136400124E-8
500 0 2 iMM904.cmd 6,8103447314E-9
500 0 2 iJN1463.cmd 5,6002935693E-9
500 0 1 iMM904.cmd 5,552756405E-9
500 0 1 iJN1463.cmd 5,6671027998E-9
1000 8 4 iMM904.cmd 3,6084728134E-7
1000 8 4 iJN1463.cmd 3,1641284698E-7
1000 14 1 iMM904.cmd 2,7506155165E-7
1000 14 1 iJN1463.cmd 1,6362484044E-7
1000 11 11 iMM904.cmd 1,9353439431E-7
1000 11 11 iJN1463.cmd 1,492729238E-7
1000 9 7 iMM904.cmd 2,4394069488E-7
1000 9 7 iJN1463.cmd 1,9625046799E-7
1000 12 7 iMM904.cmd 1,8431750262E-7
1000 12 7 iJN1463.cmd 1,0217924998E-7
1000 5 13 iMM904.cmd 4,318775635E-7
1000 5 13 iJN1463.cmd 4,7607779905E-7
1000 14 6 iMM904.cmd 2,0752286949E-7
1000 14 6 iJN1463.cmd 1,0777593997E-7
1000 7 2 iMM904.cmd 3,9311865924E-7
1000 7 2 iJN1463.cmd 3,6847485254E-7
1000 2 12 iMM904.cmd 8,9171097517E-7
1000 2 12 iJN1463.cmd 1,1170904409E-6
1000 9 4 iMM904.cmd 3,2141575636E-7
1000 9 4 iJN1463.cmd 2,532273518E-7
1000 4 11 iMM904.cmd 7,7552629763E-7
1000 4 11 iJN1463.cmd 9,424207356E-7
1000 12 1 iMM904.cmd 2,4713040684E-7
1000 12 1 iJN1463.cmd 1,4508105094E-7
1000 14 3 iMM904.cmd 2,5906506304E-7
1000 14 3 iJN1463.cmd 1,4472125351E-7
1000 9 13 iMM904.cmd 1,957290176E-7
1000 9 13 iJN1463.cmd 1,7729499326E-7
1000 10 1 iMM904.cmd 2,6004616806E-7
1000 10 1 iJN1463.cmd 1,6487797874E-7
1000 2 11 iMM904.cmd 8,9577853957E-7
1000 2 11 iJN1463.cmd 1,1289200752E-6
1000 2 13 iMM904.cmd 7,714484712E-7
1000 2 13 iJN1463.cmd 9,4913094785E-7
1000 3 11 iMM904.cmd 8,7366816032E-7
1000 3 11 iJN1463.cmd 1,0849778994E-6
1000 3 12 iMM904.cmd 8,5135551216E-7
1000 3 12 iJN1463.cmd 1,052588963E-6
1000 4 10 iMM904.cmd 8,0779916084E-7
1000 4 10 iJN1463.cmd 9,9364067132E-7
1000 4 12 iMM904.cmd 7,5460532456E-7
1000 4 12 iJN1463.cmd 9,1265961774E-7
1000 5 11 iMM904.cmd 5,955865932E-7
1000 5 11 iJN1463.cmd 7,0025406532E-7
1000 5 12 iMM904.cmd 5,5916139113E-7
1000 5 12 iJN1463.cmd 6,5115168314E-7
1000 5 14 iMM904.cmd 3,4270595412E-7
1000 5 14 iJN1463.cmd 3,2835610668E-7
1000 6 13 iMM904.cmd 3,6267254541E-7
1000 6 13 iJN1463.cmd 3,8917622001E-7
1000 7 1 iMM904.cmd 3,5804155489E-7
1000 7 1 iJN1463.cmd 3,3798540418E-7
1000 7 3 iMM904.cmd 3,9835809018E-7
1000 7 3 iJN1463.cmd 3,7391382059E-7
1000 7 4 iMM904.cmd 3,9294673527E-7
1000 7 4 iJN1463.cmd 3,7500942679E-7
1000 8 3 iMM904.cmd 3,750909731E-7
1000 8 3 iJN1463.cmd 3,2630931595E-7
1000 8 5 iMM904.cmd 3,3571918649E-7
1000 8 5 iJN1463.cmd 2,9358069045E-7
1000 8 7 iMM904.cmd 2,6724370851E-7
1000 8 7 iJN1463.cmd 2,3721792015E-7
1000 8 13 iMM904.cmd 2,3314771116E-7
1000 8 13 iJN1463.cmd 2,2622247525E-7
1000 9 3 iMM904.cmd 3,4077678698E-7
1000 9 3 iJN1463.cmd 2,6652713349E-7
1000 9 5 iMM904.cmd 2,9823164146E-7
1000 9 5 iJN1463.cmd 2,3380932999E-7
1000 9 6 iMM904.cmd 2,6909927723E-7
1000 9 6 iJN1463.cmd 2,0930042199E-7
1000 9 8 iMM904.cmd 2,2482968539E-7
1000 9 8 iJN1463.cmd 1,8660940942E-7
1000 9 12 iMM904.cmd 2,1020221008E-7
1000 9 12 iJN1463.cmd 1,9980662865E-7
1000 9 14 iMM904.cmd 1,7873932748E-7
1000 9 14 iJN1463.cmd 1,4134182666E-7
1000 10 0 iMM904.cmd 2,5857831634E-7
1000 10 0 iJN1463.cmd 1,7525061504E-7
1000 10 2 iMM904.cmd 2,7412536412E-7
1000 10 2 iJN1463.cmd 1,7537246515E-7
1000 10 4 iMM904.cmd 2,7395214939E-7
1000 10 4 iJN1463.cmd 1,9444513047E-7
1000 10 7 iMM904.cmd 2,2042930031E-7
1000 10 7 iJN1463.cmd 1,558583144E-7
1000 10 13 iMM904.cmd 1,7288704039E-7
1000 10 13 iJN1463.cmd 1,4471881361E-7
1000 11 1 iMM904.cmd 2,521373826E-7
1000 11 1 iJN1463.cmd 1,529159224E-7
1000 11 7 iMM904.cmd 1,9757528775E-7
1000 11 7 iJN1463.cmd 1,2167580946E-7
1000 11 12 iMM904.cmd 1,7930304449E-7
1000 11 12 iJN1463.cmd 1,4616633481E-7
1000 12 0 iMM904.cmd 2,4824275024E-7
1000 12 0 iJN1463.cmd 1,4750253261E-7
1000 12 2 iMM904.cmd 2,4789430607E-7
1000 12 2 iJN1463.cmd 1,4239529611E-7
1000 12 6 iMM904.cmd 2,0322323573E-7
1000 12 6 iJN1463.cmd 1,1257702138E-7
1000 12 8 iMM904.cmd 1,5985583594E-7
1000 12 8 iJN1463.cmd 8,9429968724E-8
1000 12 11 iMM904.cmd 1,7031232276E-7
1000 12 11 iJN1463.cmd 1,247238148E-7
1000 13 3 iMM904.cmd 2,5055137422E-7
1000 13 3 iJN1463.cmd 1,3963985885E-7
1000 13 6 iMM904.cmd 2,0263476922E-7
1000 13 6 iJN1463.cmd 1,0649154505E-7
1000 13 7 iMM904.cmd 1,7954744636E-7
1000 13 7 iJN1463.cmd 9,4104803304E-8
1000 14 0 iMM904.cmd 2,6764087147E-7
1000 14 0 iJN1463.cmd 1,5948427866E-7
1000 14 2 iMM904.cmd 2,6665757064E-7
1000 14 2 iJN1463.cmd 1,538284819E-7
1000 14 4 iMM904.cmd 2,5104977044E-7
1000 14 4 iJN1463.cmd 1,3592163217E-7
1000 14 5 iMM904.cmd 2,2868303731E-7
1000 14 5 iJN1463.cmd 1,2045633468E-7
1000 14 7 iMM904.cmd 1,7928383546E-7
1000 14 7 iJN1463.cmd 9,2279049233E-8
1000 11 0 iMM904.cmd 2,5058921897E-7
1000 11 0 iJN1463.cmd 1,5539060572E-7
1000 11 2 iMM904.cmd 2,5600798436E-7
1000 11 2 iJN1463.cmd 1,5394152078E-7
1000 13 2 iMM904.cmd 2,546182362E-7
1000 13 2 iJN1463.cmd 1,4455451183E-7
1000 8 6 iMM904.cmd 2,915088411E-7
1000 8 6 iJN1463.cmd 2,458609819E-7
1000 10 12 iMM904.cmd 1,8899281261E-7
1000 10 12 iJN1463.cmd 1,63366575E-7
1000 3 13 iMM904.cmd 7,5976796068E-7
1000 3 13 iJN1463.cmd 9,2598633637E-7
1000 6 12 iMM904.cmd 4,1623139651E-7
1000 6 12 iJN1463.cmd 4,6730417453E-7
1000 7 5 iMM904.cmd 3,8289605305E-7
1000 7 5 iJN1463.cmd 3,7151399853E-7
1000 9 2 iMM904.cmd 3,0939421496E-7
1000 9 2 iJN1463.cmd 2,1674344034E-7
1000 10 5 iMM904.cmd 2,5985959008E-7
1000 10 5 iJN1463.cmd 1,8186313899E-7
1000 12 12 iMM904.cmd 1,5748465429E-7
1000 12 12 iJN1463.cmd 1,2232250392E-7
1000 13 0 iMM904.cmd 2,5485842143E-7
1000 13 0 iJN1463.cmd 1,5050856098E-7
1000 13 5 iMM904.cmd 2,1565503375E-7
1000 13 5 iJN1463.cmd 1,1386868055E-7
1000 3 10 iMM904.cmd 8,6260316058E-7
1000 3 10 iJN1463.cmd 1,0775223549E-6
1000 7 13 iMM904.cmd 2,8964852499E-7
1000 7 13 iJN1463.cmd 2,9772338114E-7
1000 8 8 iMM904.cmd 2,4809420178E-7
1000 8 8 iJN1463.cmd 2,3029208212E-7
1000 8 12 iMM904.cmd 2,4846889251E-7
1000 8 12 iJN1463.cmd 2,5302871013E-7
1000 10 6 iMM904.cmd 2,4061229178E-7
1000 10 6 iJN1463.cmd 1,6715286758E-7
1000 10 8 iMM904.cmd 2,0394311431E-7
1000 10 8 iJN1463.cmd 1,4759269159E-7
1000 11 6 iMM904.cmd 2,1616299229E-7
1000 11 6 iJN1463.cmd 1,3274812705E-7
1000 11 8 iMM904.cmd 1,7498537379E-7
1000 11 8 iJN1463.cmd 1,0818694356E-7
1000 11 13 iMM904.cmd 1,5852127287E-7
1000 11 13 iJN1463.cmd 1,2584467147E-7
1000 12 3 iMM904.cmd 2,4229326403E-7
1000 12 3 iJN1463.cmd 1,3474253895E-7
1000 13 8 iMM904.cmd 1,4981499301E-7
1000 13 8 iJN1463.cmd 7,9047811178E-8
1000 6 14 iMM904.cmd 3,0085649382E-7
1000 6 14 iJN1463.cmd 2,8193669552E-7
1000 8 14 iMM904.cmd 2,1004808191E-7
1000 8 14 iJN1463.cmd 1,7715878739E-7
1000 10 14 iMM904.cmd 1,527716612E-7
1000 10 14 iJN1463.cmd 1,1388007513E-7
1000 2 10 iMM904.cmd 8,7298892631E-7
1000 2 10 iJN1463.cmd 1,1050183581E-6
1000 6 3 iMM904.cmd 4,1111698095E-7
1000 6 3 iJN1463.cmd 4,2780147554E-7
1000 6 11 iMM904.cmd 4,1830439951E-7
1000 6 11 iJN1463.cmd 4,7304466715E-7
1000 14 8 iMM904.cmd 1,445047742E-7
1000 14 8 iJN1463.cmd 7,4410177893E-8
1000 1 11 iMM904.cmd 7,9248347155E-7
1000 1 11 iJN1463.cmd 9,9490332016E-7
1000 2 14 iMM904.cmd 4,7911860276E-7
1000 2 14 iJN1463.cmd 5,2458803399E-7
1000 4 9 iMM904.cmd 7,2284322427E-7
1000 4 9 iJN1463.cmd 8,92915244E-7
1000 6 1 iMM904.cmd 3,6192272908E-7
1000 6 1 iJN1463.cmd 3,6071030439E-7
1000 6 4 iMM904.cmd 4,1975458072E-7
1000 6 4 iJN1463.cmd 4,5018970286E-7
1000 7 0 iMM904.cmd 3,4290798079E-7
1000 7 0 iJN1463.cmd 3,3013043802E-7
1000 8 1 iMM904.cmd 3,3023579924E-7
1000 8 1 iJN1463.cmd 3,0320146429E-7
1000 11 4 iMM904.cmd 2,4433544564E-7
1000 11 4 iJN1463.cmd 1,5975703807E-7
1000 12 5 iMM904.cmd 2,1366564039E-7
1000 12 5 iJN1463.cmd 1,1908587518E-7
1000 12 10 iMM904.cmd 1,3817633178E-7
1000 12 10 iJN1463.cmd 8,8339560703E-8
1000 7 7 iMM904.cmd 2,989480531E-7
1000 7 7 iJN1463.cmd 3,078039664E-7
1000 9 0 iMM904.cmd 2,7535602401E-7
1000 9 0 iJN1463.cmd 2,1955380607E-7
1000 9 11 iMM904.cmd 2,1815902894E-7
1000 9 11 iJN1463.cmd 2,1423088412E-7
1000 9 9 iMM904.cmd 2,1869601623E-7
1000 9 9 iJN1463.cmd 2,0014433129E-7
1000 12 9 iMM904.cmd 1,3904692856E-7
1000 12 9 iJN1463.cmd 7,9875017504E-8
1000 7 12 iMM904.cmd 3,1512023812E-7
1000 7 12 iJN1463.cmd 3,3890587198E-7
1000 11 5 iMM904.cmd 2,3049610986E-7
1000 11 5 iJN1463.cmd 1,4408633597E-7
1000 4 14 iMM904.cmd 3,6725190983E-7
1000 4 14 iJN1463.cmd 3,4917017271E-7
1000 7 14 iMM904.cmd 2,5188927007E-7
1000 7 14 iJN1463.cmd 2,2564883028E-7
1000 3 9 iMM904.cmd 8,0512874148E-7
1000 3 9 iJN1463.cmd 1,0129589889E-6
1000 3 14 iMM904.cmd 5,0211190623E-7
1000 3 14 iJN1463.cmd 5,4047335501E-7
1000 6 5 iMM904.cmd 4,205825361E-7
1000 6 5 iJN1463.cmd 4,6384051485E-7
1000 8 0 iMM904.cmd 3,1080198363E-7
1000 8 0 iJN1463.cmd 2,7987772215E-7
1000 7 8 iMM904.cmd 2,8335724422E-7
1000 7 8 iJN1463.cmd 2,9335284195E-7
1000 8 9 iMM904.cmd 2,4107407553E-7
1000 8 9 iJN1463.cmd 2,3641233861E-7
1000 8 11 iMM904.cmd 2,4949428029E-7
1000 8 11 iJN1463.cmd 2,5697530255E-7
1000 11 9 iMM904.cmd 1,4865808189E-7
1000 11 9 iJN1463.cmd 8,6496482009E-8
1000 11 14 iMM904.cmd 1,220547396E-7
1000 11 14 iJN1463.cmd 8,6602563578E-8
1000 13 9 iMM904.cmd 1,2309257799E-7
1000 13 9 iJN1463.cmd 6,7428273177E-8
1000 1 10 iMM904.cmd 7,8221365437E-7
1000 1 10 iJN1463.cmd 9,8282408857E-7
1000 13 12 iMM904.cmd 1,0815939561E-7
1000 13 12 iJN1463.cmd 8,4265970308E-8
1000 6 0 iMM904.cmd 3,7032737681E-7
1000 6 0 iJN1463.cmd 3,9569989448E-7
1000 9 10 iMM904.cmd 2,1660216765E-7
1000 9 10 iJN1463.cmd 2,0927167866E-7
1000 7 11 iMM904.cmd 3,1368346712E-7
1000 7 11 iJN1463.cmd 3,3993293905E-7
1000 2 9 iMM904.cmd 8,201442904E-7
1000 2 9 iJN1463.cmd 1,0448840136E-6
1000 5 3 iMM904.cmd 4,1769416891E-7
1000 5 3 iJN1463.cmd 4,710436629E-7
1000 14 9 iMM904.cmd 1,1133790967E-7
1000 14 9 iJN1463.cmd 5,9522536447E-8
1000 6 10 iMM904.cmd 3,5109087578E-7
1000 6 10 iJN1463.cmd 3,9030173487E-7
1000 13 10 iMM904.cmd 1,0942068917E-7
1000 13 10 iJN1463.cmd 6,4590242943E-8
1000 0 11 iMM904.cmd 4,93836528E-7
1000 0 11 iJN1463.cmd 5,6156388633E-7
1000 5 4 iMM904.cmd 4,6540263221E-7
1000 5 4 iJN1463.cmd 5,4541012359E-7
1000 4 8 iMM904.cmd 7,015364656E-7
1000 4 8 iJN1463.cmd 8,780670489E-7
1000 5 9 iMM904.cmd 5,4339483187E-7
1000 5 9 iJN1463.cmd 6,4997518213E-7
1000 6 7 iMM904.cmd 3,7650994744E-7
1000 6 7 iJN1463.cmd 4,2683081272E-7
1000 1 14 iMM904.cmd 2,6040339701E-7
1000 1 14 iJN1463.cmd 2,5323293214E-7
1000 8 10 iMM904.cmd 2,4153189299E-7
1000 8 10 iJN1463.cmd 2,4502039113E-7
1000 7 9 iMM904.cmd 2,8767951991E-7
1000 7 9 iJN1463.cmd 3,0541776177E-7
1000 5 5 iMM904.cmd 4,7822875992E-7
1000 5 5 iJN1463.cmd 5,6848230616E-7
1000 3 8 iMM904.cmd 7,4857084366E-7
1000 3 8 iJN1463.cmd 9,5075880033E-7
1000 6 6 iMM904.cmd 4,1935973244E-7
1000 6 6 iJN1463.cmd 4,8214016831E-7
1000 1 9 iMM904.cmd 7,3896566424E-7
1000 1 9 iJN1463.cmd 9,3295592275E-7
1000 0 10 iMM904.cmd 5,5565139077E-7
1000 0 10 iJN1463.cmd 6,3963080624E-7
1000 6 8 iMM904.cmd 3,3232464083E-7
1000 6 8 iJN1463.cmd 3,6673525686E-7
1000 7 10 iMM904.cmd 2,9062665073E-7
1000 7 10 iJN1463.cmd 3,1137399475E-7
1000 14 10 iMM904.cmd 8,596190288E-8
1000 14 10 iJN1463.cmd 5,0436180728E-8
1000 14 12 iMM904.cmd 6,3362413869E-8
1000 14 12 iJN1463.cmd 4,6981053944E-8
1000 5 0 iMM904.cmd 4,22473981E-7
1000 5 0 iJN1463.cmd 5,0578790125E-7
1000 6 9 iMM904.cmd 3,7108596225E-7
1000 6 9 iJN1463.cmd 4,1902982961E-7
1000 2 8 iMM904.cmd 7,5851938115E-7
1000 2 8 iJN1463.cmd 9,7501801276E-7
1000 5 2 iMM904.cmd 3,9430129294E-7
1000 5 2 iJN1463.cmd 4,5936417199E-7
1000 12 14 iMM904.cmd 6,8972349436E-8
1000 12 14 iJN1463.cmd 4,309795304E-8
1000 4 4 iMM904.cmd 5,5545556646E-7
1000 4 4 iJN1463.cmd 7,0075144797E-7
1000 0 12 iMM904.cmd 2,5908560519E-7
1000 0 12 iJN1463.cmd 2,6033471745E-7
1000 4 7 iMM904.cmd 6,1068167836E-7
1000 4 7 iJN1463.cmd 7,6375316125E-7
1000 5 7 iMM904.cmd 4,8418293451E-7
1000 5 7 iJN1463.cmd 5,8355546405E-7
1000 5 6 iMM904.cmd 4,8403531463E-7
1000 5 6 iJN1463.cmd 5,8236360309E-7
1000 0 9 iMM904.cmd 5,3810986967E-7
1000 0 9 iJN1463.cmd 6,2442384031E-7
1000 4 5 iMM904.cmd 5,5505438369E-7
1000 4 5 iJN1463.cmd 6,9554303983E-7
1000 1 8 iMM904.cmd 6,8118006208E-7
1000 1 8 iJN1463.cmd 8,6797790254E-7
1000 3 7 iMM904.cmd 6,8211009867E-7
1000 3 7 iJN1463.cmd 8,7237060514E-7
1000 14 11 iMM904.cmd 6,2059136316E-8
1000 14 11 iJN1463.cmd 4,183733724E-8
1000 4 0 iMM904.cmd 4,7583399329E-7
1000 4 0 iJN1463.cmd 6,0915082798E-7
1000 2 7 iMM904.cmd 7,0006286438E-7
1000 2 7 iJN1463.cmd 9,0781787786E-7
1000 4 6 iMM904.cmd 5,7135784594E-7
1000 4 6 iJN1463.cmd 7,1530368298E-7
1000 4 2 iMM904.cmd 3,9733355774E-7
1000 4 2 iJN1463.cmd 4,801092388E-7
1000 3 4 iMM904.cmd 6,3613988634E-7
1000 3 4 iJN1463.cmd 8,4549502854E-7
1000 0 14 iMM904.cmd 1,5246908488E-7
1000 0 14 iJN1463.cmd 1,3139837909E-7
1000 0 8 iMM904.cmd 4,8861303543E-7
1000 0 8 iJN1463.cmd 5,7467304476E-7
1000 0 13 iMM904.cmd 1,5060172584E-7
1000 0 13 iJN1463.cmd 1,3156196933E-7
1000 14 13 iMM904.cmd 3,7376875777E-8
1000 14 13 iJN1463.cmd 2,8290768055E-8
1000 1 7 iMM904.cmd 6,2530188755E-7
1000 1 7 iJN1463.cmd 8,0564949081E-7
1000 3 6 iMM904.cmd 6,3832763526E-7
1000 3 6 iJN1463.cmd 8,2079425496E-7
1000 3 5 iMM904.cmd 6,151572576E-7
1000 3 5 iJN1463.cmd 7,9547630845E-7
1000 4 1 iMM904.cmd 4,2800425718E-7
1000 4 1 iJN1463.cmd 5,3464777024E-7
1000 2 6 iMM904.cmd 6,6327539707E-7
1000 2 6 iJN1463.cmd 8,6536558882E-7
1000 3 0 iMM904.cmd 5,6835138513E-7
1000 3 0 iJN1463.cmd 7,7103653176E-7
1000 0 7 iMM904.cmd 4,2823912737E-7
1000 0 7 iJN1463.cmd 5,1263083808E-7
1000 2 4 iMM904.cmd 6,488356161E-7
1000 2 4 iJN1463.cmd 8,9091653978E-7
1000 3 3 iMM904.cmd 6,7969818944E-7
1000 3 3 iJN1463.cmd 9,2792799247E-7
1000 1 6 iMM904.cmd 5,8476626015E-7
1000 1 6 iJN1463.cmd 7,601563188E-7
1000 13 14 iMM904.cmd 3,7662113851E-8
1000 13 14 iJN1463.cmd 2,1268132354E-8
1000 2 0 iMM904.cmd 6,1209554837E-7
1000 2 0 iJN1463.cmd 8,5918675629E-7
1000 0 6 iMM904.cmd 3,5469934568E-7
1000 0 6 iJN1463.cmd 4,3176169498E-7
1000 2 3 iMM904.cmd 6,5904128863E-7
1000 2 3 iJN1463.cmd 9,1642817921E-7
1000 1 4 iMM904.cmd 5,5183929801E-7
1000 1 4 iJN1463.cmd 7,6193914795E-7
1000 14 14 iMM904.cmd 2,8054165906E-8
1000 14 14 iJN1463.cmd 1,718008817E-8
1000 1 3 iMM904.cmd 5,5594966235E-7
1000 1 3 iJN1463.cmd 7,7510955387E-7
1000 1 0 iMM904.cmd 5,3401601172E-7
1000 1 0 iJN1463.cmd 7,5487660672E-7
1000 2 1 iMM904.cmd 6,3788460867E-7
1000 2 1 iJN1463.cmd 9,0498278737E-7
1000 2 2 iMM904.cmd 6,5193534218E-7
1000 2 2 iJN1463.cmd 9,2138431493E-7
1000 0 5 iMM904.cmd 2,3158303803E-7
1000 0 5 iJN1463.cmd 2,8295440286E-7
1000 0 4 iMM904.cmd 3,019529221E-7
1000 0 4 iJN1463.cmd 4,0378031284E-7
1000 1 2 iMM904.cmd 5,5132959156E-7
1000 1 2 iJN1463.cmd 7,7727175675E-7
1000 1 1 iMM904.cmd 5,4296989425E-7
1000 1 1 iJN1463.cmd 7,6916775569E-7
1000 0 3 iMM904.cmd 3,1947751356E-7
1000 0 3 iJN1463.cmd 4,4033307004E-7
1000 0 0 iMM904.cmd 3,0888401864E-7
1000 0 0 iJN1463.cmd 4,3954779604E-7
1000 0 2 iMM904.cmd 3,1676687408E-7
1000 0 2 iJN1463.cmd 4,4530574073E-7
1000 0 1 iMM904.cmd 3,1150557289E-7
1000 0 1 iJN1463.cmd 4,4255189772E-7
