0	1,5E-7	1,5E-9
1	1,5806521479E-7	1,5675939454E-9
2	1,6655534356E-7	1,6382388079E-9
3	1,7599269942E-7	1,7234899702E-9
4	1,8634908324E-7	1,8160751891E-9
5	1,9767954669E-7	1,9139669434E-9
6	2,0996216472E-7	2,0172514572E-9
7	2,2318633085E-7	2,1261529247E-9
8	2,3740821783E-7	2,2409702077E-9
9	2,5262300764E-7	2,3620159345E-9
10	2,6885598567E-7	2,4896191904E-9
11	2,8613468092E-7	2,624139611E-9
12	3,0451245041E-7	2,7659395897E-9
13	3,240588508E-7	2,9154134561E-9
14	3,4484782556E-7	3,0729769351E-9
15	3,6695797975E-7	3,239068306E-9
16	3,9047287217E-7	3,4141496243E-9
17	4,15481326E-7	3,5987080111E-9
18	4,4207775892E-7	3,7932570129E-9
19	4,7036253393E-7	3,9983380356E-9
20	5,0044233209E-7	4,2145218568E-9
21	5,3243054854E-7	4,4424102205E-9
22	5,6644771305E-7	4,6826375174E-9
23	6,0262193656E-7	4,9358725575E-9
24	6,4108938526E-7	5,2028204376E-9
25	6,8199478334E-7	5,4842245098E-9
26	7,2556970084E-7	5,7808684555E-9
27	7,7166855137E-7	6,0935202954E-9
28	8,2003010478E-7	6,4230909491E-9
29	8,703140002E-7	6,7703968564E-9
30	9,219207289E-7	7,1364077208E-9
31	9,7456418549E-7	7,5221581478E-9
32	1,0283808404E-6	7,9287152604E-9
33	1,0837167022E-6	8,3571838805E-9
34	1,1408162804E-6	8,8087198724E-9
35	1,1995598267E-6	9,2845203163E-9
36	1,2600425293E-6	9,7858233103E-9
37	1,3222440136E-6	1,0313916996E-8
38	1,3861501198E-6	1,087324153E-8
39	1,4516299618E-6	1,146524231E-8
40	1,5185684231E-6	1,2090479596E-8
41	1,586541792E-6	1,2751552053E-8
42	1,6549918323E-6	1,3449246318E-8
43	1,723481045E-6	1,4184758033E-8
44	1,7925245058E-6	1,4957062351E-8
45	1,862517468E-6	1,5766414285E-8
46	1,9337803878E-6	1,6613504058E-8
47	2,0065153754E-6	1,7498810912E-8
48	2,0808122586E-6	1,8421666938E-8
49	2,1567384287E-6	1,9382042669E-8
50	2,2345133425E-6	2,0378707262E-8
51	2,3143572338E-6	2,1412806564E-8
52	2,3964688525E-6	2,248711877E-8
53	2,4809833271E-6	2,3604326749E-8
54	2,5679782553E-6	2,4767664125E-8
55	2,6575583244E-6	2,5980869585E-8
56	2,7498445274E-6	2,7246939521E-8
57	2,8449176987E-6	2,8568014832E-8
58	2,9428613679E-6	2,9948231106E-8
59	3,0437662099E-6	3,1391320616E-8
60	3,1476749898E-6	3,2901226075E-8
61	3,2546683531E-6	3,4481420885E-8
62	3,3647527662E-6	3,6135531032E-8
63	3,4779593922E-6	3,7867513288E-8
64	3,5943531594E-6	3,9681246361E-8
65	3,7139512888E-6	4,1584318285E-8
66	3,8368914086E-6	4,3578066789E-8
67	3,9632710259E-6	4,5666799263E-8
68	4,0931660282E-6	4,7854587597E-8
69	4,2266107512E-6	5,0143822473E-8
70	4,3630625179E-6	5,253508722E-8
71	4,5023473994E-6	5,5051630596E-8
72	4,644839281E-6	5,7667098822E-8
73	4,7910485899E-6	6,038752008E-8
74	4,9410577407E-6	6,3223003797E-8
75	5,095117273E-6	6,6179731804E-8
76	5,2535665625E-6	6,928799252E-8
77	5,4164206377E-6	7,2531545059E-8
78	5,5838380252E-6	7,5943663635E-8
79	5,7559821346E-6	7,9509552949E-8
80	5,9330516953E-6	8,3236997518E-8
81	6,1151490589E-6	8,7132709301E-8
82	6,3024004012E-6	9,1200469511E-8
83	6,4949463489E-6	9,5442075198E-8
84	6,6929472504E-6	9,9854406048E-8
85	6,8966193725E-6	1,0444291843E-7
86	7,1061366864E-6	1,0921155287E-7
87	7,3216724777E-6	1,1417731827E-7
88	7,5433991821E-6	1,1945559311E-7
89	7,771502784E-6	1,2499067567E-7
90	8,0061742631E-6	1,307776336E-7
91	8,2475760787E-6	1,3681793434E-7
92	8,4958438453E-6	1,4313093712E-7
93	8,7511185995E-6	1,5004004144E-7
94	9,0136354858E-6	1,5750699289E-7
95	9,2835983079E-6	1,6533448641E-7
96	9,5612470784E-6	1,7353477692E-7
97	9,8467102425E-6	1,8214826041E-7
98	1,0140198305E-5	1,9127086218E-7
99	1,0442017371E-5	2,0111161232E-7
100	1,0752378756E-5	2,1142670747E-7
101	1,1071529783E-5	2,222446629E-7
102	1,1399746305E-5	2,3359587781E-7
103	1,1737279622E-5	2,4550416224E-7
104	1,2084449324E-5	2,579942275E-7
105	1,2441456304E-5	2,7109759364E-7
106	1,2808368658E-5	2,8483777609E-7
107	1,3185087991E-5	2,9924375346E-7
108	1,3571537997E-5	3,1434450792E-7
109	1,3967384523E-5	3,301726769E-7
110	1,4372517477E-5	3,4676035034E-7
111	1,4786218835E-5	3,6414323094E-7
112	1,5207914226E-5	3,8236787291E-7
113	1,5637240348E-5	4,0146773196E-7
114	1,6073438673E-5	4,2148180602E-7
115	1,6515647952E-5	4,4246153858E-7
116	1,6961911683E-5	4,6442561654E-7
117	1,7410598046E-5	4,8741593426E-7
118	1,7859043066E-5	5,1153607811E-7
119	1,8304826289E-5	5,368035322E-7
120	1,8746240127E-5	5,6330716601E-7
121	1,9179347202E-5	5,9105720883E-7
122	1,9601363276E-5	6,2012931611E-7
123	2,0010246255E-5	6,5051585556E-7
124	2,0404678405E-5	6,8230310148E-7
125	2,0782481897E-5	7,1557930993E-7
126	2,1141677718E-5	7,5070356119E-7
127	2,1480473272E-5	7,8752988378E-7
128	2,1797077964E-5	8,2608571114E-7
129	2,209312863E-5	8,6637503132E-7
130	2,2369352931E-5	9,0842471783E-7
131	2,2625999987E-5	9,5243633187E-7
132	2,2863422565E-5	9,983743816E-7
133	2,3084847957E-5	1,0462977506E-6
134	2,3292650649E-5	1,0963054479E-6
135	2,3488191483E-5	1,1484974316E-6
136	2,3674013373E-5	1,2030904433E-6
137	2,3852523813E-5	1,2600089387E-6
138	2,4025132342E-5	1,3195700524E-6
139	2,4194694196E-5	1,3817503185E-6
140	2,4360288404E-5	1,4465871524E-6
141	2,4523556064E-5	1,5143287175E-6
142	2,4686897107E-5	1,5849910574E-6
143	2,4848046958E-5	1,6586325135E-6
144	2,5008065551E-5	1,7353499835E-6
145	2,5166510625E-5	1,8152213117E-6
146	2,532358938E-5	1,898379194E-6
147	2,5478851993E-5	1,9849761874E-6
148	2,5628398204E-5	2,0752286953E-6
149	2,5776417495E-5	2,1693571997E-6
150	2,5927915821E-5	2,2673288012E-6
151	2,607816229E-5	2,3693085065E-6
152	2,6227342558E-5	2,4754746437E-6
153	2,6375574533E-5	2,5858625514E-6
154	2,652252366E-5	2,7006673731E-6
155	2,6666816852E-5	2,8199940197E-6
156	2,680978349E-5	2,9439482605E-6
157	2,6951756959E-5	3,0725630607E-6
158	2,7092036241E-5	3,2061231842E-6
159	2,7231206449E-5	3,3448299245E-6
160	2,7368928883E-5	3,4888218274E-6
161	2,7505222541E-5	3,6382724766E-6
162	2,7640334177E-5	3,7933602911E-6
163	2,7774528338E-5	3,9543804171E-6
164	2,7907689063E-5	4,1216135571E-6
165	2,8040854844E-5	4,2951620573E-6
166	2,8177098336E-5	4,4747618591E-6
167	2,8312165279E-5	4,660664274E-6
168	2,8444019521E-5	4,8535218147E-6
169	2,8576309024E-5	5,0534166839E-6
170	2,870785321E-5	5,2604114441E-6
171	2,8838973869E-5	5,4747996507E-6
172	2,896920251E-5	5,6972387045E-6
173	2,9098446097E-5	5,9280556207E-6
174	2,922695108E-5	6,1672084664E-6
175	2,9354495516E-5	6,414967675E-6
176	2,9481489692E-5	6,6712184652E-6
177	2,9607601335E-5	6,9367660437E-6
178	2,9732611618E-5	7,2118144118E-6
179	2,9856045483E-5	7,4958204481E-6
180	2,9978393653E-5	7,7884731059E-6
181	3,0101504532E-5	8,0881532642E-6
182	3,0223487937E-5	8,3918947188E-6
183	3,0344205512E-5	8,6982966905E-6
184	3,046257723E-5	9,0057288016E-6
185	3,0579720769E-5	9,3112030347E-6
186	3,0696350719E-5	9,6138473975E-6
187	3,0812877355E-5	9,9111519084E-6
188	3,0929533969E-5	1,0200748309E-5
189	3,1046090335E-5	1,0480082214E-5
190	3,1160701646E-5	1,0748692106E-5
191	3,1273857818E-5	1,1001041576E-5
192	3,1388774905E-5	1,1236033907E-5
193	3,1503593833E-5	1,1453505086E-5
194	3,1617593748E-5	1,1654225276E-5
195	3,1731291113E-5	1,1835377086E-5
196	3,1844705865E-5	1,1998720038E-5
197	3,1957957202E-5	1,2147040482E-5
198	3,2070562831E-5	1,2282766748E-5
199	3,2182243211E-5	1,2409386475E-5
200	3,229346982E-5	1,2529922971E-5
201	3,2403041536E-5	1,264565209E-5
202	3,2513016887E-5	1,2757330779E-5
203	3,2622787446E-5	1,2864679139E-5
204	3,2733552984E-5	1,2968361054E-5
205	3,284384159E-5	1,3069688288E-5
206	3,2953084313E-5	1,3169529136E-5
207	3,3062687244E-5	1,3268562978E-5
208	3,3171963512E-5	1,336671106E-5
209	3,3280899204E-5	1,3464430933E-5
210	3,3389491552E-5	1,3561381961E-5
211	3,3497698053E-5	1,365774836E-5
212	3,3605583246E-5	1,3754057136E-5
213	3,3713188849E-5	1,3850388884E-5
214	3,3820398517E-5	1,3946395538E-5
215	3,3927466882E-5	1,4042476264E-5
216	3,4034194793E-5	1,413881088E-5
217	3,4140583209E-5	1,4235475087E-5
218	3,4246550203E-5	1,4332691675E-5
219	3,4352199169E-5	1,4429558404E-5
220	3,4457423332E-5	1,4526784891E-5
221	3,4562312395E-5	1,4624191205E-5
222	3,4666824122E-5	1,4721226181E-5
223	3,4770513538E-5	1,4818292191E-5
224	3,4873151033E-5	1,4915326752E-5
225	3,4975409359E-5	1,501270054E-5
226	3,5076781756E-5	1,5110239419E-5
227	3,5177368734E-5	1,5208320205E-5
228	3,5277513383E-5	1,5307151418E-5
229	3,5377411964E-5	1,5406452223E-5
230	3,5477111558E-5	1,5506257925E-5
231	3,5576011568E-5	1,5606667607E-5
232	3,567472705E-5	1,5707455739E-5
233	3,5775690254E-5	1,5808528232E-5
234	3,5876470387E-5	1,59090906E-5
235	3,5976623403E-5	1,6009135827E-5
236	3,6076591099E-5	1,6109263733E-5
237	3,6176288042E-5	1,6209090957E-5
238	3,6275588914E-5	1,6309290563E-5
239	3,6373493405E-5	1,6409606353E-5
240	3,6472090624E-5	1,6510758484E-5
241	3,657116772E-5	1,6612216757E-5
242	3,6670486911E-5	1,6713514671E-5
243	3,6768770734E-5	1,6815237869E-5
244	3,6866229741E-5	1,6917691978E-5
245	3,6963644855E-5	1,7019701195E-5
246	3,7060289859E-5	1,7122132838E-5
247	3,715684171E-5	1,7225294089E-5
248	3,7252836717E-5	1,7328942431E-5
249	3,7348696531E-5	1,7431501412E-5
250	3,7444333394E-5	1,7534464474E-5
251	3,754087982E-5	1,7637420953E-5
252	3,7637392066E-5	1,7740293012E-5
253	3,7733581091E-5	1,7843357547E-5
254	3,7829643283E-5	1,794694647E-5
255	3,7925192282E-5	1,8051057871E-5
256	3,802031858E-5	1,8154693483E-5
257	3,8115286313E-5	1,8257716484E-5
258	3,8209750042E-5	1,8360871865E-5
259	3,8304261315E-5	1,8464381587E-5
260	3,8398447102E-5	1,8568456733E-5
261	3,8492050048E-5	1,8672845916E-5
262	3,8585521816E-5	1,8777597016E-5
263	3,8678591189E-5	1,8882189025E-5
264	3,8771202794E-5	1,8986969641E-5
265	3,8863050739E-5	1,909127658E-5
266	3,8954303329E-5	1,919555722E-5
267	3,904502648E-5	1,9299978745E-5
268	3,9135411756E-5	1,9404883904E-5
269	3,9225716133E-5	1,9510063439E-5
270	3,9315995166E-5	1,9615712129E-5
271	3,9406103656E-5	1,9721871905E-5
272	3,9496671166E-5	1,9828111097E-5
273	3,9586963512E-5	1,9934346907E-5
274	3,9677700224E-5	2,0040711573E-5
275	3,9766378181E-5	2,0146755987E-5
276	3,9854592463E-5	2,0253389695E-5
277	3,9942654399E-5	2,0360497263E-5
278	4,0030569068E-5	2,0468105799E-5
279	4,0117985469E-5	2,057644383E-5
280	4,0205027432E-5	2,0685372816E-5
281	4,0293493097E-5	2,0793329129E-5
282	4,0381515026E-5	2,090078705E-5
283	4,0468965847E-5	2,1008193395E-5
284	4,055638314E-5	2,1116395931E-5
285	4,0643457282E-5	2,1224102128E-5
286	4,0730193739E-5	2,1331883326E-5
287	4,0816985331E-5	2,1439560661E-5
288	4,0903305525E-5	2,1547488476E-5
289	4,0988645826E-5	2,1655335453E-5
290	4,1073472598E-5	2,176330952E-5
291	4,1158016122E-5	2,1871024964E-5
292	4,1242582145E-5	2,1979135325E-5
293	4,1326962237E-5	2,2087553062E-5
294	4,1411774466E-5	2,2195531614E-5
295	4,1497705521E-5	2,2303167688E-5
296	4,1582632986E-5	2,2411274918E-5
297	4,1667866661E-5	2,2519755943E-5
298	4,17530073E-5	2,2628327982E-5
299	4,1837660662E-5	2,2737567732E-5
300	4,1922649253E-5	2,2846487183E-5
301	4,2006566592E-5	2,295571475E-5
302	4,2089731866E-5	2,3066368176E-5
303	4,2172050924E-5	2,3177413987E-5
304	4,2255226683E-5	2,3287581193E-5
305	4,2338619412E-5	2,3397453859E-5
306	4,2421582816E-5	2,3507313547E-5
307	4,2503428394E-5	2,3616871438E-5
308	4,258531325E-5	2,372640643E-5
309	4,2667146185E-5	2,3835928671E-5
310	4,2748615865E-5	2,39455654E-5
311	4,2830024325E-5	2,4055359884E-5
312	4,2911269776E-5	2,4165419049E-5
313	4,2992500662E-5	2,4276132433E-5
314	4,3073366997E-5	2,4386855315E-5
315	4,3153919199E-5	2,4498112526E-5
316	4,3234603797E-5	2,4608599454E-5
317	4,3314368959E-5	2,4718944781E-5
318	4,3394326682E-5	2,4829041835E-5
319	4,3474740603E-5	2,4938611421E-5
320	4,3554385254E-5	2,5048310009E-5
321	4,3633949552E-5	2,5158393189E-5
322	4,3714355838E-5	2,5268445956E-5
323	4,3794481417E-5	2,5378877357E-5
324	4,3875032592E-5	2,5490369955E-5
325	4,3955374713E-5	2,5601251637E-5
326	4,4034955462E-5	2,5712718584E-5
327	4,4114343218E-5	2,5824233118E-5
328	4,4193926156E-5	2,593597151E-5
329	4,4272562625E-5	2,604832078E-5
330	4,4350747546E-5	2,6160942323E-5
331	4,4428683383E-5	2,6272234361E-5
332	4,4506293052E-5	2,6382632547E-5
333	4,4583680324E-5	2,6493289309E-5
334	4,4660222029E-5	2,6606257068E-5
335	4,4738175278E-5	2,6716574872E-5
336	4,4815664706E-5	2,6826319867E-5
337	4,4893000758E-5	2,6936732547E-5
338	4,4969170785E-5	2,7048100319E-5
339	4,504555863E-5	2,7158938693E-5
340	4,5121570586E-5	2,7270449668E-5
341	4,5197581924E-5	2,7381749668E-5
342	4,5272746611E-5	2,7493367474E-5
343	4,5347810121E-5	2,7605666245E-5
344	4,5423602204E-5	2,7717443957E-5
345	4,5499095877E-5	2,7829010744E-5
346	4,5575684911E-5	2,7941229768E-5
347	4,5651754268E-5	2,8054099642E-5
348	4,5727718451E-5	2,8167142883E-5
349	4,5803615862E-5	2,8280324302E-5
350	4,5878797253E-5	2,8393936499E-5
351	4,5953729606E-5	2,8507760407E-5
352	4,6028119256E-5	2,8620560039E-5
353	4,6102039758E-5	2,873333685E-5
354	4,6176242285E-5	2,8845400183E-5
355	4,6249508317E-5	2,8958134074E-5
356	4,6322324992E-5	2,9070981217E-5
357	4,6395729555E-5	2,9182615975E-5
358	4,6469031759E-5	2,9294146631E-5
359	4,6541080172E-5	2,9406537179E-5
360	4,66119912E-5	2,9517950251E-5
361	4,6683627957E-5	2,9630921394E-5
362	4,6754538246E-5	2,9745556595E-5
363	4,6825848769E-5	2,9859814832E-5
364	4,689661167E-5	2,9973459572E-5
365	4,6968346336E-5	3,0086651137E-5
366	4,7039962775E-5	3,0200131206E-5
367	4,7109460354E-5	3,0318271681E-5
368	4,7179398949E-5	3,0435083339E-5
369	4,7247645448E-5	3,0554226836E-5
370	4,7315773493E-5	3,067181728E-5
371	4,7384702488E-5	3,078762242E-5
372	4,7453749979E-5	3,0903216219E-5
373	4,7523534353E-5	3,1017774035E-5
374	4,7592409371E-5	3,113311665E-5
375	4,7661148191E-5	3,1248379704E-5
376	4,7731757355E-5	3,1362409238E-5
377	4,7802331538E-5	3,1476182757E-5
378	4,7873759786E-5	3,1588209906E-5
379	4,7941848135E-5	3,17029216E-5
380	4,8009086912E-5	3,1818573614E-5
381	4,8077529381E-5	3,193285704E-5
382	4,8145311271E-5	3,2047668719E-5
383	4,8213897374E-5	3,2161568244E-5
384	4,8283170619E-5	3,2276290705E-5
385	4,8351466327E-5	3,2391903249E-5
386	4,8419363204E-5	3,2508106886E-5
387	4,8488917533E-5	3,2621877875E-5
388	4,8558484212E-5	3,2736244711E-5
389	4,8627288577E-5	3,2849531603E-5
390	4,869349446E-5	3,296111842E-5
391	4,8756751913E-5	3,3072429387E-5
392	4,8819464706E-5	3,3183339055E-5
393	4,8885489241E-5	3,3295994977E-5
394	4,8951468166E-5	3,3409964818E-5
395	4,9017365906E-5	3,352442064E-5
396	4,9086939781E-5	3,364026223E-5
397	4,915596377E-5	3,3752856126E-5
398	4,9221597459E-5	3,3868677922E-5
399	4,9288415891E-5	3,3981859308E-5
400	4,9354296306E-5	3,4095494653E-5
401	4,9421424786E-5	3,4207351281E-5
402	4,9487473342E-5	3,4320290506E-5
403	4,9553703544E-5	3,443255211E-5
404	4,9619752639E-5	3,4545551134E-5
405	4,9684885482E-5	3,4659195695E-5
406	4,9750265123E-5	3,4772190237E-5
407	4,9814696921E-5	3,4886168751E-5
408	4,9880300288E-5	3,4999159114E-5
409	4,9945958476E-5	3,5112242832E-5
410	5,0012075385E-5	3,5225704457E-5
411	5,0077439113E-5	3,5338798419E-5
412	5,0143201495E-5	3,5451494705E-5
413	5,0209254532E-5	3,5563934493E-5
414	5,0273601296E-5	3,5676917319E-5
415	5,0338005119E-5	3,5790526092E-5
416	5,0403432778E-5	3,590413259E-5
417	5,046896911E-5	3,6017022058E-5
418	5,0534755917E-5	3,6130075808E-5
419	5,0601214936E-5	3,6242454819E-5
420	5,0668224554E-5	3,635454381E-5
421	5,0735909239E-5	3,646617317E-5
422	5,0801595939E-5	3,6579394061E-5
423	5,086769588E-5	3,6692600729E-5
424	5,0933037539E-5	3,6805760709E-5
425	5,0998014364E-5	3,6917799388E-5
426	5,1062115357E-5	3,7030302661E-5
427	5,1127696587E-5	3,714082468E-5
428	5,1193017836E-5	3,7251046138E-5
429	5,1258922013E-5	3,7362158215E-5
430	5,1323091742E-5	3,747454633E-5
431	5,1387720652E-5	3,7586290008E-5
432	5,145139288E-5	3,7699595214E-5
433	5,1515006542E-5	3,7811064645E-5
434	5,1577813895E-5	3,792364639E-5
435	5,1641687229E-5	3,8035136286E-5
436	5,1705004508E-5	3,8146974728E-5
437	5,176684782E-5	3,8257739881E-5
438	5,1827924071E-5	3,8367512455E-5
439	5,1889668583E-5	3,8481964574E-5
440	5,1953764102E-5	3,8591806539E-5
441	5,2017479567E-5	3,8702477105E-5
442	5,2081543883E-5	3,8812223547E-5
443	5,214305289E-5	3,8927834276E-5
444	5,2205124316E-5	3,9040981655E-5
445	5,226562546E-5	3,9159395735E-5
446	5,2325570636E-5	3,9274133962E-5
447	5,2387662072E-5	3,9385851582E-5
448	5,2447994325E-5	3,9499022556E-5
449	5,2509474563E-5	3,9610804504E-5
450	5,2569845961E-5	3,9723272475E-5
451	5,2630236349E-5	3,9835682623E-5
452	5,2691049264E-5	3,9945864651E-5
453	5,2751857928E-5	4,0059546149E-5
454	5,2812656836E-5	4,0174096574E-5
455	5,287290282E-5	4,0286497094E-5
456	5,2935314118E-5	4,039797856E-5
457	5,2996938073E-5	4,0509481869E-5
458	5,3056052354E-5	4,0625196197E-5
459	5,3116405473E-5	4,0737796378E-5
460	5,3177482814E-5	4,084962248E-5
461	5,3240756905E-5	4,0959031127E-5
462	5,3304183728E-5	4,1067707048E-5
463	5,3366827672E-5	4,1178406166E-5
464	5,3427234082E-5	4,1290968645E-5
465	5,3488074054E-5	4,1402586462E-5
466	5,3548081975E-5	4,1513654866E-5
467	5,3607746614E-5	4,1623960267E-5
468	5,3667629128E-5	4,1733082288E-5
469	5,3724605545E-5	4,1846981498E-5
470	5,3780820732E-5	4,1961537703E-5
471	5,3837131896E-5	4,2076972775E-5
472	5,3894722372E-5	4,2189758001E-5
473	5,3952290085E-5	4,2301435376E-5
474	5,4012367132E-5	4,2409858188E-5
475	5,4069835003E-5	4,2516400153E-5
476	5,4126957996E-5	4,2621725485E-5
477	5,4184032359E-5	4,2725842213E-5
478	5,4242898163E-5	4,2831376264E-5
479	5,4297824282E-5	4,2938494956E-5
480	5,4356194685E-5	4,3044844709E-5
481	5,4415420818E-5	4,315180342E-5
482	5,4473072786E-5	4,325998329E-5
483	5,4532043192E-5	4,3367196143E-5
484	5,4586504208E-5	4,347772404E-5
485	5,4642192827E-5	4,3586964146E-5
486	5,4698662154E-5	4,3696841482E-5
487	5,4755461062E-5	4,3806143951E-5
488	5,4812624685E-5	4,3914597563E-5
489	5,4869403412E-5	4,4024076916E-5
490	5,4923795082E-5	4,4137021459E-5
491	5,4979759114E-5	4,424742507E-5
492	5,5035836441E-5	4,4357502304E-5
493	5,5093789159E-5	4,4464142414E-5
494	5,5152784573E-5	4,456889477E-5
495	5,5209389942E-5	4,4672998072E-5
496	5,5264293542E-5	4,4782313046E-5
497	5,5322075392E-5	4,4888038582E-5
498	5,5379439996E-5	4,4992519322E-5
499	5,5436647594E-5	4,5099214153E-5
500	5,5503269727E-5	4,5221956303E-5
501	5,5562835792E-5	4,533323137E-5
502	5,5620662444E-5	4,5440278618E-5
503	5,5676850467E-5	4,5546661879E-5
504	5,5733280375E-5	4,5652935768E-5
505	5,5789188715E-5	4,5760245544E-5
506	5,5844722072E-5	4,5866604546E-5
507	5,589950841E-5	4,5972944991E-5
508	5,5954379406E-5	4,6080138742E-5
509	5,6007438008E-5	4,6187973914E-5
510	5,6060254225E-5	4,6295577726E-5
511	5,6114894923E-5	4,6400139078E-5
512	5,6168915351E-5	4,6505724889E-5
513	5,622317776E-5	4,6610613833E-5
514	5,6278357282E-5	4,6714153782E-5
515	5,6333966424E-5	4,6816698284E-5
516	5,6389750575E-5	4,6918668883E-5
517	5,6443110431E-5	4,7023819342E-5
518	5,6496782502E-5	4,7127992234E-5
519	5,6553356242E-5	4,7229878663E-5
520	5,6611231796E-5	4,7330824529E-5
521	5,6669093944E-5	4,743086768E-5
522	5,6723160341E-5	4,7535483971E-5
523	5,6779432119E-5	4,7636883617E-5
524	5,6835706642E-5	4,7736824422E-5
525	5,6891787273E-5	4,7836590029E-5
526	5,6947838671E-5	4,7935768641E-5
527	5,7004835124E-5	4,803509804E-5
528	5,7061280155E-5	4,8135177515E-5
529	5,7116953314E-5	4,8236563683E-5
530	5,717109191E-5	4,8337877101E-5
531	5,7225182289E-5	4,8438843595E-5
532	5,7280246542E-5	4,8537911684E-5
533	5,7335292661E-5	4,8636363704E-5
534	5,7389822305E-5	4,8735555731E-5
535	5,7442996281E-5	4,8836123154E-5
536	5,7496486593E-5	4,8936410511E-5
537	5,7549612695E-5	4,9037677646E-5
538	5,7604748909E-5	4,9135902915E-5
539	5,7659524403E-5	4,9234070277E-5
540	5,7714495893E-5	4,9331223329E-5
541	5,7769051426E-5	4,942858259E-5
542	5,7823960743E-5	4,9525305798E-5
543	5,787885805E-5	4,9621654335E-5
544	5,7933688187E-5	4,9717713451E-5
545	5,7988460426E-5	4,981362336E-5
546	5,8042838638E-5	4,9910278703E-5
547	5,8096869999E-5	5,000727901E-5
548	5,8150973255E-5	5,0103943438E-5
549	5,8203977644E-5	5,0201861377E-5
550	5,8257362388E-5	5,029852076E-5
551	5,8309377642E-5	5,0396687012E-5
552	5,836268229E-5	5,0493117593E-5
553	5,841574871E-5	5,0589534152E-5
554	5,8468402173E-5	5,0686029515E-5
555	5,8520482278E-5	5,0783494964E-5
556	5,8567784977E-5	5,0886748496E-5
557	5,8621029748E-5	5,0982662594E-5
558	5,8674685725E-5	5,1077068981E-5
559	5,87288301E-5	5,1170555516E-5
560	5,8782788242E-5	5,126391811E-5
561	5,8836341231E-5	5,1358163044E-5
562	5,8889409939E-5	5,1453430338E-5
563	5,8939098297E-5	5,1551784776E-5
564	5,8990721416E-5	5,1647704963E-5
565	5,9041986389E-5	5,1744262755E-5
566	5,9093919334E-5	5,1840056353E-5
567	5,9144456401E-5	5,1937190917E-5
568	5,9195730775E-5	5,2032425357E-5
569	5,9248350394E-5	5,2126363377E-5
570	5,9301162366E-5	5,2220371043E-5
571	5,9354012641E-5	5,2314946641E-5
572	5,9406894385E-5	5,2409335741E-5
573	5,9459475819E-5	5,2503490115E-5
574	5,9511315551E-5	5,2598593031E-5
575	5,9563710531E-5	5,2693208758E-5
576	5,9614639882E-5	5,278948722E-5
577	5,9665107205E-5	5,2885680405E-5
578	5,9715829082E-5	5,2981048413E-5
579	5,9768614672E-5	5,3073669679E-5
580	5,9821295068E-5	5,3164684378E-5
581	5,9872777381E-5	5,3256673403E-5
582	5,9924394664E-5	5,3348507988E-5
583	5,9974403972E-5	5,3442784309E-5
584	6,0025475197E-5	5,3535505866E-5
585	6,0076386938E-5	5,3627927843E-5
586	6,0127282346E-5	5,3720224373E-5
587	6,0177405314E-5	5,381250349E-5
588	6,022820519E-5	5,3904826998E-5
589	6,0277491966E-5	5,3997783635E-5
590	6,0327965848E-5	5,4089826459E-5
591	6,0378509449E-5	5,418251413E-5
592	6,042853035E-5	5,427354319E-5
593	6,0480486981E-5	5,4362406617E-5
594	6,0533205823E-5	5,4450483159E-5
595	6,0584531936E-5	5,454050019E-5
596	6,0634947201E-5	5,4631628243E-5
597	6,068327996E-5	5,4726509924E-5
598	6,0731466704E-5	5,4820845811E-5
599	6,0780948744E-5	5,4911155412E-5
600	6,0831418741E-5	5,5001913562E-5
601	6,0881609698E-5	5,5092146688E-5
602	6,0932097817E-5	5,5180593784E-5
603	6,0981823492E-5	5,5269381631E-5
604	6,1031355068E-5	5,5359756796E-5
605	6,1076054727E-5	5,5456266988E-5
606	6,1120716111E-5	5,5552104059E-5
607	6,1166772066E-5	5,5646167518E-5
608	6,1216417291E-5	5,5735576983E-5
609	6,1263694564E-5	5,5819810319E-5
610	6,1312702603E-5	5,5906279413E-5
611	6,1355121959E-5	5,5995582017E-5
612	6,1398810773E-5	5,6079858105E-5
613	6,1444283552E-5	5,6164342878E-5
614	6,1491996609E-5	5,6249530986E-5
615	6,1540382581E-5	5,6334826098E-5
616	6,1585803729E-5	5,6424103035E-5
617	6,1633126606E-5	5,6510420423E-5
618	6,1681552893E-5	5,6595674772E-5
619	6,1727667149E-5	5,6683867764E-5
620	6,1774411317E-5	5,6772853426E-5
621	6,1820310308E-5	5,6862194298E-5
622	6,1868212971E-5	5,6948963188E-5
623	6,1915353684E-5	5,7036663676E-5
624	6,1959709781E-5	5,7128804815E-5
625	6,2007733428E-5	5,7213707009E-5
626	6,2056568212E-5	5,7298741406E-5
627	6,2104785803E-5	5,7385047258E-5
628	6,2151777248E-5	5,7473091201E-5
629	6,2198961562E-5	5,7560902649E-5
630	6,2244996807E-5	5,7649731535E-5
631	6,2293281144E-5	5,7733740714E-5
632	6,2341824365E-5	5,7816343109E-5
633	6,2390417767E-5	5,7898129232E-5
634	6,2438885804E-5	5,7979433935E-5
635	6,248726069E-5	5,8060577052E-5
636	6,2535545452E-5	5,8141522632E-5
637	6,2583755619E-5	5,822232033E-5
638	6,2630204406E-5	5,8305905244E-5
639	6,2674569025E-5	5,8391970993E-5
640	6,2720477419E-5	5,8478594298E-5
641	6,2767940497E-5	5,8560324276E-5
642	6,2815628776E-5	5,8640746878E-5
643	6,2861915043E-5	5,8723580738E-5
644	6,2907811172E-5	5,8807326624E-5
645	6,2953505285E-5	5,8893245937E-5
646	6,2997326206E-5	5,8979957953E-5
647	6,3040516808E-5	5,9066361918E-5
648	6,3085248274E-5	5,9150727917E-5
649	6,3129874919E-5	5,9234353298E-5
650	6,3175958307E-5	5,9316814853E-5
651	6,3220893691E-5	5,9399825776E-5
652	6,3267283807E-5	5,9482085041E-5
653	6,3312486484E-5	5,9567116176E-5
654	6,3356808004E-5	5,965187622E-5
655	6,3399381604E-5	5,9737247427E-5
656	6,3443386184E-5	5,9820199165E-5
657	6,3487513157E-5	5,9902899574E-5
658	6,3531911648E-5	5,998490919E-5
659	6,3576049105E-5	6,0067043693E-5
660	6,362061948E-5	6,0148420915E-5
661	6,3664630164E-5	6,0230271096E-5
662	6,3708972887E-5	6,031133815E-5
663	6,3752793645E-5	6,0392930782E-5
664	6,3795068606E-5	6,0476254435E-5
665	6,3838380849E-5	6,0558018729E-5
666	6,3881722602E-5	6,0639530911E-5
667	6,3925700561E-5	6,071980216E-5
668	6,3969073155E-5	6,0800730148E-5
669	6,4012139179E-5	6,0881683408E-5
670	6,4055145413E-5	6,09626277E-5
671	6,4099327625E-5	6,1042043574E-5
672	6,4143827216E-5	6,1122695122E-5
673	6,4189675588E-5	6,1200435013E-5
674	6,4231905829E-5	6,1281684713E-5
675	6,4272204986E-5	6,1366288423E-5
676	6,4317105998E-5	6,1445228173E-5
677	6,436186761E-5	6,1522142503E-5
678	6,4404815676E-5	6,1600859063E-5
679	6,4448764483E-5	6,1678181808E-5
680	6,4493927336E-5	6,1756034134E-5
681	6,4534897383E-5	6,1839811002E-5
682	6,4577006074E-5	6,1919432684E-5
683	6,4618919271E-5	6,1998859374E-5
684	6,4660736634E-5	6,2078184225E-5
685	6,4702456795E-5	6,2157395792E-5
686	6,4744075183E-5	6,2236483567E-5
687	6,4785626667E-5	6,2315486718E-5
688	6,482707781E-5	6,2394368912E-5
689	6,4868481253E-5	6,2473153866E-5
690	6,4909739512E-5	6,2551754929E-5
691	6,4950895348E-5	6,263021669E-5
692	6,4992000617E-5	6,2708509149E-5
693	6,5033029142E-5	6,2786663019E-5
694	6,507397572E-5	6,2864695568E-5
695	6,5113767369E-5	6,2943125857E-5
696	6,5156230263E-5	6,3020113567E-5
697	6,5197632143E-5	6,3096860797E-5
698	6,5240185801E-5	6,3172343649E-5
699	6,5279735308E-5	6,3251895673E-5
700	6,5320147934E-5	6,3329649809E-5
701	6,5360437597E-5	6,3407075375E-5
702	6,5400553883E-5	6,3484127979E-5
703	6,5440651932E-5	6,3561269355E-5
704	6,5480730764E-5	6,3638317275E-5
705	6,5520729537E-5	6,3715209322E-5
706	6,5560678442E-5	6,3792025474E-5
707	6,5600542691E-5	6,3868641866E-5
708	6,5640303112E-5	6,3945089782E-5
709	6,5679961563E-5	6,4021385126E-5
710	6,5719641795E-5	6,4097647318E-5
711	6,5759131943E-5	6,4173839001E-5
712	6,5797698849E-5	6,4250606792E-5
713	6,5836833531E-5	6,432670854E-5
714	6,5876021879E-5	6,4402666065E-5
715	6,5915124891E-5	6,4478459063E-5
716	6,5954010553E-5	6,4553973541E-5
717	6,5994661231E-5	6,4628791092E-5
718	6,6035326608E-5	6,4704805782E-5
719	6,6074480723E-5	6,4780192458E-5
720	6,6113320128E-5	6,4855443005E-5
721	6,6151827155E-5	6,4930385589E-5
722	6,619021084E-5	6,5005179332E-5
723	6,6228522605E-5	6,50799863E-5
724	6,6266842635E-5	6,5154731806E-5
725	6,6305094725E-5	6,5229333811E-5
726	6,6343202393E-5	6,5303768245E-5
727	6,638181286E-5	6,5377255246E-5
728	6,6419971491E-5	6,5451240526E-5
729	6,6457929034E-5	6,5525299905E-5
730	6,6495705874E-5	6,5599349215E-5
731	6,6533437095E-5	6,5673274105E-5
732	6,6571035579E-5	6,5747107273E-5
733	6,6608526609E-5	6,5820762857E-5
734	6,6646761101E-5	6,5893936813E-5
735	6,6686281101E-5	6,5967669277E-5
736	6,6724504842E-5	6,6041086878E-5
737	6,6761793156E-5	6,6114280434E-5
738	6,6800301946E-5	6,6185978319E-5
739	6,6837724324E-5	6,6258501825E-5
740	6,6874432948E-5	6,6331857327E-5
741	6,6911358854E-5	6,6404771237E-5
742	6,6948011495E-5	6,6477264704E-5
743	6,698464254E-5	6,6549700948E-5
744	6,7021196567E-5	6,6622001126E-5
745	6,705765868E-5	6,669417691E-5
746	6,7094018033E-5	6,6766210459E-5
747	6,7130285338E-5	6,6838107424E-5
748	6,7166380915E-5	6,6909775115E-5
749	6,7201808419E-5	6,6983340633E-5
750	6,7239670227E-5	6,7052617706E-5
751	6,7275225034E-5	6,7125269404E-5
752	6,731218497E-5	6,71972644E-5
753	6,7347585387E-5	6,7270828712E-5
754	6,7380544372E-5	6,734783874E-5
755	6,7413867716E-5	6,742395024E-5
756	6,7450336954E-5	6,7495537598E-5
757	6,7486330437E-5	6,7567599029E-5
758	6,7520969232E-5	6,7641151019E-5
759	6,7553720597E-5	6,7716390019E-5
760	6,7588746157E-5	6,7788860459E-5
761	6,7625823993E-5	6,7857711183E-5
762	6,7662013918E-5	6,7928858315E-5
763	6,7697113952E-5	6,7999168316E-5
764	6,7732596047E-5	6,8069798139E-5
765	6,7767315251E-5	6,8141118309E-5
766	6,7802726773E-5	6,8211041141E-5
767	6,783731657E-5	6,8281791822E-5
768	6,7871023157E-5	6,8353473069E-5
769	6,7904663604E-5	6,842496986E-5
770	6,7940637331E-5	6,8493569804E-5
771	6,7975551705E-5	6,8563469867E-5
772	6,8011361635E-5	6,863127049E-5
773	6,8049332719E-5	6,8696490236E-5
774	6,8085728292E-5	6,8762594128E-5
775	6,8121477906E-5	6,8829476467E-5
776	6,8158050285E-5	6,8896147304E-5
777	6,8197520138E-5	6,8959581248E-5
778	6,8232132112E-5	6,9024499409E-5
779	6,8263109509E-5	6,9087287636E-5
780	6,8297444411E-5	6,915215774E-5
781	6,8331829809E-5	6,9219613638E-5
782	6,8367244734E-5	6,9285708197E-5
783	6,8401428222E-5	6,9354679252E-5
784	6,8435696594E-5	6,9422613095E-5
785	6,8470503105E-5	6,9489030579E-5
786	6,8506016485E-5	6,9555745257E-5
787	6,8545037206E-5	6,9617247314E-5
788	6,8581286132E-5	6,9681852779E-5
789	6,8616477944E-5	6,9747391966E-5
790	6,8650859102E-5	6,9813221817E-5
791	6,8687159736E-5	6,9876494298E-5
792	6,8723789367E-5	6,9938688206E-5
793	6,8757529222E-5	7,0004363249E-5
794	6,8790986891E-5	7,0070377192E-5
795	6,8825866998E-5	7,0134740179E-5
796	6,8862638716E-5	7,019633097E-5
797	6,8896054219E-5	7,026164451E-5
798	6,8930911872E-5	7,0324962622E-5
799	6,8963739402E-5	7,0390603478E-5
800	6,8997384609E-5	7,0454529632E-5
801	6,9029353695E-5	7,0521531119E-5
802	6,9061214345E-5	7,0587787204E-5
803	6,9094544532E-5	7,0652702387E-5
804	6,9126592189E-5	7,0718407323E-5
805	6,9157983488E-5	7,0784017003E-5
806	6,9189148119E-5	7,0849601221E-5
807	6,9220438549E-5	7,0915202805E-5
808	6,9251683335E-5	7,0980699723E-5
809	6,9283924249E-5	7,1044269159E-5
810	6,9315134233E-5	7,1108991021E-5
811	6,9349367892E-5	7,1170241914E-5
812	6,9383308682E-5	7,1232146463E-5
813	6,9415531647E-5	7,1295707757E-5
814	6,9450512878E-5	7,135475329E-5
815	6,9484614144E-5	7,1415176506E-5
816	6,9516052763E-5	7,1478790603E-5
817	6,954675593E-5	7,1542961326E-5
818	6,957714334E-5	7,1607226673E-5
819	6,9610895394E-5	7,1667570164E-5
820	6,9642055752E-5	7,1730829846E-5
821	6,9675453153E-5	7,1790466159E-5
822	6,9706269979E-5	7,1853677214E-5
823	6,973747289E-5	7,1915720219E-5
824	6,9767500934E-5	7,1979177862E-5
825	6,9797249356E-5	7,2042840189E-5
826	6,9826803822E-5	7,2106412262E-5
827	6,9859273767E-5	7,2166916009E-5
828	6,9895293186E-5	7,2223799549E-5
829	6,9928686798E-5	7,2282594599E-5
830	6,9959034981E-5	7,2344475969E-5
831	6,9991612258E-5	7,2404515052E-5
832	7,0024098334E-5	7,2464467463E-5
833	7,0055431924E-5	7,2527019569E-5
834	7,008652157E-5	7,2587362312E-5
835	7,0117061385E-5	7,2648842402E-5
836	7,0147539568E-5	7,2709282366E-5
837	7,0180196516E-5	7,276827433E-5
838	7,0209042135E-5	7,2830212133E-5
839	7,0237806701E-5	7,2892232915E-5
840	7,0266234307E-5	7,295437095E-5
841	7,0294644342E-5	7,3016434129E-5
842	7,0322913825E-5	7,3078210883E-5
843	7,0351884612E-5	7,3139398499E-5
844	7,0383281405E-5	7,3196951867E-5
845	7,0412646748E-5	7,3256680136E-5
846	7,0440951018E-5	7,3317418858E-5
847	7,0470584255E-5	7,3376030816E-5
848	7,0498455464E-5	7,3436565721E-5
849	7,0529018611E-5	7,3494047744E-5
850	7,0557175063E-5	7,3554022937E-5
851	7,0587887834E-5	7,3610389283E-5
852	7,061693071E-5	7,3668418136E-5
853	7,0644629297E-5	7,3728448782E-5
854	7,0674341249E-5	7,3785462681E-5
855	7,0706047475E-5	7,3839579142E-5
856	7,0734458481E-5	7,3898667533E-5
857	7,0764143283E-5	7,3955197889E-5
858	7,0794784364E-5	7,4010062433E-5
859	7,0828753724E-5	7,4060719543E-5
860	7,0857592841E-5	7,4118593897E-5
861	7,0887096382E-5	7,4174439279E-5
862	7,0916929629E-5	7,4229598746E-5
863	7,0950455656E-5	7,4279534209E-5
864	7,0978978003E-5	7,4336927209E-5
865	7,100660569E-5	7,4394878981E-5
866	7,1034116859E-5	7,4454875607E-5
867	7,1063895776E-5	7,4511402555E-5
868	7,1092185187E-5	7,4568939654E-5
869	7,1121500707E-5	7,462470151E-5
870	7,1147825184E-5	7,4682560966E-5
871	7,1176868642E-5	7,4738169792E-5
872	7,1206103282E-5	7,4791901045E-5
873	7,1237406523E-5	7,484555531E-5
874	7,1265948923E-5	7,4900258981E-5
875	7,1294882052E-5	7,4953938432E-5
876	7,1327298039E-5	7,5003258767E-5
877	7,1354790471E-5	7,5059740991E-5
878	7,138098712E-5	7,5116291419E-5
879	7,1409407416E-5	7,5169772069E-5
880	7,1435586694E-5	7,5226941799E-5
881	7,14631542E-5	7,5281037191E-5
882	7,1492007578E-5	7,5332735847E-5
883	7,1518054396E-5	7,5389103511E-5
884	7,1545315246E-5	7,5442740762E-5
885	7,1574522438E-5	7,5493966812E-5
886	7,160091271E-5	7,5548942988E-5
887	7,1629937168E-5	7,5599827253E-5
888	7,1658788662E-5	7,5652854783E-5
889	7,1684154964E-5	7,5708524316E-5
890	7,1714766019E-5	7,5758855903E-5
891	7,1742067581E-5	7,5812337149E-5
892	7,1771897193E-5	7,5862293994E-5
893	7,1797257545E-5	7,5916960762E-5
894	7,1825339254E-5	7,5968532063E-5
895	7,1851712727E-5	7,602141863E-5
896	7,1882843714E-5	7,6067754023E-5
897	7,1908784958E-5	7,6121834896E-5
898	7,1937380031E-5	7,6172040303E-5
899	7,1965864895E-5	7,6221324651E-5
900	7,1996862231E-5	7,6267402599E-5
901	7,2022454844E-5	7,6321007627E-5
902	7,204860017E-5	7,6372670572E-5
903	7,207562431E-5	7,6422836291E-5
904	7,2106108475E-5	7,6468521901E-5
905	7,2131332526E-5	7,6521597555E-5
906	7,215715425E-5	7,657297893E-5
907	7,2183882506E-5	7,6622798221E-5
908	7,2213208877E-5	7,6669623656E-5
909	7,2237706237E-5	7,6722477683E-5
910	7,2261352958E-5	7,6776077578E-5
911	7,2284205432E-5	7,6829923043E-5
912	7,2310696976E-5	7,688112445E-5
913	7,2337842771E-5	7,6929692118E-5
914	7,2361531524E-5	7,6982853867E-5
915	7,2387041154E-5	7,703289223E-5
916	7,2416594564E-5	7,707748188E-5
917	7,2440892823E-5	7,7129477287E-5
918	7,2465737361E-5	7,7179664057E-5
919	7,2491855202E-5	7,7228072683E-5
920	7,2517062499E-5	7,7278205801E-5
921	7,2538488471E-5	7,7332069463E-5
922	7,2561492909E-5	7,738451542E-5
923	7,2584618782E-5	7,7435814283E-5
924	7,2607435715E-5	7,7488371198E-5
925	7,2629719175E-5	7,7540260814E-5
926	7,2651294393E-5	7,7592988568E-5
927	7,267505705E-5	7,764277961E-5
928	7,2703716201E-5	7,768637936E-5
929	7,2726924041E-5	7,7736895039E-5
930	7,2748395858E-5	7,7788713036E-5
931	7,276931667E-5	7,7840935394E-5
932	7,2790023385E-5	7,7893170894E-5
933	7,2814185892E-5	7,7941612687E-5
934	7,2839395281E-5	7,7988701512E-5
935	7,2865206017E-5	7,8035843046E-5
936	7,2891998866E-5	7,8082024933E-5
937	7,2915598999E-5	7,8130515376E-5
938	7,293668696E-5	7,81814113E-5
939	7,2959097647E-5	7,8231045141E-5
940	7,2979779517E-5	7,8282352789E-5
941	7,2999978679E-5	7,8333838286E-5
942	7,3020017134E-5	7,8385454232E-5
943	7,3039911339E-5	7,84368464E-5
944	7,3059679673E-5	7,8488010439E-5
945	7,3079335937E-5	7,8538995155E-5
946	7,3098891775E-5	7,8589844702E-5
947	7,3118366099E-5	7,8640583073E-5
948	7,3140097511E-5	7,8688508897E-5
949	7,3163401024E-5	7,8734850505E-5
950	7,3185784467E-5	7,8780875706E-5
951	7,3209148991E-5	7,8827052006E-5
952	7,3231394476E-5	7,8875475017E-5
953	7,3252264185E-5	7,8925739719E-5
954	7,3272709083E-5	7,8976526412E-5
955	7,3295108402E-5	7,9023810027E-5
956	7,3315096191E-5	7,9073528146E-5
957	7,3334183821E-5	7,9123527017E-5
958	7,335406742E-5	7,9174101819E-5
959	7,3376068464E-5	7,9220778748E-5
960	7,3397825299E-5	7,9267966985E-5
961	7,3420729791E-5	7,9314325873E-5
962	7,344149614E-5	7,9363213401E-5
963	7,3461549629E-5	7,9412963574E-5
964	7,3482604715E-5	7,9461042802E-5
965	7,3504961117E-5	7,9507418473E-5
966	7,3527674285E-5	7,9552621406E-5
967	7,3553803026E-5	7,9593305315E-5
968	7,3580698791E-5	7,9632285383E-5
969	7,360084609E-5	7,9678603668E-5
970	7,3627569458E-5	7,9717906531E-5
971	7,3653198463E-5	7,9758392019E-5
972	7,3678947378E-5	7,9797704574E-5
973	7,3704689684E-5	7,9836786971E-5
974	7,3729782683E-5	7,987637812E-5
975	7,3754708349E-5	7,9915952669E-5
976	7,3780051398E-5	7,9954744903E-5
977	7,3804446774E-5	7,9994318593E-5
978	7,3827043809E-5	8,0035990737E-5
979	7,3852680442E-5	8,0074894869E-5
980	7,3877525891E-5	8,0113738598E-5
981	7,390212046E-5	8,0152650503E-5
982	7,3926576885E-5	8,0191540844E-5
983	7,3951567075E-5	8,0230703924E-5
984	7,3975751981E-5	8,0269480033E-5
985	7,4000628648E-5	8,0308718857E-5
986	7,4024180542E-5	8,0347940452E-5
987	7,4048134019E-5	8,0387580195E-5
988	7,4071094527E-5	8,042732491E-5
989	7,4093418446E-5	8,0467500991E-5
990	7,4115756082E-5	8,0507042635E-5
991	7,4138012582E-5	8,0546573572E-5
992	7,4160181913E-5	8,0586037962E-5
993	7,418294571E-5	8,0623558262E-5
994	7,4206647048E-5	8,0659078678E-5
995	7,4229543674E-5	8,0695256855E-5
996	7,4252641567E-5	8,0731793652E-5
997	7,427529224E-5	8,0768714218E-5
998	7,4297754555E-5	8,0805642308E-5
999	7,4318111314E-5	8,0845228177E-5
1000	7,4341706643E-5	8,0882517652E-5
