0 3 12 iAF1260.cmd 1E-8
0 3 12 iJN1463.cmd 1E-8
0 8 9 iAF1260.cmd 1E-8
0 8 9 iJN1463.cmd 1E-8
0 10 9 iAF1260.cmd 1E-8
0 10 9 iJN1463.cmd 1E-8
0 13 2 iAF1260.cmd 1E-8
0 13 2 iJN1463.cmd 1E-8
0 7 11 iAF1260.cmd 1E-8
0 7 11 iJN1463.cmd 1E-8
0 12 8 iAF1260.cmd 1E-8
0 12 8 iJN1463.cmd 1E-8
0 8 5 iAF1260.cmd 1E-8
0 8 5 iJN1463.cmd 1E-8
0 8 7 iAF1260.cmd 1E-8
0 8 7 iJN1463.cmd 1E-8
0 7 13 iAF1260.cmd 1E-8
0 7 13 iJN1463.cmd 1E-8
0 4 4 iAF1260.cmd 1E-8
0 4 4 iJN1463.cmd 1E-8
0 14 12 iAF1260.cmd 1E-8
0 14 12 iJN1463.cmd 1E-8
0 10 13 iAF1260.cmd 1E-8
0 10 13 iJN1463.cmd 1E-8
0 11 3 iAF1260.cmd 1E-8
0 11 3 iJN1463.cmd 1E-8
0 14 4 iAF1260.cmd 1E-8
0 14 4 iJN1463.cmd 1E-8
0 2 2 iAF1260.cmd 1E-8
0 2 2 iJN1463.cmd 1E-8
500 3 12 iAF1260.cmd 8,5916228852E-7
500 3 12 iJN1463.cmd 2,2811470139E-6
500 8 9 iAF1260.cmd 2,1731214265E-7
500 8 9 iJN1463.cmd 2,7501533834E-6
500 10 9 iAF1260.cmd 1,9729127197E-7
500 10 9 iJN1463.cmd 4,0219152665E-6
500 13 2 iAF1260.cmd 8,9069980904E-8
500 13 2 iJN1463.cmd 1,5416722161E-6
500 7 11 iAF1260.cmd 2,2431235981E-7
500 7 11 iJN1463.cmd 1,8964432785E-6
500 12 8 iAF1260.cmd 6,9912955543E-8
500 12 8 iJN1463.cmd 1,2615526181E-6
500 8 5 iAF1260.cmd 1,9894722869E-7
500 8 5 iJN1463.cmd 1,6014126312E-6
500 8 7 iAF1260.cmd 2,0406029254E-7
500 8 7 iJN1463.cmd 2,155719759E-6
500 7 13 iAF1260.cmd 2,9407499514E-7
500 7 13 iJN1463.cmd 1,5075096952E-6
500 4 4 iAF1260.cmd 7,6578367046E-7
500 4 4 iJN1463.cmd 2,9922555836E-6
500 14 12 iAF1260.cmd 8,3394508865E-8
500 14 12 iJN1463.cmd 1,2485380057E-6
500 10 13 iAF1260.cmd 1,3716813956E-7
500 10 13 iJN1463.cmd 9,6115689517E-7
500 11 3 iAF1260.cmd 9,8293156953E-8
500 11 3 iJN1463.cmd 1,3729383501E-6
500 14 4 iAF1260.cmd 9,2543527177E-8
500 14 4 iJN1463.cmd 1,7725095629E-6
500 2 2 iAF1260.cmd 9,5786131275E-7
500 2 2 iJN1463.cmd 2,7943621653E-6
500 2 1 iAF1260.cmd 8,2551301425E-7
500 2 1 iJN1463.cmd 2,026359903E-6
500 2 3 iAF1260.cmd 9,2707527968E-7
500 2 3 iJN1463.cmd 2,4365978947E-6
500 2 12 iAF1260.cmd 8,837526142E-7
500 2 12 iJN1463.cmd 1,9535195814E-6
500 3 2 iAF1260.cmd 9,4541374144E-7
500 3 2 iJN1463.cmd 2,7670798047E-6
500 3 4 iAF1260.cmd 8,4489130843E-7
500 3 4 iJN1463.cmd 2,5529848251E-6
500 3 11 iAF1260.cmd 8,9973923955E-7
500 3 11 iJN1463.cmd 2,6383751823E-6
500 3 13 iAF1260.cmd 6,8502709986E-7
500 3 13 iJN1463.cmd 1,6728495322E-6
500 4 12 iAF1260.cmd 7,6045434814E-7
500 4 12 iJN1463.cmd 2,0072478785E-6
500 5 4 iAF1260.cmd 4,0835542136E-7
500 5 4 iJN1463.cmd 1,6657601545E-6
500 6 11 iAF1260.cmd 1,8497884021E-7
500 6 11 iJN1463.cmd 1,6549409218E-6
500 6 13 iAF1260.cmd 3,4826249735E-7
500 6 13 iJN1463.cmd 1,2935326034E-6
500 7 5 iAF1260.cmd 2,2453814489E-7
500 7 5 iJN1463.cmd 1,3623119781E-6
500 7 7 iAF1260.cmd 1,9302637273E-7
500 7 7 iJN1463.cmd 1,5564785385E-6
500 7 10 iAF1260.cmd 1,8895729211E-7
500 7 10 iJN1463.cmd 1,7690546743E-6
500 7 12 iAF1260.cmd 2,8005633883E-7
500 7 12 iJN1463.cmd 1,9077350541E-6
500 7 14 iAF1260.cmd 1,619850918E-7
500 7 14 iJN1463.cmd 1,0332587734E-6
500 8 4 iAF1260.cmd 1,6596226188E-7
500 8 4 iJN1463.cmd 1,1608404645E-6
500 8 6 iAF1260.cmd 2,2241662861E-7
500 8 6 iJN1463.cmd 1,9918409083E-6
500 8 8 iAF1260.cmd 1,9378348153E-7
500 8 8 iJN1463.cmd 2,328082773E-6
500 8 10 iAF1260.cmd 1,9835785188E-7
500 8 10 iJN1463.cmd 2,0067207736E-6
500 8 11 iAF1260.cmd 2,1018461029E-7
500 8 11 iJN1463.cmd 1,7357406882E-6
500 8 13 iAF1260.cmd 2,309023417E-7
500 8 13 iJN1463.cmd 1,3367016501E-6
500 9 5 iAF1260.cmd 1,4704729953E-7
500 9 5 iJN1463.cmd 1,3013352631E-6
500 9 7 iAF1260.cmd 1,8598815084E-7
500 9 7 iJN1463.cmd 2,293711489E-6
500 9 13 iAF1260.cmd 1,7716672029E-7
500 9 13 iJN1463.cmd 1,1104966791E-6
500 10 3 iAF1260.cmd 9,7603989161E-8
500 10 3 iJN1463.cmd 1,0502876714E-6
500 10 8 iAF1260.cmd 1,5723582622E-7
500 10 8 iJN1463.cmd 2,8221989093E-6
500 10 12 iAF1260.cmd 1,4587372394E-7
500 10 12 iJN1463.cmd 1,0067473796E-6
500 10 14 iAF1260.cmd 8,5176448716E-8
500 10 14 iJN1463.cmd 7,2066805477E-7
500 11 2 iAF1260.cmd 8,3291316056E-8
500 11 2 iJN1463.cmd 1,118606712E-6
500 11 4 iAF1260.cmd 9,8128426355E-8
500 11 4 iJN1463.cmd 1,3439363594E-6
500 11 8 iAF1260.cmd 9,9580592853E-8
500 11 8 iJN1463.cmd 1,8161626615E-6
500 11 13 iAF1260.cmd 1,0099236451E-7
500 11 13 iJN1463.cmd 7,6575517319E-7
500 12 2 iAF1260.cmd 8,6486911237E-8
500 12 2 iJN1463.cmd 1,3618504267E-6
500 12 3 iAF1260.cmd 9,5378992075E-8
500 12 3 iJN1463.cmd 1,5446917734E-6
500 12 7 iAF1260.cmd 6,2688906407E-8
500 12 7 iJN1463.cmd 1,1329581884E-6
500 12 9 iAF1260.cmd 5,5352253872E-8
500 12 9 iJN1463.cmd 9,1411624961E-7
500 13 1 iAF1260.cmd 6,5761077639E-8
500 13 1 iJN1463.cmd 1,0587946025E-6
500 13 3 iAF1260.cmd 9,7185639984E-8
500 13 3 iJN1463.cmd 1,733246126E-6
500 13 4 iAF1260.cmd 8,5680161974E-8
500 13 4 iJN1463.cmd 1,5469710728E-6
500 13 8 iAF1260.cmd 5,3192333418E-8
500 13 8 iJN1463.cmd 9,2122328974E-7
500 13 12 iAF1260.cmd 7,5459241335E-8
500 13 12 iJN1463.cmd 9,5410276017E-7
500 14 2 iAF1260.cmd 8,8707096556E-8
500 14 2 iJN1463.cmd 1,5957826577E-6
500 14 3 iAF1260.cmd 1,0018530431E-7
500 14 3 iJN1463.cmd 1,8741361139E-6
500 14 5 iAF1260.cmd 6,6460679416E-8
500 14 5 iJN1463.cmd 1,2570616324E-6
500 14 11 iAF1260.cmd 6,9132461086E-8
500 14 11 iJN1463.cmd 1,0399251887E-6
500 14 13 iAF1260.cmd 7,2385665695E-8
500 14 13 iJN1463.cmd 9,9417007851E-7
500 7 6 iAF1260.cmd 2,2306463153E-7
500 7 6 iJN1463.cmd 1,5165785421E-6
500 8 12 iAF1260.cmd 2,3696068655E-7
500 8 12 iJN1463.cmd 1,6110141437E-6
500 9 8 iAF1260.cmd 1,7499383092E-7
500 9 8 iJN1463.cmd 2,4443155861E-6
500 3 3 iAF1260.cmd 9,4038928051E-7
500 3 3 iJN1463.cmd 2,7328133293E-6
500 7 8 iAF1260.cmd 1,6489357397E-7
500 7 8 iJN1463.cmd 1,5242550771E-6
500 12 4 iAF1260.cmd 8,3892985337E-8
500 12 4 iJN1463.cmd 1,3545930326E-6
500 2 4 iAF1260.cmd 8,8168444346E-7
500 2 4 iJN1463.cmd 2,1764874183E-6
500 3 1 iAF1260.cmd 8,2954183315E-7
500 3 1 iJN1463.cmd 2,1015411373E-6
500 4 11 iAF1260.cmd 8,473168582E-7
500 4 11 iJN1463.cmd 2,3781272903E-6
500 6 10 iAF1260.cmd 1,3440943064E-7
500 6 10 iJN1463.cmd 1,1258565049E-6
500 2 13 iAF1260.cmd 7,1143479786E-7
500 2 13 iJN1463.cmd 1,480152802E-6
500 4 13 iAF1260.cmd 5,9048070404E-7
500 4 13 iJN1463.cmd 1,4876484561E-6
500 7 4 iAF1260.cmd 1,9947474384E-7
500 7 4 iJN1463.cmd 1,05540684E-6
500 9 4 iAF1260.cmd 1,3099523866E-7
500 9 4 iJN1463.cmd 1,1045555377E-6
500 9 12 iAF1260.cmd 1,8539368389E-7
500 9 12 iJN1463.cmd 1,2347875268E-6
500 10 2 iAF1260.cmd 7,735222828E-8
500 10 2 iJN1463.cmd 7,8097043387E-7
500 10 4 iAF1260.cmd 1,0568885937E-7
500 10 4 iJN1463.cmd 1,1043484232E-6
500 11 7 iAF1260.cmd 7,4655733627E-8
500 11 7 iJN1463.cmd 1,3515830487E-6
500 11 12 iAF1260.cmd 1,1010014867E-7
500 11 12 iJN1463.cmd 8,3467588399E-7
500 12 1 iAF1260.cmd 6,3368653194E-8
500 12 1 iJN1463.cmd 9,1261853016E-7
500 13 5 iAF1260.cmd 6,0390726871E-8
500 13 5 iJN1463.cmd 1,0825032072E-6
500 13 9 iAF1260.cmd 4,8009971764E-8
500 13 9 iJN1463.cmd 7,5930445557E-7
500 13 11 iAF1260.cmd 6,1649861978E-8
500 13 11 iJN1463.cmd 8,1800369844E-7
500 13 13 iAF1260.cmd 6,7587793413E-8
500 13 13 iJN1463.cmd 7,7558785698E-7
500 14 1 iAF1260.cmd 6,4156872562E-8
500 14 1 iJN1463.cmd 1,0736556704E-6
500 6 14 iAF1260.cmd 1,8968096449E-7
500 6 14 iJN1463.cmd 9,1594188362E-7
500 8 14 iAF1260.cmd 1,3164694468E-7
500 8 14 iJN1463.cmd 9,3589650974E-7
500 9 14 iAF1260.cmd 1,0554728983E-7
500 9 14 iJN1463.cmd 8,1053554249E-7
500 11 14 iAF1260.cmd 6,2969629632E-8
500 11 14 iJN1463.cmd 5,6266082653E-7
500 1 1 iAF1260.cmd 6,3876991579E-7
500 1 1 iJN1463.cmd 1,26221574E-6
500 1 3 iAF1260.cmd 7,3695366524E-7
500 1 3 iJN1463.cmd 1,5021811346E-6
500 1 12 iAF1260.cmd 7,3182054661E-7
500 1 12 iJN1463.cmd 1,2300492149E-6
500 2 0 iAF1260.cmd 7,259888593E-7
500 2 0 iJN1463.cmd 1,4678781191E-6
500 3 5 iAF1260.cmd 7,1777278773E-7
500 3 5 iJN1463.cmd 1,7013592444E-6
500 5 3 iAF1260.cmd 2,3535089187E-7
500 5 3 iJN1463.cmd 9,0790376793E-7
500 5 5 iAF1260.cmd 3,0072794378E-7
500 5 5 iJN1463.cmd 1,1472327699E-6
500 5 13 iAF1260.cmd 4,784747388E-7
500 5 13 iJN1463.cmd 1,2784043516E-6
500 6 4 iAF1260.cmd 2,5943502726E-7
500 6 4 iJN1463.cmd 1,1093483794E-6
500 9 10 iAF1260.cmd 1,6924848961E-7
500 9 10 iJN1463.cmd 1,4375120699E-6
500 3 14 iAF1260.cmd 3,2501576492E-7
500 3 14 iJN1463.cmd 9,8856507024E-7
500 5 12 iAF1260.cmd 6,4511385582E-7
500 5 12 iJN1463.cmd 1,5966502938E-6
500 9 11 iAF1260.cmd 1,7150887627E-7
500 9 11 iJN1463.cmd 1,2647084094E-6
500 10 5 iAF1260.cmd 1,0062835205E-7
500 10 5 iJN1463.cmd 9,2686320837E-7
500 11 1 iAF1260.cmd 5,9156539584E-8
500 11 1 iJN1463.cmd 6,9930781047E-7
500 6 5 iAF1260.cmd 2,5316421339E-7
500 6 5 iJN1463.cmd 1,1092629606E-6
500 6 7 iAF1260.cmd 1,7402612458E-7
500 6 7 iJN1463.cmd 9,960374571E-7
500 8 3 iAF1260.cmd 1,2148688596E-7
500 8 3 iJN1463.cmd 7,0448253968E-7
500 9 3 iAF1260.cmd 1,0480939434E-7
500 9 3 iJN1463.cmd 8,1470086076E-7
500 12 12 iAF1260.cmd 7,8228584784E-8
500 12 12 iJN1463.cmd 7,4058201034E-7
500 12 13 iAF1260.cmd 7,3840017324E-8
500 12 13 iJN1463.cmd 6,4802103226E-7
500 14 6 iAF1260.cmd 4,1725052889E-8
500 14 6 iJN1463.cmd 7,440971801E-7
500 14 10 iAF1260.cmd 4,9506546142E-8
500 14 10 iJN1463.cmd 7,1831818328E-7
500 14 14 iAF1260.cmd 4,5386725366E-8
500 14 14 iJN1463.cmd 6,3441213307E-7
500 10 11 iAF1260.cmd 1,4441472155E-7
500 10 11 iJN1463.cmd 9,6838390998E-7
500 12 6 iAF1260.cmd 4,7612683811E-8
500 12 6 iJN1463.cmd 8,1900156907E-7
500 12 10 iAF1260.cmd 4,3867377426E-8
500 12 10 iJN1463.cmd 5,8027225319E-7
500 13 0 iAF1260.cmd 4,668093773E-8
500 13 0 iJN1463.cmd 6,7674712776E-7
500 14 8 iAF1260.cmd 3,75582358E-8
500 14 8 iJN1463.cmd 6,0500673266E-7
500 6 6 iAF1260.cmd 2,3161570139E-7
500 6 6 iJN1463.cmd 1,0230747883E-6
500 12 5 iAF1260.cmd 5,7283130732E-8
500 12 5 iJN1463.cmd 9,5785156066E-7
500 13 10 iAF1260.cmd 4,7957742499E-8
500 13 10 iJN1463.cmd 6,6702414813E-7
500 6 8 iAF1260.cmd 1,1554219433E-7
500 6 8 iJN1463.cmd 7,6819544292E-7
500 1 4 iAF1260.cmd 6,9835841225E-7
500 1 4 iJN1463.cmd 1,278689924E-6
500 3 0 iAF1260.cmd 6,5026384637E-7
500 3 0 iJN1463.cmd 1,3286089821E-6
500 1 13 iAF1260.cmd 5,9829359014E-7
500 1 13 iJN1463.cmd 1,0040486121E-6
500 12 11 iAF1260.cmd 5,6707869039E-8
500 12 11 iJN1463.cmd 6,2975097696E-7
500 13 6 iAF1260.cmd 4,2805769443E-8
500 13 6 iJN1463.cmd 7,4446047646E-7
500 14 9 iAF1260.cmd 4,0377577473E-8
500 14 9 iJN1463.cmd 6,0440136513E-7
500 2 14 iAF1260.cmd 3,227383362E-7
500 2 14 iJN1463.cmd 8,4937571041E-7
500 7 3 iAF1260.cmd 1,4298546068E-7
500 7 3 iJN1463.cmd 6,2471946023E-7
500 4 14 iAF1260.cmd 2,8371127284E-7
500 4 14 iJN1463.cmd 9,0215324068E-7
500 9 2 iAF1260.cmd 7,5308063276E-8
500 9 2 iJN1463.cmd 5,0670725799E-7
500 10 1 iAF1260.cmd 5,3737298078E-8
500 10 1 iJN1463.cmd 4,5338821669E-7
500 14 0 iAF1260.cmd 4,4897387926E-8
500 14 0 iJN1463.cmd 6,8050118378E-7
500 12 0 iAF1260.cmd 4,5114118466E-8
500 12 0 iJN1463.cmd 5,6924739671E-7
500 6 3 iAF1260.cmd 1,7669794644E-7
500 6 3 iJN1463.cmd 6,8190048941E-7
500 1 0 iAF1260.cmd 6,0592528992E-7
500 1 0 iJN1463.cmd 1,0626507502E-6
500 6 9 iAF1260.cmd 9,3831187706E-8
500 6 9 iJN1463.cmd 6,2377786557E-7
500 13 14 iAF1260.cmd 4,1774295569E-8
500 13 14 iJN1463.cmd 5,0615362397E-7
500 5 10 iAF1260.cmd 8,3229415311E-8
500 5 10 iJN1463.cmd 5,6371810073E-7
500 5 14 iAF1260.cmd 2,3358984258E-7
500 5 14 iJN1463.cmd 8,268642501E-7
500 14 7 iAF1260.cmd 3,0447596159E-8
500 14 7 iJN1463.cmd 4,9705800825E-7
500 12 14 iAF1260.cmd 4,5711059621E-8
500 12 14 iJN1463.cmd 4,5102015617E-7
500 5 6 iAF1260.cmd 2,9170684289E-7
500 5 6 iJN1463.cmd 8,1018423229E-7
500 3 6 iAF1260.cmd 5,459585576E-7
500 3 6 iJN1463.cmd 8,8827302264E-7
500 0 1 iAF1260.cmd 2,4824547937E-7
500 0 1 iJN1463.cmd 5,7074984484E-7
500 0 3 iAF1260.cmd 2,8058356103E-7
500 0 3 iJN1463.cmd 6,5151474958E-7
500 5 2 iAF1260.cmd 1,4702855709E-7
500 5 2 iJN1463.cmd 4,2199172945E-7
500 10 6 iAF1260.cmd 6,5417555052E-8
500 10 6 iJN1463.cmd 5,2207069997E-7
500 11 0 iAF1260.cmd 4,1929081785E-8
500 11 0 iJN1463.cmd 4,1267548837E-7
500 0 12 iAF1260.cmd 3,0139863854E-7
500 0 12 iJN1463.cmd 5,8852798452E-7
500 1 11 iAF1260.cmd 6,934715012E-7
500 1 11 iJN1463.cmd 9,2250699823E-7
500 8 2 iAF1260.cmd 8,0050891793E-8
500 8 2 iJN1463.cmd 3,6393467876E-7
500 11 10 iAF1260.cmd 2,6913498984E-8
500 11 10 iJN1463.cmd 3,0393519786E-7
500 9 1 iAF1260.cmd 5,0484459226E-8
500 9 1 iJN1463.cmd 2,6520490493E-7
500 1 14 iAF1260.cmd 2,5379430757E-7
500 1 14 iJN1463.cmd 5,5293583616E-7
500 0 4 iAF1260.cmd 2,8344931325E-7
500 0 4 iJN1463.cmd 5,9326716439E-7
500 5 8 iAF1260.cmd 5,783637152E-8
500 5 8 iJN1463.cmd 3,0847258469E-7
500 5 9 iAF1260.cmd 6,5046942771E-8
500 5 9 iJN1463.cmd 3,6805940878E-7
500 0 13 iAF1260.cmd 2,4553793367E-7
500 0 13 iJN1463.cmd 4,8442977724E-7
500 1 5 iAF1260.cmd 5,8914254121E-7
500 1 5 iJN1463.cmd 7,9578181171E-7
500 4 0 iAF1260.cmd 3,9121102712E-7
500 4 0 iJN1463.cmd 6,4567469554E-7
500 7 2 iAF1260.cmd 9,0831170273E-8
500 7 2 iJN1463.cmd 3,043529194E-7
500 10 0 iAF1260.cmd 3,8252137994E-8
500 10 0 iJN1463.cmd 2,5393430564E-7
500 6 2 iAF1260.cmd 1,1667791289E-7
500 6 2 iJN1463.cmd 3,3326174508E-7
500 0 0 iAF1260.cmd 2,6035319912E-7
500 0 0 iJN1463.cmd 5,4466707947E-7
500 4 6 iAF1260.cmd 4,0170987137E-7
500 4 6 iJN1463.cmd 6,7463801957E-7
500 0 11 iAF1260.cmd 2,7341632646E-7
500 0 11 iJN1463.cmd 4,5905122455E-7
500 2 6 iAF1260.cmd 5,6700327962E-7
500 2 6 iJN1463.cmd 7,2671266561E-7
500 3 7 iAF1260.cmd 4,9395101911E-7
500 3 7 iJN1463.cmd 6,58063656E-7
500 0 2 iAF1260.cmd 1,3883378378E-7
500 0 2 iJN1463.cmd 3,5715315047E-7
500 8 1 iAF1260.cmd 5,1645197173E-8
500 8 1 iJN1463.cmd 1,7218017158E-7
500 1 10 iAF1260.cmd 6,2416237499E-7
500 1 10 iJN1463.cmd 7,5787070535E-7
500 5 1 iAF1260.cmd 1,2925609556E-7
500 5 1 iJN1463.cmd 2,3251100974E-7
500 9 0 iAF1260.cmd 3,4742753356E-8
500 9 0 iJN1463.cmd 1,4301413821E-7
500 0 5 iAF1260.cmd 2,278906287E-7
500 0 5 iJN1463.cmd 3,9182880212E-7
500 1 6 iAF1260.cmd 5,06516237E-7
500 1 6 iJN1463.cmd 6,1749302022E-7
500 5 0 iAF1260.cmd 1,8841543891E-7
500 5 0 iJN1463.cmd 2,7640935524E-7
500 0 14 iAF1260.cmd 1,2888781452E-7
500 0 14 iJN1463.cmd 2,8836673455E-7
500 6 1 iAF1260.cmd 9,3408393881E-8
500 6 1 iJN1463.cmd 1,7392537242E-7
500 7 1 iAF1260.cmd 6,550061163E-8
500 7 1 iJN1463.cmd 1,4710223295E-7
500 4 8 iAF1260.cmd 2,8549538986E-8
500 4 8 iJN1463.cmd 1,2016233179E-7
500 0 10 iAF1260.cmd 2,020497917E-7
500 0 10 iJN1463.cmd 3,1215661574E-7
500 8 0 iAF1260.cmd 3,9774040727E-8
500 8 0 iJN1463.cmd 9,5883113285E-8
500 2 10 iAF1260.cmd 6,0640276895E-7
500 2 10 iJN1463.cmd 7,6193858066E-7
500 6 0 iAF1260.cmd 9,8680621403E-8
500 6 0 iJN1463.cmd 1,4227826634E-7
500 0 6 iAF1260.cmd 1,7019255896E-7
500 0 6 iJN1463.cmd 2,695544868E-7
500 1 7 iAF1260.cmd 4,1899577902E-7
500 1 7 iJN1463.cmd 5,2319429819E-7
500 7 0 iAF1260.cmd 5,7242509446E-8
500 7 0 iJN1463.cmd 9,5511908657E-8
500 2 9 iAF1260.cmd 4,5637163392E-7
500 2 9 iJN1463.cmd 6,4189935084E-7
500 0 9 iAF1260.cmd 5,4373447541E-8
500 0 9 iJN1463.cmd 1,0431019929E-7
500 0 7 iAF1260.cmd 1,1833883227E-7
500 0 7 iJN1463.cmd 1,9956523125E-7
500 1 8 iAF1260.cmd 3,5063470094E-7
500 1 8 iJN1463.cmd 4,9298139007E-7
500 2 8 iAF1260.cmd 3,8359970124E-7
500 2 8 iJN1463.cmd 5,7726558469E-7
500 3 9 iAF1260.cmd 3,6666039194E-7
500 3 9 iJN1463.cmd 5,7504099909E-7
500 0 8 iAF1260.cmd 8,0590751103E-8
500 0 8 iJN1463.cmd 1,560242261E-7
1000 3 12 iAF1260.cmd 1,0226893205E-6
1000 3 12 iJN1463.cmd 1,7101680388E-6
1000 8 9 iAF1260.cmd 2,2841074063E-7
1000 8 9 iJN1463.cmd 1,9396019636E-6
1000 10 9 iAF1260.cmd 1,7108866419E-7
1000 10 9 iJN1463.cmd 2,9371645675E-6
1000 13 2 iAF1260.cmd 7,8424355056E-8
1000 13 2 iJN1463.cmd 1,2240313387E-6
1000 7 11 iAF1260.cmd 2,6271584849E-7
1000 7 11 iJN1463.cmd 1,4965241582E-6
1000 12 8 iAF1260.cmd 7,5463546487E-8
1000 12 8 iJN1463.cmd 1,1896043269E-6
1000 8 5 iAF1260.cmd 2,1883035439E-7
1000 8 5 iJN1463.cmd 1,2516273068E-6
1000 8 7 iAF1260.cmd 2,2385852008E-7
1000 8 7 iJN1463.cmd 1,8026467566E-6
1000 7 13 iAF1260.cmd 3,6685567046E-7
1000 7 13 iJN1463.cmd 1,2903409905E-6
1000 4 4 iAF1260.cmd 8,3821876855E-7
1000 4 4 iJN1463.cmd 1,7928372215E-6
1000 14 12 iAF1260.cmd 8,0399042082E-8
1000 14 12 iJN1463.cmd 8,3924902785E-7
1000 10 13 iAF1260.cmd 1,7715335801E-7
1000 10 13 iJN1463.cmd 9,4789182485E-7
1000 11 3 iAF1260.cmd 9,5019618366E-8
1000 11 3 iJN1463.cmd 1,096300178E-6
1000 14 4 iAF1260.cmd 7,7497465248E-8
1000 14 4 iJN1463.cmd 1,3352875637E-6
1000 2 2 iAF1260.cmd 1,1638406277E-6
1000 2 2 iJN1463.cmd 1,9788737047E-6
1000 2 1 iAF1260.cmd 1,021553406E-6
1000 2 1 iJN1463.cmd 1,6491958225E-6
1000 2 3 iAF1260.cmd 1,1244266726E-6
1000 2 3 iJN1463.cmd 1,883927506E-6
1000 2 12 iAF1260.cmd 9,8581291019E-7
1000 2 12 iJN1463.cmd 1,4330201591E-6
1000 3 2 iAF1260.cmd 1,1856852157E-6
1000 3 2 iJN1463.cmd 2,0656907371E-6
1000 3 4 iAF1260.cmd 1,0607558418E-6
1000 3 4 iJN1463.cmd 1,8866225191E-6
1000 3 11 iAF1260.cmd 1,1262249459E-6
1000 3 11 iJN1463.cmd 2,0194812066E-6
1000 3 13 iAF1260.cmd 8,5733666849E-7
1000 3 13 iJN1463.cmd 1,4492144271E-6
1000 4 12 iAF1260.cmd 9,6852864985E-7
1000 4 12 iJN1463.cmd 1,7283673914E-6
1000 5 4 iAF1260.cmd 5,0319910257E-7
1000 5 4 iJN1463.cmd 1,2824025545E-6
1000 6 11 iAF1260.cmd 2,2681006107E-7
1000 6 11 iJN1463.cmd 1,3927790944E-6
1000 6 13 iAF1260.cmd 4,9574640351E-7
1000 6 13 iJN1463.cmd 1,2767886051E-6
1000 7 5 iAF1260.cmd 2,7432419497E-7
1000 7 5 iJN1463.cmd 1,2277176149E-6
1000 7 7 iAF1260.cmd 2,3552782353E-7
1000 7 7 iJN1463.cmd 1,4922230116E-6
1000 7 10 iAF1260.cmd 2,3132101139E-7
1000 7 10 iJN1463.cmd 1,490282772E-6
1000 7 12 iAF1260.cmd 3,1829327333E-7
1000 7 12 iJN1463.cmd 1,4355041374E-6
1000 7 14 iAF1260.cmd 3,0137667074E-7
1000 7 14 iJN1463.cmd 1,1871845564E-6
1000 8 4 iAF1260.cmd 1,9771623706E-7
1000 8 4 iJN1463.cmd 1,0399278496E-6
1000 8 6 iAF1260.cmd 2,3847038382E-7
1000 8 6 iJN1463.cmd 1,5279853784E-6
1000 8 8 iAF1260.cmd 2,1293757276E-7
1000 8 8 iJN1463.cmd 1,9180506557E-6
1000 8 10 iAF1260.cmd 2,3999388736E-7
1000 8 10 iJN1463.cmd 1,6655328237E-6
1000 8 11 iAF1260.cmd 2,5918058242E-7
1000 8 11 iJN1463.cmd 1,5092524429E-6
1000 8 13 iAF1260.cmd 2,8863078169E-7
1000 8 13 iJN1463.cmd 1,2281524906E-6
1000 9 5 iAF1260.cmd 1,6534330549E-7
1000 9 5 iJN1463.cmd 1,1112144495E-6
1000 9 7 iAF1260.cmd 2,0848942145E-7
1000 9 7 iJN1463.cmd 2,1078768774E-6
1000 9 13 iAF1260.cmd 2,2766382004E-7
1000 9 13 iJN1463.cmd 1,0981659303E-6
1000 10 3 iAF1260.cmd 1,0926589983E-7
1000 10 3 iJN1463.cmd 9,5595240491E-7
1000 10 8 iAF1260.cmd 1,5854003279E-7
1000 10 8 iJN1463.cmd 2,3943820247E-6
1000 10 12 iAF1260.cmd 1,950105729E-7
1000 10 12 iJN1463.cmd 1,047313868E-6
1000 10 14 iAF1260.cmd 1,4541320936E-7
1000 10 14 iJN1463.cmd 8,8052581501E-7
1000 11 2 iAF1260.cmd 8,4552963785E-8
1000 11 2 iJN1463.cmd 9,5436475236E-7
1000 11 4 iAF1260.cmd 1,000925065E-7
1000 11 4 iJN1463.cmd 1,1536669352E-6
1000 11 8 iAF1260.cmd 1,0656949447E-7
1000 11 8 iJN1463.cmd 1,7140301573E-6
1000 11 13 iAF1260.cmd 1,3408870764E-7
1000 11 13 iJN1463.cmd 8,2128425556E-7
1000 12 2 iAF1260.cmd 8,0142064086E-8
1000 12 2 iJN1463.cmd 1,1068834405E-6
1000 12 3 iAF1260.cmd 8,634676426E-8
1000 12 3 iJN1463.cmd 1,2249651308E-6
1000 12 7 iAF1260.cmd 7,4250103702E-8
1000 12 7 iJN1463.cmd 1,2341083472E-6
1000 12 9 iAF1260.cmd 6,4760448497E-8
1000 12 9 iJN1463.cmd 9,049872688E-7
1000 13 1 iAF1260.cmd 6,9501188832E-8
1000 13 1 iJN1463.cmd 1,0419200655E-6
1000 13 3 iAF1260.cmd 8,2801372875E-8
1000 13 3 iJN1463.cmd 1,3284836583E-6
1000 13 4 iAF1260.cmd 7,907737802E-8
1000 13 4 iJN1463.cmd 1,2945818558E-6
1000 13 8 iAF1260.cmd 6,1262406798E-8
1000 13 8 iJN1463.cmd 9,2290153433E-7
1000 13 12 iAF1260.cmd 8,6207091602E-8
1000 13 12 iJN1463.cmd 8,0710033359E-7
1000 14 2 iAF1260.cmd 7,7960657666E-8
1000 14 2 iJN1463.cmd 1,2876412334E-6
1000 14 3 iAF1260.cmd 8,1805723606E-8
1000 14 3 iJN1463.cmd 1,3882594634E-6
1000 14 5 iAF1260.cmd 6,7196831628E-8
1000 14 5 iJN1463.cmd 1,163870353E-6
1000 14 11 iAF1260.cmd 7,3453851701E-8
1000 14 11 iJN1463.cmd 8,2514516723E-7
1000 14 13 iAF1260.cmd 7,8575157944E-8
1000 14 13 iJN1463.cmd 7,9949150331E-7
1000 7 6 iAF1260.cmd 2,7069398323E-7
1000 7 6 iJN1463.cmd 1,3807508013E-6
1000 8 12 iAF1260.cmd 2,8344586858E-7
1000 8 12 iJN1463.cmd 1,3742879186E-6
1000 9 8 iAF1260.cmd 1,9363924613E-7
1000 9 8 iJN1463.cmd 2,2198263969E-6
1000 3 3 iAF1260.cmd 1,1786220968E-6
1000 3 3 iJN1463.cmd 2,0764772362E-6
1000 7 8 iAF1260.cmd 2,0633221973E-7
1000 7 8 iJN1463.cmd 1,5044286946E-6
1000 12 4 iAF1260.cmd 8,4419838651E-8
1000 12 4 iJN1463.cmd 1,2292410406E-6
1000 2 4 iAF1260.cmd 1,0798103121E-6
1000 2 4 iJN1463.cmd 1,7687969573E-6
1000 3 1 iAF1260.cmd 1,0704984781E-6
1000 3 1 iJN1463.cmd 1,7701325799E-6
1000 4 11 iAF1260.cmd 1,1019181992E-6
1000 4 11 iJN1463.cmd 2,0103808252E-6
1000 6 10 iAF1260.cmd 1,8911964501E-7
1000 6 10 iJN1463.cmd 1,1780929319E-6
1000 2 13 iAF1260.cmd 8,511298613E-7
1000 2 13 iJN1463.cmd 1,293093491E-6
1000 4 13 iAF1260.cmd 7,8985871463E-7
1000 4 13 iJN1463.cmd 1,4641203759E-6
1000 7 4 iAF1260.cmd 2,5767438155E-7
1000 7 4 iJN1463.cmd 1,0414181861E-6
1000 9 4 iAF1260.cmd 1,5286922549E-7
1000 9 4 iJN1463.cmd 1,0232220282E-6
1000 9 12 iAF1260.cmd 2,3939339599E-7
1000 9 12 iJN1463.cmd 1,2267036277E-6
1000 10 2 iAF1260.cmd 9,3249796456E-8
1000 10 2 iJN1463.cmd 7,9163732937E-7
1000 10 4 iAF1260.cmd 1,2147058924E-7
1000 10 4 iJN1463.cmd 1,043423108E-6
1000 11 7 iAF1260.cmd 8,7718790443E-8
1000 11 7 iJN1463.cmd 1,4666567387E-6
1000 11 12 iAF1260.cmd 1,4447066407E-7
1000 11 12 iJN1463.cmd 8,7241310564E-7
1000 12 1 iAF1260.cmd 7,0225537344E-8
1000 12 1 iJN1463.cmd 9,2873047651E-7
1000 13 5 iAF1260.cmd 6,8991970601E-8
1000 13 5 iJN1463.cmd 1,1627691436E-6
1000 13 9 iAF1260.cmd 6,0620240418E-8
1000 13 9 iJN1463.cmd 8,3372471946E-7
1000 13 11 iAF1260.cmd 7,562370678E-8
1000 13 11 iJN1463.cmd 7,9529637229E-7
1000 13 13 iAF1260.cmd 8,511432403E-8
1000 13 13 iJN1463.cmd 7,7035804377E-7
1000 14 1 iAF1260.cmd 6,9298851476E-8
1000 14 1 iJN1463.cmd 1,100967191E-6
1000 6 14 iAF1260.cmd 3,8768416937E-7
1000 6 14 iJN1463.cmd 1,2002770167E-6
1000 8 14 iAF1260.cmd 2,3768476583E-7
1000 8 14 iJN1463.cmd 1,1258317398E-6
1000 9 14 iAF1260.cmd 1,8697379924E-7
1000 9 14 iJN1463.cmd 1,0114411387E-6
1000 11 14 iAF1260.cmd 1,1185291043E-7
1000 11 14 iJN1463.cmd 7,7189245452E-7
1000 1 1 iAF1260.cmd 7,9364858086E-7
1000 1 1 iJN1463.cmd 1,2619975159E-6
1000 1 3 iAF1260.cmd 8,7515189076E-7
1000 1 3 iJN1463.cmd 1,4199468957E-6
1000 1 12 iAF1260.cmd 8,6666641657E-7
1000 1 12 iJN1463.cmd 1,1139142971E-6
1000 2 0 iAF1260.cmd 9,2917531659E-7
1000 2 0 iJN1463.cmd 1,4237960522E-6
1000 3 5 iAF1260.cmd 9,9333254689E-7
1000 3 5 iJN1463.cmd 1,5612011657E-6
1000 5 3 iAF1260.cmd 3,4749399607E-7
1000 5 3 iJN1463.cmd 9,0785824499E-7
1000 5 5 iAF1260.cmd 4,4784828683E-7
1000 5 5 iJN1463.cmd 1,1950082313E-6
1000 5 13 iAF1260.cmd 6,6858124238E-7
1000 5 13 iJN1463.cmd 1,3805012671E-6
1000 6 4 iAF1260.cmd 3,486310084E-7
1000 6 4 iJN1463.cmd 1,0914316176E-6
1000 9 10 iAF1260.cmd 2,3768864835E-7
1000 9 10 iJN1463.cmd 1,5492520713E-6
1000 3 14 iAF1260.cmd 6,3308316481E-7
1000 3 14 iJN1463.cmd 1,2649131869E-6
1000 5 12 iAF1260.cmd 8,5546915249E-7
1000 5 12 iJN1463.cmd 1,5784662815E-6
1000 9 11 iAF1260.cmd 2,3849323779E-7
1000 9 11 iJN1463.cmd 1,3727025774E-6
1000 10 5 iAF1260.cmd 1,2860390763E-7
1000 10 5 iJN1463.cmd 9,987129029E-7
1000 11 1 iAF1260.cmd 7,2465414392E-8
1000 11 1 iJN1463.cmd 7,7759612276E-7
1000 6 5 iAF1260.cmd 3,5168268099E-7
1000 6 5 iJN1463.cmd 1,1835658E-6
1000 6 7 iAF1260.cmd 2,466585177E-7
1000 6 7 iJN1463.cmd 1,23385721E-6
1000 8 3 iAF1260.cmd 1,6686373289E-7
1000 8 3 iJN1463.cmd 8,0518772499E-7
1000 9 3 iAF1260.cmd 1,3224937947E-7
1000 9 3 iJN1463.cmd 8,5793822186E-7
1000 12 12 iAF1260.cmd 1,0290158581E-7
1000 12 12 iJN1463.cmd 7,9396527566E-7
1000 12 13 iAF1260.cmd 1,0206202313E-7
1000 12 13 iJN1463.cmd 7,6148658523E-7
1000 14 6 iAF1260.cmd 5,7142618668E-8
1000 14 6 iJN1463.cmd 9,7252205439E-7
1000 14 10 iAF1260.cmd 6,3977250736E-8
1000 14 10 iJN1463.cmd 7,8899125725E-7
1000 14 14 iAF1260.cmd 6,8944869565E-8
1000 14 14 iJN1463.cmd 7,4813919125E-7
1000 10 11 iAF1260.cmd 2,1535093808E-7
1000 10 11 iJN1463.cmd 1,1827205766E-6
1000 12 6 iAF1260.cmd 6,6416703686E-8
1000 12 6 iJN1463.cmd 1,1099426589E-6
1000 12 10 iAF1260.cmd 6,3796130014E-8
1000 12 10 iJN1463.cmd 7,3900380896E-7
1000 13 0 iAF1260.cmd 6,2526895337E-8
1000 13 0 iJN1463.cmd 9,0346752313E-7
1000 14 8 iAF1260.cmd 5,3704095352E-8
1000 14 8 iJN1463.cmd 8,0337903589E-7
1000 6 6 iAF1260.cmd 3,3619057792E-7
1000 6 6 iJN1463.cmd 1,2162435342E-6
1000 12 5 iAF1260.cmd 7,1678751387E-8
1000 12 5 iJN1463.cmd 1,1559318144E-6
1000 13 10 iAF1260.cmd 6,4833115864E-8
1000 13 10 iJN1463.cmd 7,7911509901E-7
1000 6 8 iAF1260.cmd 1,7960980306E-7
1000 6 8 iJN1463.cmd 1,0635246076E-6
1000 1 4 iAF1260.cmd 8,4765717766E-7
1000 1 4 iJN1463.cmd 1,282446382E-6
1000 3 0 iAF1260.cmd 8,9344542044E-7
1000 3 0 iJN1463.cmd 1,379490443E-6
1000 1 13 iAF1260.cmd 7,5347990756E-7
1000 1 13 iJN1463.cmd 1,0616590219E-6
1000 12 11 iAF1260.cmd 7,9580921181E-8
1000 12 11 iJN1463.cmd 7,626716021E-7
1000 13 6 iAF1260.cmd 6,1494521619E-8
1000 13 6 iJN1463.cmd 1,0455696942E-6
1000 14 9 iAF1260.cmd 5,7327270048E-8
1000 14 9 iJN1463.cmd 7,8405069594E-7
1000 2 14 iAF1260.cmd 6,2350936487E-7
1000 2 14 iJN1463.cmd 1,134373735E-6
1000 7 3 iAF1260.cmd 2,1543186995E-7
1000 7 3 iJN1463.cmd 7,8960766781E-7
1000 4 14 iAF1260.cmd 5,8426121966E-7
1000 4 14 iJN1463.cmd 1,2870970656E-6
1000 9 2 iAF1260.cmd 1,0914426323E-7
1000 9 2 iJN1463.cmd 6,581106344E-7
1000 10 1 iAF1260.cmd 7,8058757564E-8
1000 10 1 iJN1463.cmd 6,1662360753E-7
1000 14 0 iAF1260.cmd 6,2392034067E-8
1000 14 0 iJN1463.cmd 9,5746215382E-7
1000 12 0 iAF1260.cmd 6,2914850604E-8
1000 12 0 iJN1463.cmd 7,9787887553E-7
1000 6 3 iAF1260.cmd 2,7985777354E-7
1000 6 3 iJN1463.cmd 8,273153152E-7
1000 1 0 iAF1260.cmd 7,7020559991E-7
1000 1 0 iJN1463.cmd 1,1991912673E-6
1000 6 9 iAF1260.cmd 1,6035711507E-7
1000 6 9 iJN1463.cmd 9,5472269975E-7
1000 13 14 iAF1260.cmd 7,4253779996E-8
1000 13 14 iJN1463.cmd 7,2321853336E-7
1000 5 10 iAF1260.cmd 1,4990239111E-7
1000 5 10 iJN1463.cmd 8,9467562768E-7
1000 5 14 iAF1260.cmd 4,9599336536E-7
1000 5 14 iJN1463.cmd 1,2442648966E-6
1000 14 7 iAF1260.cmd 5,0508061678E-8
1000 14 7 iJN1463.cmd 8,124393103E-7
1000 12 14 iAF1260.cmd 8,7723358942E-8
1000 12 14 iJN1463.cmd 7,1817763406E-7
1000 5 6 iAF1260.cmd 4,7991313827E-7
1000 5 6 iJN1463.cmd 1,1122755551E-6
1000 3 6 iAF1260.cmd 8,0481649268E-7
1000 3 6 iJN1463.cmd 1,0898612594E-6
1000 0 1 iAF1260.cmd 5,4751397219E-7
1000 0 1 iJN1463.cmd 9,7582860007E-7
1000 0 3 iAF1260.cmd 5,9147891955E-7
1000 0 3 iJN1463.cmd 1,0434129071E-6
1000 5 2 iAF1260.cmd 2,6622856924E-7
1000 5 2 iJN1463.cmd 6,1133607097E-7
1000 10 6 iAF1260.cmd 1,0936754557E-7
1000 10 6 iJN1463.cmd 8,6078626009E-7
1000 11 0 iAF1260.cmd 6,438316521E-8
1000 11 0 iJN1463.cmd 6,5553709749E-7
1000 0 12 iAF1260.cmd 6,2372066424E-7
1000 0 12 iJN1463.cmd 8,7818116423E-7
1000 1 11 iAF1260.cmd 8,7343469016E-7
1000 1 11 iJN1463.cmd 9,6143438269E-7
1000 8 2 iAF1260.cmd 1,3527075036E-7
1000 8 2 iJN1463.cmd 5,7395715153E-7
1000 11 10 iAF1260.cmd 5,2774758387E-8
1000 11 10 iJN1463.cmd 5,8749335807E-7
1000 9 1 iAF1260.cmd 9,0055987604E-8
1000 9 1 iJN1463.cmd 4,8121173127E-7
1000 1 14 iAF1260.cmd 5,4931036683E-7
1000 1 14 iJN1463.cmd 9,3478017953E-7
1000 0 4 iAF1260.cmd 6,1162191682E-7
1000 0 4 iJN1463.cmd 9,9237764595E-7
1000 5 8 iAF1260.cmd 1,2511307959E-7
1000 5 8 iJN1463.cmd 6,8425253612E-7
1000 5 9 iAF1260.cmd 1,3548428092E-7
1000 5 9 iJN1463.cmd 7,7317076384E-7
1000 0 13 iAF1260.cmd 5,4827548513E-7
1000 0 13 iJN1463.cmd 8,4761329656E-7
1000 1 5 iAF1260.cmd 7,4788180694E-7
1000 1 5 iJN1463.cmd 9,3127046718E-7
1000 4 0 iAF1260.cmd 6,1770891614E-7
1000 4 0 iJN1463.cmd 9,0179237796E-7
1000 7 2 iAF1260.cmd 1,737478008E-7
1000 7 2 iJN1463.cmd 5,4362549713E-7
1000 10 0 iAF1260.cmd 6,8842259508E-8
1000 10 0 iJN1463.cmd 5,0463552831E-7
1000 6 2 iAF1260.cmd 2,2266946969E-7
1000 6 2 iJN1463.cmd 5,6550706345E-7
1000 0 0 iAF1260.cmd 5,7017666756E-7
1000 0 0 iJN1463.cmd 9,8840686096E-7
1000 4 6 iAF1260.cmd 6,4944733583E-7
1000 4 6 iJN1463.cmd 1,0261179149E-6
1000 0 11 iAF1260.cmd 6,2632870806E-7
1000 0 11 iJN1463.cmd 7,8848610189E-7
1000 2 6 iAF1260.cmd 7,989839253E-7
1000 2 6 iJN1463.cmd 8,9430022705E-7
1000 3 7 iAF1260.cmd 7,8527777686E-7
1000 3 7 iJN1463.cmd 9,4862310616E-7
1000 0 2 iAF1260.cmd 4,6639037746E-7
1000 0 2 iJN1463.cmd 8,7905159274E-7
1000 8 1 iAF1260.cmd 1,1232257591E-7
1000 8 1 iJN1463.cmd 3,9542021651E-7
1000 1 10 iAF1260.cmd 8,9269362119E-7
1000 1 10 iJN1463.cmd 8,7601632612E-7
1000 5 1 iAF1260.cmd 2,5855484047E-7
1000 5 1 iJN1463.cmd 4,6086417711E-7
1000 9 0 iAF1260.cmd 7,9604522804E-8
1000 9 0 iJN1463.cmd 3,7848239851E-7
1000 0 5 iAF1260.cmd 5,6963898046E-7
1000 0 5 iJN1463.cmd 7,9836346402E-7
1000 1 6 iAF1260.cmd 7,1869762309E-7
1000 1 6 iJN1463.cmd 7,71567326E-7
1000 5 0 iAF1260.cmd 3,5031414644E-7
1000 5 0 iJN1463.cmd 5,2053818602E-7
1000 0 14 iAF1260.cmd 4,4727712945E-7
1000 0 14 iJN1463.cmd 7,7135831182E-7
1000 6 1 iAF1260.cmd 2,0145328629E-7
1000 6 1 iJN1463.cmd 3,9793009871E-7
1000 7 1 iAF1260.cmd 1,4891545859E-7
1000 7 1 iJN1463.cmd 3,6819288715E-7
1000 4 8 iAF1260.cmd 9,0542641527E-8
1000 4 8 iJN1463.cmd 4,3786521882E-7
1000 0 10 iAF1260.cmd 5,6558805836E-7
1000 0 10 iJN1463.cmd 6,5541923822E-7
1000 8 0 iAF1260.cmd 1,0166523844E-7
1000 8 0 iJN1463.cmd 3,0153855266E-7
1000 2 10 iAF1260.cmd 1,035335369E-6
1000 2 10 iJN1463.cmd 9,2647275964E-7
1000 6 0 iAF1260.cmd 2,1626994204E-7
1000 6 0 iJN1463.cmd 3,4907878731E-7
1000 0 6 iAF1260.cmd 5,2757982173E-7
1000 0 6 iJN1463.cmd 6,4377391199E-7
1000 1 7 iAF1260.cmd 6,8780801501E-7
1000 1 7 iJN1463.cmd 6,5985462998E-7
1000 7 0 iAF1260.cmd 1,4273476143E-7
1000 7 0 iJN1463.cmd 2,8717259901E-7
1000 2 9 iAF1260.cmd 1,0249844687E-6
1000 2 9 iJN1463.cmd 8,9573803387E-7
1000 0 9 iAF1260.cmd 3,8832293729E-7
1000 0 9 iJN1463.cmd 4,6540919255E-7
1000 0 7 iAF1260.cmd 4,8650474703E-7
1000 0 7 iJN1463.cmd 5,4044324454E-7
1000 1 8 iAF1260.cmd 7,2971502165E-7
1000 1 8 iJN1463.cmd 6,6386853059E-7
1000 2 8 iAF1260.cmd 9,2482981491E-7
1000 2 8 iJN1463.cmd 8,061870083E-7
1000 3 9 iAF1260.cmd 1,0366625451E-6
1000 3 9 iJN1463.cmd 9,063136677E-7
1000 0 8 iAF1260.cmd 4,5661453821E-7
1000 0 8 iJN1463.cmd 4,9473163038E-7
