0	1,5E-7	1,5E-7
1	1,5910615442E-7	1,5799072511E-7
2	1,688253139E-7	1,6639742525E-7
3	1,7976599417E-7	1,7560652045E-7
4	1,9188230183E-7	1,8555257747E-7
5	2,0517539386E-7	1,9625062823E-7
6	2,1973679519E-7	2,0775126487E-7
7	2,3569591057E-7	2,200757858E-7
8	2,5316434361E-7	2,3325482348E-7
9	2,7225914253E-7	2,473235526E-7
10	2,9311296152E-7	2,6232257554E-7
11	3,15849372E-7	2,7828958564E-7
12	3,4059409789E-7	2,9526993919E-7
13	3,6746748202E-7	3,1331510362E-7
14	3,9662433496E-7	3,3247743097E-7
15	4,2822332577E-7	3,5281563855E-7
16	4,6243478856E-7	3,7439603773E-7
17	4,9944483305E-7	3,9728969154E-7
18	5,3919768022E-7	4,2154666649E-7
19	5,806029406E-7	4,4712460173E-7
20	6,2326588492E-7	4,740598018E-7
21	6,6724979775E-7	5,0243893478E-7
22	7,124638811E-7	5,3237029643E-7
23	7,588356083E-7	5,6396859759E-7
24	8,0658802171E-7	5,972679333E-7
25	8,5605406051E-7	6,3229535425E-7
26	9,0744271129E-7	6,6913516566E-7
27	9,6087769944E-7	7,0788388208E-7
28	1,0166717386E-6	7,485338882E-7
29	1,0749961368E-6	7,911268088E-7
30	1,1359720841E-6	8,3582233454E-7
31	1,1981180683E-6	8,8204052714E-7
32	1,2603102616E-6	9,2990765559E-7
33	1,3226601076E-6	9,7962024911E-7
34	1,3854265466E-6	1,0311620485E-6
35	1,4489522449E-6	1,0850843797E-6
36	1,513507529E-6	1,1412325185E-6
37	1,5794645665E-6	1,1996006838E-6
38	1,6463627927E-6	1,2603255362E-6
39	1,7141936731E-6	1,3235783651E-6
40	1,7831113872E-6	1,3896188308E-6
41	1,8532364965E-6	1,4584661476E-6
42	1,9247485583E-6	1,5302948985E-6
43	1,9978903713E-6	1,6053044515E-6
44	2,0728034429E-6	1,683878314E-6
45	2,149496381E-6	1,7661576302E-6
46	2,2279631297E-6	1,8523418583E-6
47	2,3083691848E-6	1,9423847995E-6
48	2,3907941151E-6	2,0364035798E-6
49	2,4753842122E-6	2,1345197827E-6
50	2,5622276899E-6	2,2368554173E-6
51	2,6512364119E-6	2,3434217773E-6
52	2,7422462317E-6	2,4542401512E-6
53	2,835340257E-6	2,5695573269E-6
54	2,9304224384E-6	2,6895816684E-6
55	3,0275153988E-6	2,8145310529E-6
56	3,1268281356E-6	2,944677442E-6
57	3,2285062989E-6	3,0802892999E-6
58	3,3326421867E-6	3,221627449E-6
59	3,4394673366E-6	3,3689299075E-6
60	3,5490914522E-6	3,5224478299E-6
61	3,6616309475E-6	3,6824450887E-6
62	3,7772223883E-6	3,8492211963E-6
63	3,8958672103E-6	4,0230436255E-6
64	4,0176877764E-6	4,2041868571E-6
65	4,1427387107E-6	4,39302834E-6
66	4,2709180667E-6	4,589696406E-6
67	4,4022031092E-6	4,7945572556E-6
68	4,5365525706E-6	5,0080484558E-6
69	4,6733882223E-6	5,230365067E-6
70	4,8128980677E-6	5,461845269E-6
71	4,9551242923E-6	5,7027242453E-6
72	5,1000130496E-6	5,9533128047E-6
73	5,2473191437E-6	6,2137809293E-6
74	5,3973554439E-6	6,4841772948E-6
75	5,5503598356E-6	6,7647380657E-6
76	5,705877341E-6	7,0552109225E-6
77	5,8631970107E-6	7,3552153229E-6
78	6,0223742214E-6	7,6643574681E-6
79	6,1826856024E-6	7,9823865012E-6
80	6,3445952749E-6	8,3096140055E-6
81	6,5086001565E-6	8,6463755923E-6
82	6,6749737828E-6	8,9927019202E-6
83	6,8435649755E-6	9,3480107222E-6
84	7,0144945163E-6	9,711981863E-6
85	7,1874987689E-6	1,0083341425E-5
86	7,3627525159E-6	1,0462716811E-5
87	7,5391999956E-6	1,0850874729E-5
88	7,7161873052E-6	1,1248402163E-5
89	7,8922379096E-6	1,1655831267E-5
90	8,0669292348E-6	1,2073655914E-5
91	8,2395847214E-6	1,2502506593E-5
92	8,4082067792E-6	1,2942404887E-5
93	8,570766342E-6	1,3393613585E-5
94	8,7260141427E-6	1,3856780599E-5
95	8,8734880772E-6	1,4332282343E-5
96	9,0140479812E-6	1,4820972985E-5
97	9,1495185801E-6	1,5323279756E-5
98	9,2797671634E-6	1,5839195199E-5
99	9,4061213638E-6	1,63698198E-5
100	9,5283092712E-6	1,6915277714E-5
101	9,6464419893E-6	1,7475514549E-5
102	9,7616141108E-6	1,8051676246E-5
103	9,8745961808E-6	1,8644064234E-5
104	9,9861486406E-6	1,9253108035E-5
105	1,0096346869E-5	1,9879761984E-5
106	1,0205545607E-5	2,0524536457E-5
107	1,0313850827E-5	2,1188337569E-5
108	1,0421316952E-5	2,1871723571E-5
109	1,0527594896E-5	2,2575373827E-5
110	1,0633440645E-5	2,3300020018E-5
111	1,0738805215E-5	2,4046404974E-5
112	1,0843533483E-5	2,4814697226E-5
113	1,0947256024E-5	2,5605760777E-5
114	1,1050293521E-5	2,6420073179E-5
115	1,115261704E-5	2,7258564313E-5
116	1,1254760484E-5	2,812193588E-5
117	1,1356984129E-5	2,9010228125E-5
118	1,1458682175E-5	2,9925162951E-5
119	1,1560635351E-5	3,086663964E-5
120	1,166193544E-5	3,1836078722E-5
121	1,1763694438E-5	3,2833255312E-5
122	1,186550564E-5	3,386078534E-5
123	1,1967047655E-5	3,4917994252E-5
124	1,2068451969E-5	3,6006110335E-5
125	1,2170036228E-5	3,7126608567E-5
126	1,2271699648E-5	3,8280792706E-5
127	1,237341847E-5	3,9469277146E-5
128	1,247520243E-5	4,0692179225E-5
129	1,2577160224E-5	4,1951023014E-5
130	1,2679104094E-5	4,3248020739E-5
131	1,2781246646E-5	4,4583518934E-5
132	1,2883565801E-5	4,5957311384E-5
133	1,298667692E-5	4,7371736697E-5
134	1,3089864909E-5	4,882804618E-5
135	1,3192754367E-5	5,0327416796E-5
136	1,3295840017E-5	5,1871323162E-5
137	1,3399240778E-5	5,3460215531E-5
138	1,3502610852E-5	5,5096302202E-5
139	1,3606698516E-5	5,6780196586E-5
140	1,3710703468E-5	5,8514276E-5
141	1,3814788443E-5	6,0299734953E-5
142	1,391870578E-5	6,2138133261E-5
143	1,4022738374E-5	6,4030753582E-5
144	1,4126639501E-5	6,597923495E-5
145	1,4231135218E-5	6,7984855952E-5
146	1,4335891234E-5	7,0049396881E-5
147	1,4440797783E-5	7,2174973242E-5
148	1,4545795825E-5	7,4363684174E-5
149	1,4650862966E-5	7,6616755452E-5
150	1,4755054345E-5	7,8936930549E-5
151	1,4858957531E-5	8,1325432243E-5
152	1,4963222615E-5	8,3784851983E-5
153	1,5068620283E-5	8,6317316369E-5
154	1,5173614405E-5	8,8925061829E-5
155	1,5278712985E-5	9,1610041995E-5
156	1,5383942956E-5	9,4374399913E-5
157	1,5489104445E-5	9,7221077395E-5
158	1,5594464324E-5	1,0015117486E-4
159	1,5701019806E-5	1,0316735481E-4
160	1,5807462005E-5	1,0627271524E-4
161	1,5914315609E-5	1,0946914216E-4
162	1,6021125663E-5	1,1275982833E-4
163	1,6127576309E-5	1,1614848315E-4
164	1,6233776282E-5	1,1963660624E-4
165	1,6340761488E-5	1,2322752005E-4
166	1,6446684781E-5	1,269253344E-4
167	1,655242902E-5	1,3073265077E-4
168	1,6659479039E-5	1,3465205558E-4
169	1,6766197257E-5	1,3868771217E-4
170	1,6873258618E-5	1,4284166908E-4
171	1,6979477572E-5	1,4711900242E-4
172	1,7086773571E-5	1,5152202295E-4
173	1,7192603515E-5	1,5605573828E-4
174	1,7299937743E-5	1,6072298938E-4
175	1,7406462342E-5	1,6551267625E-4
176	1,751354391E-5	1,703976871E-4
177	1,7619607971E-5	1,7533359372E-4
178	1,7725570911E-5	1,8027764345E-4
179	1,7830946669E-5	1,8494796991E-4
180	1,7937585478E-5	1,8897794316E-4
181	1,8045471519E-5	1,9184726952E-4
182	1,8151817609E-5	1,9364405747E-4
183	1,8255511509E-5	1,9462378188E-4
184	1,8358526873E-5	1,9518873474E-4
185	1,8461831177E-5	1,9554357999E-4
186	1,8570502477E-5	1,957903319E-4
187	1,8682569502E-5	1,9597743743E-4
188	1,8794287006E-5	1,961283822E-4
189	1,8906777618E-5	1,9625898383E-4
190	1,9015843972E-5	1,9637777977E-4
191	1,9124591312E-5	1,9648748251E-4
192	1,9232674309E-5	1,9659388322E-4
193	1,9340279533E-5	1,9669838384E-4
194	1,9448722629E-5	1,9679852146E-4
195	1,9557932942E-5	1,9689748424E-4
196	1,9667318702E-5	1,9699739257E-4
197	1,9776029879E-5	1,97096394E-4
198	1,9882600145E-5	1,9719687912E-4
199	1,9988089519E-5	1,9729773253E-4
200	2,009367135E-5	1,9739762762E-4
201	2,0201877278E-5	1,9749577765E-4
202	2,0311821941E-5	1,975932386E-4
203	2,0424308411E-5	1,9768834226E-4
204	2,0529981092E-5	1,9778693956E-4
205	2,0640602856E-5	1,9788112695E-4
206	2,0750134378E-5	1,9797707765E-4
207	2,0859575847E-5	1,9807323467E-4
208	2,096620278E-5	1,9817017031E-4
209	2,1076556622E-5	1,9826461724E-4
210	2,1188188766E-5	1,9835865679E-4
211	2,1299805087E-5	1,9845137611E-4
212	2,1413607688E-5	1,9854268584E-4
213	2,1524200732E-5	1,9863479272E-4
214	2,1633309441E-5	1,9872784198E-4
215	2,1746332184E-5	1,9881800386E-4
216	2,1854999807E-5	1,989124643E-4
217	2,1961577088E-5	1,9900784691E-4
218	2,2068231221E-5	1,9910259138E-4
219	2,2174752311E-5	1,9919670589E-4
220	2,2283147631E-5	1,9929072997E-4
221	2,2394202198E-5	1,9938174567E-4
222	2,2507409983E-5	1,9946976057E-4
223	2,2620355943E-5	1,9955514829E-4
224	2,2728582613E-5	1,9964372507E-4
225	2,2839166859E-5	1,9973057544E-4
226	2,2947910652E-5	1,9981886021E-4
227	2,3052002456E-5	1,9991123279E-4
228	2,3154117749E-5	2,0000458612E-4
229	2,3262523128E-5	2,0009455603E-4
230	2,3375687825E-5	2,0018072366E-4
231	2,3488476791E-5	2,0026678292E-4
232	2,3602427152E-5	2,0034894598E-4
233	2,3714628115E-5	2,0043516588E-4
234	2,3826226758E-5	2,005207225E-4
235	2,3936288071E-5	2,0060544495E-4
236	2,4043302291E-5	2,0069290304E-4
237	2,4154243746E-5	2,0077783874E-4
238	2,4263591781E-5	2,0086327084E-4
239	2,4371234037E-5	2,0094874875E-4
240	2,4486340033E-5	2,0102900538E-4
241	2,4598568254E-5	2,0111182699E-4
242	2,4709789048E-5	2,0119367221E-4
243	2,4822905658E-5	2,0127362138E-4
244	2,4934210346E-5	2,0135607724E-4
245	2,5044700919E-5	2,0143930173E-4
246	2,5154646963E-5	2,0152208539E-4
247	2,5266740698E-5	2,0160180628E-4
248	2,5377777345E-5	2,0168272052E-4
249	2,5489774704E-5	2,0176227841E-4
250	2,5598366542E-5	2,0184434421E-4
251	2,5709764543E-5	2,01924429E-4
252	2,5821740198E-5	2,0200336771E-4
253	2,5933810797E-5	2,0208078607E-4
254	2,6046119862E-5	2,0215759663E-4
255	2,6156497111E-5	2,0223517312E-4
256	2,6266694638E-5	2,0231289235E-4
257	2,6374219129E-5	2,0239272722E-4
258	2,6481971489E-5	2,0247237812E-4
259	2,6593345788E-5	2,0254790631E-4
260	2,6704848383E-5	2,0262399688E-4
261	2,6818480228E-5	2,0269836049E-4
262	2,6932958736E-5	2,0277191093E-4
263	2,7043428648E-5	2,0284805707E-4
264	2,7158259952E-5	2,0291990855E-4
265	2,7268448301E-5	2,0299609887E-4
266	2,7380481839E-5	2,0307187686E-4
267	2,7489724313E-5	2,0314777296E-4
268	2,7599322091E-5	2,0322199284E-4
269	2,77066269E-5	2,0329790419E-4
270	2,7814853099E-5	2,0337281477E-4
271	2,7924889589E-5	2,0344599896E-4
272	2,8029944396E-5	2,0352308592E-4
273	2,8132377143E-5	2,0360178633E-4
274	2,8241526202E-5	2,0367501537E-4
275	2,8346450675E-5	2,03751049E-4
276	2,845252499E-5	2,038269707E-4
277	2,8561631683E-5	2,0389829756E-4
278	2,8671389786E-5	2,0396897415E-4
279	2,8773744279E-5	2,0404541741E-4
280	2,8879446838E-5	2,0411879291E-4
281	2,8988689785E-5	2,0419029217E-4
282	2,9096780944E-5	2,0426204103E-4
283	2,9206352867E-5	2,0433188535E-4
284	2,9308960974E-5	2,0440683224E-4
285	2,9413845875E-5	2,0447958419E-4
286	2,9521522439E-5	2,0454784737E-4
287	2,9629633678E-5	2,0461622692E-4
288	2,9736027861E-5	2,0468569349E-4
289	2,9842463811E-5	2,0475425984E-4
290	2,9947910027E-5	2,0482400716E-4
291	3,0054071606E-5	2,0489410026E-4
292	3,0156880524E-5	2,0496422717E-4
293	3,0259449873E-5	2,0503396723E-4
294	3,0362064047E-5	2,051029685E-4
295	3,0466985827E-5	2,0516956332E-4
296	3,0571871636E-5	2,0523538047E-4
297	3,0675648078E-5	2,0530132651E-4
298	3,0776841151E-5	2,053695941E-4
299	3,0876276834E-5	2,0543960005E-4
300	3,0975288957E-5	2,0551015512E-4
301	3,1074830229E-5	2,0557952899E-4
302	3,117678029E-5	2,0564722822E-4
303	3,1277690299E-5	2,0571530182E-4
304	3,1380326764E-5	2,0578061196E-4
305	3,1484018555E-5	2,0584602114E-4
306	3,1588762705E-5	2,0591074555E-4
307	3,1693616143E-5	2,059750446E-4
308	3,179824636E-5	2,0603913685E-4
309	3,1899212014E-5	2,0610544623E-4
310	3,2000475254E-5	2,061701661E-4
311	3,2103353285E-5	2,0623427738E-4
312	3,220561464E-5	2,0629815019E-4
313	3,2307698379E-5	2,0636153374E-4
314	3,2409635326E-5	2,0642457431E-4
315	3,2512396484E-5	2,0648650638E-4
316	3,261400411E-5	2,0654898679E-4
317	3,2715315032E-5	2,0661136571E-4
318	3,2816381133E-5	2,066736084E-4
319	3,2917198279E-5	2,0673570915E-4
320	3,3017764635E-5	2,0679767467E-4
321	3,3118075123E-5	2,0685951234E-4
322	3,3219797922E-5	2,0692039081E-4
323	3,3322051913E-5	2,0698068828E-4
324	3,3423663775E-5	2,070414286E-4
325	3,3526068247E-5	2,0710146631E-4
326	3,3627874397E-5	2,0716125308E-4
327	3,3729521897E-5	2,072207084E-4
328	3,3831262845E-5	2,0727984578E-4
329	3,3932404981E-5	2,0733888924E-4
330	3,4033399829E-5	2,073976332E-4
331	3,4135021965E-5	2,074558138E-4
332	3,4235804037E-5	2,075138855E-4
333	3,4336502876E-5	2,0757154287E-4
334	3,4437288751E-5	2,0762885684E-4
335	3,4538309821E-5	2,076855431E-4
336	3,4639548308E-5	2,0774187354E-4
337	3,4739936593E-5	2,0779893269E-4
338	3,4839486176E-5	2,0785590606E-4
339	3,4940016519E-5	2,0791114334E-4
340	3,5040867002E-5	2,0796596963E-4
341	3,5140725995E-5	2,0802199306E-4
342	3,5241659313E-5	2,080771895E-4
343	3,5343753562E-5	2,0813090722E-4
344	3,5445815458E-5	2,0818439811E-4
345	3,5547590616E-5	2,0823718319E-4
346	3,564965375E-5	2,0829041698E-4
347	3,5750725552E-5	2,0834371727E-4
348	3,5851232717E-5	2,0839668806E-4
349	3,595148721E-5	2,0844909661E-4
350	3,6051223904E-5	2,0850142908E-4
351	3,6150795457E-5	2,0855361416E-4
352	3,6250252024E-5	2,0860524336E-4
353	3,6349695699E-5	2,086562076E-4
354	3,6446254276E-5	2,0870727447E-4
355	3,6541970799E-5	2,0875644037E-4
356	3,6637485973E-5	2,0880495482E-4
357	3,6731933993E-5	2,0885782155E-4
358	3,6820041441E-5	2,0891291195E-4
359	3,6911868573E-5	2,0896486806E-4
360	3,7006017951E-5	2,090144256E-4
361	3,7102095335E-5	2,0906149052E-4
362	3,7199269619E-5	2,0910781869E-4
363	3,7296719786E-5	2,0915370178E-4
364	3,7395014622E-5	2,0919897395E-4
365	3,7493230569E-5	2,0924396447E-4
366	3,7591341257E-5	2,092886463E-4
367	3,7689342839E-5	2,0933302495E-4
368	3,7787270393E-5	2,0937711048E-4
369	3,7885067366E-5	2,0942088862E-4
370	3,7982388881E-5	2,0946462551E-4
371	3,8079476564E-5	2,0950809796E-4
372	3,8176405217E-5	2,0955128955E-4
373	3,8273192877E-5	2,0959424086E-4
374	3,8369841492E-5	2,0963694941E-4
375	3,846698963E-5	2,0967891183E-4
376	3,8563948628E-5	2,0972052607E-4
377	3,8660780818E-5	2,0976178762E-4
378	3,8757471466E-5	2,0980276938E-4
379	3,8853574223E-5	2,0984348959E-4
380	3,8949797891E-5	2,0988397349E-4
381	3,9045823164E-5	2,0992420395E-4
382	3,9141665172E-5	2,0996419742E-4
383	3,9237327867E-5	2,1000395842E-4
384	3,9332816351E-5	2,1004349206E-4
385	3,9428132285E-5	2,1008279996E-4
386	3,9523220876E-5	2,101218532E-4
387	3,9618139685E-5	2,1016063982E-4
388	3,9712886787E-5	2,1019917777E-4
389	3,9807443615E-5	2,1023747734E-4
390	3,9901621059E-5	2,1027555454E-4
391	3,9995525129E-5	2,1031338557E-4
392	4,0089240479E-5	2,1035096854E-4
393	4,0182790103E-5	2,103883324E-4
394	4,0276170767E-5	2,1042549547E-4
395	4,0368947985E-5	2,1046247902E-4
396	4,0461572602E-5	2,1049931338E-4
397	4,0554028854E-5	2,1053597302E-4
398	4,0646328051E-5	2,105724248E-4
399	4,0738520289E-5	2,1060867197E-4
400	4,0830555255E-5	2,1064472714E-4
401	4,092245725E-5	2,1068061269E-4
402	4,1014374497E-5	2,1071634409E-4
403	4,11061615E-5	2,1075192783E-4
404	4,1197818127E-5	2,1078736461E-4
405	4,1289316765E-5	2,1082263374E-4
406	4,1380700858E-5	2,1085770324E-4
407	4,1471975175E-5	2,1089258713E-4
408	4,1563191461E-5	2,1092729642E-4
409	4,1652775151E-5	2,1096174262E-4
410	4,1741609251E-5	2,1099653148E-4
411	4,1830086525E-5	2,1103117216E-4
412	4,1918352632E-5	2,1106563241E-4
413	4,200647065E-5	2,1109993019E-4
414	4,2094449262E-5	2,1113408765E-4
415	4,2184197689E-5	2,111679081E-4
416	4,2274376257E-5	2,1120174515E-4
417	4,2364606404E-5	2,112355211E-4
418	4,2455480419E-5	2,1126862594E-4
419	4,2546821652E-5	2,1130118747E-4
420	4,263822835E-5	2,1133356871E-4
421	4,2729636934E-5	2,113658282E-4
422	4,282102837E-5	2,1139797736E-4
423	4,2912395536E-5	2,1143002003E-4
424	4,3003726752E-5	2,1146196865E-4
425	4,3095092882E-5	2,1149383888E-4
426	4,3186416645E-5	2,1152564904E-4
427	4,3277830759E-5	2,1155741122E-4
428	4,3369275036E-5	2,1158912414E-4
429	4,3460721127E-5	2,1162077158E-4
430	4,3552401288E-5	2,1165233858E-4
431	4,3644040439E-5	2,1168381953E-4
432	4,3735612042E-5	2,1171520126E-4
433	4,3827114598E-5	2,1174648214E-4
434	4,3918542666E-5	2,1177765821E-4
435	4,4005604937E-5	2,1180779373E-4
436	4,4091506311E-5	2,1183745001E-4
437	4,4176981414E-5	2,1186689083E-4
438	4,4262219946E-5	2,118961915E-4
439	4,4347255988E-5	2,1192536287E-4
440	4,4432717705E-5	2,119548071E-4
441	4,4519018353E-5	2,1198476054E-4
442	4,4606246938E-5	2,1201533383E-4
443	4,4693599536E-5	2,1204598086E-4
444	4,4782508365E-5	2,1207636435E-4
445	4,4872404698E-5	2,1210628602E-4
446	4,4962434729E-5	2,1213611166E-4
447	4,5046640133E-5	2,1216428408E-4
448	4,5129494226E-5	2,1219187973E-4
449	4,5211838378E-5	2,1221921644E-4
450	4,5293896181E-5	2,1224639139E-4
451	4,5375794883E-5	2,1227346879E-4
452	4,5457833244E-5	2,1230047206E-4
453	4,5542564553E-5	2,123269063E-4
454	4,5627804307E-5	2,1235349794E-4
455	4,5713404474E-5	2,12380072E-4
456	4,579815664E-5	2,1240594133E-4
457	4,5882373901E-5	2,1243141373E-4
458	4,5966099537E-5	2,1245687883E-4
459	4,6049597066E-5	2,1248218979E-4
460	4,6134880312E-5	2,1250876477E-4
461	4,6222191406E-5	2,1253658421E-4
462	4,6309978919E-5	2,1256465191E-4
463	4,6398079361E-5	2,1259288386E-4
464	4,6486281165E-5	2,126211188E-4
465	4,6574530967E-5	2,1264930428E-4
466	4,6662552003E-5	2,1267730432E-4
467	4,6746198237E-5	2,127024119E-4
468	4,6829048861E-5	2,1272680846E-4
469	4,6911589572E-5	2,1275099467E-4
470	4,6993915474E-5	2,1277503497E-4
471	4,7076056142E-5	2,1279894975E-4
472	4,7157172634E-5	2,1282330107E-4
473	4,7237761821E-5	2,1284748022E-4
474	4,7318074105E-5	2,1287153352E-4
475	4,7398159996E-5	2,1289546691E-4
476	4,7479679055E-5	2,1292014986E-4
477	4,7561988536E-5	2,1294541514E-4
478	4,764500694E-5	2,1297127285E-4
479	4,7728123925E-5	2,129971986E-4
480	4,7811816084E-5	2,1302358544E-4
481	4,7896434311E-5	2,1304944174E-4
482	4,7981128303E-5	2,1307518214E-4
483	4,8060179604E-5	2,1309828009E-4
484	4,8138833921E-5	2,1312116421E-4
485	4,8217211296E-5	2,1314393296E-4
486	4,8294763277E-5	2,1316617133E-4
487	4,8371860518E-5	2,1318816465E-4
488	4,8449504245E-5	2,132104093E-4
489	4,8527600154E-5	2,1323303873E-4
490	4,8607262287E-5	2,1325666439E-4
491	4,8687203023E-5	2,1328047366E-4
492	4,8767044744E-5	2,1330422969E-4
493	4,8848870014E-5	2,1332815079E-4
494	4,8931367849E-5	2,133522996E-4
495	4,9008357624E-5	2,133740493E-4
496	4,908402718E-5	2,1339519274E-4
497	4,9159167103E-5	2,1341609194E-4
498	4,9234001421E-5	2,1343684328E-4
499	4,9308602542E-5	2,1345747589E-4
500	4,9382992173E-5	2,1347799791E-4
501	4,9458814998E-5	2,1349919457E-4
502	4,9536199619E-5	2,1352138805E-4
503	4,9613911011E-5	2,135437806E-4
504	4,9691558045E-5	2,1356614031E-4
505	4,9770392213E-5	2,1358935182E-4
506	4,9850611735E-5	2,1361211565E-4
507	4,9924518147E-5	2,1363209015E-4
508	4,999694082E-5	2,1365136043E-4
509	5,006875817E-5	2,1367034632E-4
510	5,0140238989E-5	2,136891662E-4
511	5,0211467328E-5	2,1370785787E-4
512	5,0282469751E-5	2,137264319E-4
513	5,0354892778E-5	2,1374564407E-4
514	5,0426503204E-5	2,1376455831E-4
515	5,0498751244E-5	2,1378379609E-4
516	5,057097138E-5	2,1380302689E-4
517	5,06432964E-5	2,1382244847E-4
518	5,0715707742E-5	2,1384093282E-4
519	5,0785849764E-5	2,138589286E-4
520	5,0856476856E-5	2,1387600172E-4
521	5,0927011239E-5	2,1389292968E-4
522	5,0998737665E-5	2,1391093125E-4
523	5,1071053181E-5	2,1392924168E-4
524	5,1143375847E-5	2,1394752456E-4
525	5,1214696542E-5	2,1396532439E-4
526	5,1284860988E-5	2,1398258738E-4
527	5,1355583544E-5	2,1399994205E-4
528	5,1426222542E-5	2,1401716317E-4
529	5,1496667273E-5	2,1403427901E-4
530	5,1565955868E-5	2,1405060426E-4
531	5,1635079579E-5	2,1406682503E-4
532	5,1704195472E-5	2,140830828E-4
533	5,1773328004E-5	2,1409950679E-4
534	5,1842934594E-5	2,1411630873E-4
535	5,1912724032E-5	2,1413321818E-4
536	5,1982237062E-5	2,1415000141E-4
537	5,2051334016E-5	2,1416660689E-4
538	5,212021696E-5	2,1418311701E-4
539	5,2188804734E-5	2,1419953747E-4
540	5,2257198231E-5	2,1421587812E-4
541	5,2324222118E-5	2,1423164952E-4
542	5,2390854045E-5	2,1424724949E-4
543	5,2457219563E-5	2,1426272734E-4
544	5,2523339975E-5	2,142780928E-4
545	5,2589225149E-5	2,1429334902E-4
546	5,2654879841E-5	2,1430848961E-4
547	5,2720277677E-5	2,1432352711E-4
548	5,2785482877E-5	2,1433846423E-4
549	5,2850470038E-5	2,1435330168E-4
550	5,291378078E-5	2,1436759151E-4
551	5,2976680807E-5	2,1438171756E-4
552	5,3039319807E-5	2,1439572426E-4
553	5,3101714986E-5	2,1440961392E-4
554	5,3163866215E-5	2,1442338572E-4
555	5,3225772525E-5	2,1443703826E-4
556	5,3287433644E-5	2,1445057021E-4
557	5,3349168363E-5	2,1446427153E-4
558	5,3410389065E-5	2,1447768697E-4
559	5,3471899844E-5	2,1449126961E-4
560	5,3532875428E-5	2,145045357E-4
561	5,3594026232E-5	2,1451796237E-4
562	5,3654648495E-5	2,1453105558E-4
563	5,3715544623E-5	2,1454430842E-4
564	5,3775936055E-5	2,1455722239E-4
565	5,3836444135E-5	2,145703038E-4
566	5,3896794619E-5	2,1458332336E-4
567	5,3957404945E-5	2,1459598285E-4
568	5,4017828445E-5	2,1460870946E-4
569	5,4078124433E-5	2,1462138285E-4
570	5,4139653859E-5	2,1463356232E-4
571	5,4200912466E-5	2,1464542294E-4
572	5,4261264725E-5	2,1465750792E-4
573	5,4321215011E-5	2,1466948571E-4
574	5,4380890265E-5	2,146813568E-4
575	5,4439729806E-5	2,1469257505E-4
576	5,4499586913E-5	2,1470433387E-4
577	5,4559010914E-5	2,1471594991E-4
578	5,4617879403E-5	2,1472743666E-4
579	5,4676448796E-5	2,147388161E-4
580	5,4735674262E-5	2,1475040537E-4
581	5,4797003186E-5	2,1476289971E-4
582	5,4858966025E-5	2,1477578318E-4
583	5,4917861587E-5	2,1479048911E-4
584	5,4970757703E-5	2,1480765862E-4
585	5,5028897168E-5	2,1481981297E-4
586	5,508694719E-5	2,1483167518E-4
587	5,5144875454E-5	2,1484342372E-4
588	5,5202661547E-5	2,1485509366E-4
589	5,5261041621E-5	2,1486668934E-4
590	5,5319257064E-5	2,1487821399E-4
591	5,53773071E-5	2,1488966691E-4
592	5,5435178056E-5	2,149010447E-4
593	5,5493297213E-5	2,1491209522E-4
594	5,5551143772E-5	2,1492304003E-4
595	5,5608769592E-5	2,1493381496E-4
596	5,5666728773E-5	2,1494434637E-4
597	5,5723784463E-5	2,1495463756E-4
598	5,5780453286E-5	2,1496475832E-4
599	5,5836392974E-5	2,1497456434E-4
600	5,5891882079E-5	2,1498418613E-4
601	5,5948402688E-5	2,149936283E-4
602	5,60052136E-5	2,1500368928E-4
603	5,6062140862E-5	2,1501385847E-4
604	5,6119722458E-5	2,1502353021E-4
605	5,6174766426E-5	2,1503236969E-4
606	5,6228496533E-5	2,1504075015E-4
607	5,628252553E-5	2,1504952136E-4
608	5,6336878156E-5	2,1505834391E-4
609	5,6391122707E-5	2,150671241E-4
610	5,6446302233E-5	2,1507614335E-4
611	5,650016467E-5	2,1508439786E-4
612	5,6552745886E-5	2,1509188489E-4
613	5,6605737197E-5	2,1509995517E-4
614	5,6658668048E-5	2,1510786516E-4
615	5,6712092114E-5	2,1511608913E-4
616	5,6765745928E-5	2,1512450535E-4
617	5,6818590497E-5	2,1513385728E-4
618	5,6875444935E-5	2,1514399473E-4
619	5,6930017589E-5	2,1515301068E-4
620	5,6983866274E-5	2,151618234E-4
621	5,7037689912E-5	2,1517073842E-4
622	5,7092240065E-5	2,1517947959E-4
623	5,714453966E-5	2,1518771828E-4
624	5,7195847301E-5	2,1519569954E-4
625	5,7247761258E-5	2,1520388634E-4
626	5,7299937136E-5	2,152122071E-4
627	5,7351884817E-5	2,1522055377E-4
628	5,7403628171E-5	2,1522885751E-4
629	5,7455027488E-5	2,1523710507E-4
630	5,7506366604E-5	2,1524530115E-4
631	5,7557017192E-5	2,1525326036E-4
632	5,7607598998E-5	2,1526099724E-4
633	5,7656989635E-5	2,1526779889E-4
634	5,7705651115E-5	2,152742969E-4
635	5,7754422514E-5	2,1528066699E-4
636	5,7803017451E-5	2,152869552E-4
637	5,7851173446E-5	2,152932193E-4
638	5,7898410525E-5	2,1530008854E-4
639	5,7944198594E-5	2,1531110131E-4
640	5,7995462733E-5	2,15319621E-4
641	5,8044258564E-5	2,1532697689E-4
642	5,8092912638E-5	2,1533401096E-4
643	5,8141015687E-5	2,1534089896E-4
644	5,8188956395E-5	2,153477055E-4
645	5,8237113792E-5	2,1535452001E-4
646	5,8285361407E-5	2,1536140441E-4
647	5,8333371322E-5	2,1536824523E-4
648	5,8381156578E-5	2,1537491623E-4
649	5,8430146771E-5	2,1538173061E-4
650	5,8477660625E-5	2,1538841171E-4
651	5,8524836734E-5	2,153949073E-4
652	5,8572132146E-5	2,154013221E-4
653	5,8619382758E-5	2,1540739653E-4
654	5,8664537647E-5	2,1541253465E-4
655	5,8709847946E-5	2,1541738875E-4
656	5,8754578958E-5	2,1542212709E-4
657	5,8799142021E-5	2,1542679412E-4
658	5,8843697013E-5	2,1543141989E-4
659	5,8888009727E-5	2,1543737002E-4
660	5,8934473806E-5	2,1544428394E-4
661	5,8980310586E-5	2,1545020424E-4
662	5,9025089217E-5	2,1545580582E-4
663	5,9070119466E-5	2,1546136214E-4
664	5,9114818167E-5	2,1546685722E-4
665	5,9160353872E-5	2,1547238048E-4
666	5,9204728617E-5	2,1547777774E-4
667	5,924951988E-5	2,1548332724E-4
668	5,9295165012E-5	2,1548896501E-4
669	5,9340820671E-5	2,1549458437E-4
670	5,9386297931E-5	2,155001557E-4
671	5,9431963079E-5	2,1550567183E-4
672	5,9476656479E-5	2,1551087839E-4
673	5,9522743773E-5	2,1551604998E-4
674	5,9563024773E-5	2,1552144375E-4
675	5,9604640689E-5	2,1552566924E-4
676	5,964781153E-5	2,1553050862E-4
677	5,9691221992E-5	2,1553548926E-4
678	5,973474099E-5	2,1554045303E-4
679	5,9778203543E-5	2,155453816E-4
680	5,982183384E-5	2,1555020447E-4
681	5,9863497723E-5	2,1555543528E-4
682	5,9904353693E-5	2,1556061604E-4
683	5,9946518125E-5	2,1556547907E-4
684	5,9989863268E-5	2,1557005137E-4
685	6,003348501E-5	2,1557467006E-4
686	6,0077297374E-5	2,1557934178E-4
687	6,0120808336E-5	2,1558391515E-4
688	6,0163358757E-5	2,1558839573E-4
689	6,0204547194E-5	2,1559338251E-4
690	6,0241122313E-5	2,1559995799E-4
691	6,0285111896E-5	2,1560533214E-4
692	6,0327969713E-5	2,1561000473E-4
693	6,0371815059E-5	2,1561487908E-4
694	6,0415485737E-5	2,15619746E-4
695	6,0459185747E-5	2,1562458213E-4
696	6,050255192E-5	2,1562937421E-4
697	6,0545886132E-5	2,1563412657E-4
698	6,0588469255E-5	2,1563881987E-4
699	6,0631498664E-5	2,1564347009E-4
700	6,0674869817E-5	2,1564818197E-4
701	6,0717105946E-5	2,1565277048E-4
702	6,0759428773E-5	2,1565729902E-4
703	6,0799099131E-5	2,1566138107E-4
704	6,0838311912E-5	2,1566518077E-4
705	6,0876495447E-5	2,1566847371E-4
706	6,0914227157E-5	2,1567166801E-4
707	6,0951102792E-5	2,1567456255E-4
708	6,0986996793E-5	2,1567735938E-4
709	6,1021603434E-5	2,1568031305E-4
710	6,1057973104E-5	2,1568420271E-4
711	6,1093469161E-5	2,1568774206E-4
712	6,1129198378E-5	2,1569155923E-4
713	6,1168833729E-5	2,1569562651E-4
714	6,1208673472E-5	2,1569969975E-4
715	6,1248091376E-5	2,157036369E-4
716	6,1287242995E-5	2,1570738453E-4
717	6,1322644473E-5	2,1571174105E-4
718	6,1361294869E-5	2,1571560949E-4
719	6,1399097649E-5	2,157193404E-4
720	6,1436619989E-5	2,1572300726E-4
721	6,1473957172E-5	2,1572662936E-4
722	6,1512864085E-5	2,1573040257E-4
723	6,1549848534E-5	2,1573362765E-4
724	6,1586528653E-5	2,1573663496E-4
725	6,1622013001E-5	2,1573950448E-4
726	6,1656576848E-5	2,1574197915E-4
727	6,1690845358E-5	2,157440205E-4
728	6,1725248271E-5	2,1574660499E-4
729	6,1760038534E-5	2,1574925955E-4
730	6,1794843798E-5	2,1575190438E-4
731	6,1828323275E-5	2,1575447766E-4
732	6,1860866984E-5	2,1575758874E-4
733	6,1889732545E-5	2,1576271112E-4
734	6,1927715166E-5	2,1576662693E-4
735	6,1965260308E-5	2,1577009091E-4
736	6,2002540029E-5	2,1577344667E-4
737	6,2039604023E-5	2,1577674395E-4
738	6,2076489367E-5	2,1577999918E-4
739	6,2113209057E-5	2,1578321748E-4
740	6,2149759545E-5	2,1578639947E-4
741	6,2195322822E-5	2,1579156313E-4
742	6,2226530875E-5	2,1579644057E-4
743	6,2263634745E-5	2,1580000999E-4
744	6,2299830861E-5	2,1580317704E-4
745	6,2335708388E-5	2,1580624556E-4
746	6,2371366702E-5	2,1580926207E-4
747	6,2406316652E-5	2,1581202442E-4
748	6,2439722945E-5	2,1581507623E-4
749	6,2474983855E-5	2,1581806929E-4
750	6,2510070696E-5	2,1582097754E-4
751	6,2544967385E-5	2,1582383874E-4
752	6,2577034356E-5	2,158263986E-4
753	6,2612018803E-5	2,1582897734E-4
754	6,2645568504E-5	2,1583108744E-4
755	6,2678588383E-5	2,1583307429E-4
756	6,2711742118E-5	2,1583499995E-4
757	6,2744679061E-5	2,1583688134E-4
758	6,2777042277E-5	2,1583859331E-4
759	6,2810146278E-5	2,1584069652E-4
760	6,2842926227E-5	2,1584279521E-4
761	6,287558221E-5	2,1584487313E-4
762	6,2908791253E-5	2,1584729368E-4
763	6,2940874118E-5	2,1584926009E-4
764	6,2969602257E-5	2,158501801E-4
765	6,2995998338E-5	2,1585313241E-4
766	6,3026648014E-5	2,1585488154E-4
767	6,3058546578E-5	2,1585676381E-4
768	6,30906857E-5	2,1585859358E-4
769	6,3120390134E-5	2,1586065418E-4
770	6,3150451186E-5	2,1586345695E-4
771	6,3182631833E-5	2,158654035E-4
772	6,3214514072E-5	2,1586720904E-4
773	6,3246128337E-5	2,1586894576E-4
774	6,327809936E-5	2,1587064002E-4
775	6,3308386054E-5	2,1587205321E-4
776	6,3338501871E-5	2,1587359282E-4
777	6,3366920761E-5	2,1587556207E-4
778	6,3392376184E-5	2,158786542E-4
779	6,3418086514E-5	2,1588207381E-4
780	6,3444885974E-5	2,1588492476E-4
781	6,3473432522E-5	2,1588779768E-4
782	6,3506443951E-5	2,1588952953E-4
783	6,3543844091E-5	2,1589135066E-4
784	6,3585169487E-5	2,1589517184E-4
785	6,3626721184E-5	2,1589848162E-4
786	6,3668378184E-5	2,1590174203E-4
787	6,3710030769E-5	2,1590498104E-4
788	6,3751641122E-5	2,159082011E-4
789	6,3793199848E-5	2,159114029E-4
790	6,3834704617E-5	2,1591458698E-4
791	6,3876155031E-5	2,1591775374E-4
792	6,3917551094E-5	2,1592090352E-4
793	6,3958892748E-5	2,1592403658E-4
794	6,4000180078E-5	2,1592715315E-4
795	6,4041413248E-5	2,1593025344E-4
796	6,408259239E-5	2,1593333763E-4
797	6,4123717536E-5	2,1593640593E-4
798	6,4164788937E-5	2,1593945846E-4
799	6,4206237254E-5	2,1594249591E-4
800	6,4247875909E-5	2,1594551942E-4
801	6,4289509678E-5	2,1594852924E-4
802	6,4331092311E-5	2,1595152545E-4
803	6,4372623685E-5	2,159545081E-4
804	6,4414103822E-5	2,1595747719E-4
805	6,4455532766E-5	2,1596043271E-4
806	6,4496910712E-5	2,159633747E-4
807	6,4538237934E-5	2,1596630325E-4
808	6,4579514428E-5	2,159692184E-4
809	6,462074021E-5	2,1597212023E-4
810	6,466191533E-5	2,1597500926E-4
811	6,4703039953E-5	2,1597788506E-4
812	6,4744114143E-5	2,1598074769E-4
813	6,4783975986E-5	2,1598336663E-4
814	6,4823691163E-5	2,1598594237E-4
815	6,4863338413E-5	2,1598850047E-4
816	6,4902930245E-5	2,1599104465E-4
817	6,494246949E-5	2,1599357568E-4
818	6,4981956968E-5	2,1599609381E-4
819	6,5021392847E-5	2,1599859883E-4
820	6,5060777321E-5	2,1600109077E-4
821	6,5100110398E-5	2,1600356969E-4
822	6,5139514788E-5	2,1600603561E-4
823	6,5178867862E-5	2,1600848881E-4
824	6,5218169693E-5	2,1601092936E-4
825	6,5257420426E-5	2,1601335744E-4
826	6,5296620125E-5	2,1601577281E-4
827	6,533576888E-5	2,1601817551E-4
828	6,5374866678E-5	2,1602056551E-4
829	6,5413913713E-5	2,1602294284E-4
830	6,5452910065E-5	2,1602530748E-4
831	6,5491855805E-5	2,1602765952E-4
832	6,5530822471E-5	2,1602999894E-4
833	6,5569738979E-5	2,1603232592E-4
834	6,5608605017E-5	2,1603464061E-4
835	6,5647420503E-5	2,1603694294E-4
836	6,5686185883E-5	2,1603923293E-4
837	6,5724901264E-5	2,1604151056E-4
838	6,576356649E-5	2,1604377583E-4
839	6,5802181782E-5	2,160460288E-4
840	6,5840747071E-5	2,1604826944E-4
841	6,5879262387E-5	2,1605049777E-4
842	6,591772814E-5	2,160527138E-4
843	6,5956144143E-5	2,1605491755E-4
844	6,5994510631E-5	2,1605710936E-4
845	6,6032827651E-5	2,1605928932E-4
846	6,6071096624E-5	2,1606145792E-4
847	6,6109321694E-5	2,1606361701E-4
848	6,6147503884E-5	2,1606576665E-4
849	6,6185643433E-5	2,1606790685E-4
850	6,622401578E-5	2,160700377E-4
851	6,6262345265E-5	2,1607216057E-4
852	6,6300632084E-5	2,1607427441E-4
853	6,6338876256E-5	2,1607637906E-4
854	6,6377077783E-5	2,1607847446E-4
855	6,6415236783E-5	2,1608056065E-4
856	6,6453353239E-5	2,1608263759E-4
857	6,6491427152E-5	2,160847053E-4
858	6,6529458581E-5	2,1608676379E-4
859	6,6567447534E-5	2,1608881304E-4
860	6,6605394033E-5	2,1609085308E-4
861	6,6643298059E-5	2,1609288391E-4
862	6,6681159701E-5	2,1609490555E-4
863	6,6718978936E-5	2,1609691801E-4
864	6,6756755847E-5	2,1609892131E-4
865	6,6794490494E-5	2,1610091545E-4
866	6,6832182951E-5	2,1610290068E-4
867	6,6869833297E-5	2,1610487677E-4
868	6,6907441564E-5	2,1610684381E-4
869	6,6945007041E-5	2,1610880141E-4
870	6,6982527348E-5	2,1611074864E-4
871	6,702000214E-5	2,1611268543E-4
872	6,7057431283E-5	2,1611461171E-4
873	6,7094815666E-5	2,1611652785E-4
874	6,7132160804E-5	2,1611843582E-4
875	6,7172699286E-5	2,16121498E-4
876	6,7213693122E-5	2,1612471651E-4
877	6,7254756665E-5	2,1612795474E-4
878	6,7295809597E-5	2,1613119028E-4
879	6,7336732482E-5	2,16134413E-4
880	6,7376294719E-5	2,1613726558E-4
881	6,7413850226E-5	2,1613923097E-4
882	6,7451028461E-5	2,1614109392E-4
883	6,7488070405E-5	2,1614293196E-4
884	6,7528284198E-5	2,1614592439E-4
885	6,7568950608E-5	2,1614907331E-4
886	6,7609686053E-5	2,1615224182E-4
887	6,7650313335E-5	2,1615540199E-4
888	6,7687537725E-5	2,1615728448E-4
889	6,7724430791E-5	2,1615908601E-4
890	6,7761522711E-5	2,1616086648E-4
891	6,7801479448E-5	2,1616381273E-4
892	6,7841892662E-5	2,161669113E-4
893	6,7882376295E-5	2,1617002815E-4
894	6,792273308E-5	2,1617313506E-4
895	6,7959661216E-5	2,1617495604E-4
896	6,7996574164E-5	2,1617669799E-4
897	6,803335912E-5	2,1617842387E-4
898	6,807007568E-5	2,1618014075E-4
899	6,8109736378E-5	2,1618302972E-4
900	6,8149859036E-5	2,161860692E-4
901	6,8190050568E-5	2,1618912501E-4
902	6,8229911741E-5	2,1619214198E-4
903	6,8266478731E-5	2,1619388973E-4
904	6,8303038166E-5	2,1619556056E-4
905	6,8339473595E-5	2,1619721587E-4
906	6,837885841E-5	2,1620004206E-4
907	6,8418696307E-5	2,1620301849E-4
908	6,8458597161E-5	2,1620601102E-4
909	6,8496309168E-5	2,1620827222E-4
910	6,8532501622E-5	2,1620993916E-4
911	6,8568739378E-5	2,1621154557E-4
912	6,8604869404E-5	2,1621313939E-4
913	6,8643949003E-5	2,1621590253E-4
914	6,8683481824E-5	2,1621881563E-4
915	6,8723077923E-5	2,1622174502E-4
916	6,8762656709E-5	2,162246695E-4
917	6,8799116907E-5	2,1622648262E-4
918	6,8835218568E-5	2,1622806263E-4
919	6,8871094935E-5	2,1622960213E-4
920	6,8909884814E-5	2,1623230401E-4
921	6,89491192E-5	2,1623515472E-4
922	6,8988314168E-5	2,1623801506E-4
923	6,9024353852E-5	2,1623959126E-4
924	6,9060063289E-5	2,1624109461E-4
925	6,9095651225E-5	2,1624257886E-4
926	6,9134164486E-5	2,1624522518E-4
927	6,9173123066E-5	2,1624802003E-4
928	6,9212139672E-5	2,1625082991E-4
929	6,9248582026E-5	2,162527801E-4
930	6,9284189337E-5	2,1625425765E-4
931	6,9319574534E-5	2,1625569617E-4
932	6,935486265E-5	2,1625712142E-4
933	6,939179483E-5	2,1625926057E-4
934	6,942896014E-5	2,1626147379E-4
935	6,9464662808E-5	2,1626300384E-4
936	6,9506243582E-5	2,162662824E-4
937	6,9549976335E-5	2,1627026186E-4
938	6,9586879639E-5	2,1627221794E-4
939	6,9622424969E-5	2,1627376304E-4
940	6,9658839788E-5	2,162755365E-4
941	6,969557216E-5	2,1627764848E-4
942	6,9732197097E-5	2,1627976241E-4
943	6,9766829354E-5	2,1628109374E-4
944	6,9800841054E-5	2,1628221991E-4
945	6,9834656321E-5	2,1628330898E-4
946	6,9868758763E-5	2,1628438509E-4
947	6,990280765E-5	2,1628545305E-4
948	6,9939252725E-5	2,1628742516E-4
949	6,9975682294E-5	2,1628949459E-4
950	7,0012112628E-5	2,1629156266E-4
951	7,0046770981E-5	2,1629283038E-4
952	7,0080812948E-5	2,1629389443E-4
953	7,011465975E-5	2,1629492178E-4
954	7,0148423323E-5	2,1629593636E-4
955	7,018454402E-5	2,1629784487E-4
956	7,0220961311E-5	2,1629984789E-4
957	7,0257092214E-5	2,163018593E-4
958	7,0293026771E-5	2,1630383252E-4
959	7,0326903424E-5	2,1630487018E-4
960	7,0360494126E-5	2,1630584657E-4
961	7,039397519E-5	2,1630680682E-4
962	7,0427395903E-5	2,1630775821E-4
963	7,0463145828E-5	2,1630959413E-4
964	7,0499193368E-5	2,1631152413E-4
965	7,053527397E-5	2,16313461E-4
966	7,0571173265E-5	2,163153692E-4
967	7,0605062514E-5	2,1631635312E-4
968	7,0638668688E-5	2,1631727192E-4
969	7,0672165559E-5	2,1631817312E-4
970	7,0707616283E-5	2,1631994944E-4
971	7,0743359249E-5	2,1632181852E-4
972	7,0779133927E-5	2,1632369398E-4
973	7,0812769987E-5	2,1632463327E-4
974	7,0846124204E-5	2,1632550654E-4
975	7,0879370504E-5	2,1632636217E-4
976	7,091255696E-5	2,1632720871E-4
977	7,0945697108E-5	2,1632804755E-4
978	7,0981167826E-5	2,1632975441E-4
979	7,101693238E-5	2,1633155436E-4
980	7,1052728936E-5	2,1633336103E-4
981	7,1088095599E-5	2,1633509327E-4
982	7,1121340102E-5	2,163359596E-4
983	7,1154318906E-5	2,1633676521E-4
984	7,1187192982E-5	2,1633755386E-4
985	7,1220009121E-5	2,1633833351E-4
986	7,1255137027E-5	2,1633997281E-4
987	7,1290554801E-5	2,1634170326E-4
988	7,1326004124E-5	2,1634344037E-4
989	7,1361626125E-5	2,163451507E-4
990	7,1394556784E-5	2,1634596243E-4
991	7,1427216629E-5	2,1634671094E-4
992	7,1459772514E-5	2,1634744255E-4
993	7,1494958082E-5	2,1634902652E-4
994	7,1528629079E-5	2,1635005111E-4
995	7,156947362E-5	2,1635288397E-4
996	7,1612067532E-5	2,1635629632E-4
997	7,1646992011E-5	2,1635771616E-4
998	7,1681858437E-5	2,1635905193E-4
999	7,1717165528E-5	2,1636066488E-4
1000	7,1754365191E-5	2,1636221559E-4
