0 2 5 iAF1260.cmd 1E-9
0 2 5 iJN1463.cmd 1E-8
0 1 3 iAF1260.cmd 1E-9
0 1 3 iJN1463.cmd 1E-8
0 2 3 iAF1260.cmd 1E-9
0 2 3 iJN1463.cmd 1E-8
0 12 2 iAF1260.cmd 1E-9
0 12 2 iJN1463.cmd 1E-8
0 1 1 iAF1260.cmd 1E-9
0 1 1 iJN1463.cmd 1E-8
0 14 12 iAF1260.cmd 1E-9
0 14 12 iJN1463.cmd 1E-8
0 5 5 iAF1260.cmd 1E-9
0 5 5 iJN1463.cmd 1E-8
0 8 3 iAF1260.cmd 1E-9
0 8 3 iJN1463.cmd 1E-8
0 4 14 iAF1260.cmd 1E-9
0 4 14 iJN1463.cmd 1E-8
0 12 11 iAF1260.cmd 1E-9
0 12 11 iJN1463.cmd 1E-8
0 9 13 iAF1260.cmd 1E-9
0 9 13 iJN1463.cmd 1E-8
0 14 1 iAF1260.cmd 1E-9
0 14 1 iJN1463.cmd 1E-8
0 2 7 iAF1260.cmd 1E-9
0 2 7 iJN1463.cmd 1E-8
0 14 8 iAF1260.cmd 1E-9
0 14 8 iJN1463.cmd 1E-8
0 9 2 iAF1260.cmd 1E-9
0 9 2 iJN1463.cmd 1E-8
500 2 5 iAF1260.cmd 6,0571550394E-7
500 2 5 iJN1463.cmd 8,7883545409E-7
500 1 3 iAF1260.cmd 5,0204569103E-7
500 1 3 iJN1463.cmd 7,4153562527E-7
500 2 3 iAF1260.cmd 5,7644465679E-7
500 2 3 iJN1463.cmd 8,3331899402E-7
500 12 2 iAF1260.cmd 5,463576101E-8
500 12 2 iJN1463.cmd 2,9822193851E-7
500 1 1 iAF1260.cmd 4,3738454749E-7
500 1 1 iJN1463.cmd 6,3112586858E-7
500 14 12 iAF1260.cmd 7,0576528104E-8
500 14 12 iJN1463.cmd 2,7556994233E-7
500 5 5 iAF1260.cmd 2,7256052199E-7
500 5 5 iJN1463.cmd 4,7462735051E-7
500 8 3 iAF1260.cmd 1,0758948477E-7
500 8 3 iJN1463.cmd 3,1726608078E-7
500 4 14 iAF1260.cmd 1,850955345E-8
500 4 14 iJN1463.cmd 5,5847403646E-8
500 12 11 iAF1260.cmd 6,8362826709E-8
500 12 11 iJN1463.cmd 2,5942061829E-7
500 9 13 iAF1260.cmd 1,4047344312E-7
500 9 13 iJN1463.cmd 3,0559423784E-7
500 14 1 iAF1260.cmd 3,9509739281E-8
500 14 1 iJN1463.cmd 2,6383375574E-7
500 2 7 iAF1260.cmd 7,1822154373E-7
500 2 7 iJN1463.cmd 1,0573086092E-6
500 14 8 iAF1260.cmd 4,6375393541E-8
500 14 8 iJN1463.cmd 2,3590419594E-7
500 9 2 iAF1260.cmd 8,054344788E-8
500 9 2 iJN1463.cmd 2,8405759423E-7
500 0 1 iAF1260.cmd 2,1001146022E-7
500 0 1 iJN1463.cmd 4,133560091E-7
500 0 3 iAF1260.cmd 2,400423606E-7
500 0 3 iJN1463.cmd 4,7375914876E-7
500 1 0 iAF1260.cmd 4,1131021581E-7
500 1 0 iJN1463.cmd 5,8280846025E-7
500 1 2 iAF1260.cmd 4,7331134755E-7
500 1 2 iJN1463.cmd 6,9428368691E-7
500 1 4 iAF1260.cmd 5,1411547484E-7
500 1 4 iJN1463.cmd 7,4991510806E-7
500 1 5 iAF1260.cmd 5,1784279201E-7
500 1 5 iJN1463.cmd 7,4400346439E-7
500 2 1 iAF1260.cmd 4,7292567669E-7
500 2 1 iJN1463.cmd 6,6581904703E-7
500 2 2 iAF1260.cmd 5,3280011517E-7
500 2 2 iJN1463.cmd 7,6133246597E-7
500 2 4 iAF1260.cmd 5,9836113311E-7
500 2 4 iJN1463.cmd 8,663100985E-7
500 2 6 iAF1260.cmd 6,3590608862E-7
500 2 6 iJN1463.cmd 9,2489261154E-7
500 2 8 iAF1260.cmd 7,0340018084E-7
500 2 8 iJN1463.cmd 1,0325872409E-6
500 3 3 iAF1260.cmd 5,5445193934E-7
500 3 3 iJN1463.cmd 7,9277855876E-7
500 3 5 iAF1260.cmd 5,5445969453E-7
500 3 5 iJN1463.cmd 8,2288428543E-7
500 3 7 iAF1260.cmd 6,7816201536E-7
500 3 7 iJN1463.cmd 1,0057267915E-6
500 3 14 iAF1260.cmd 3,4523491683E-8
500 3 14 iJN1463.cmd 1,2983459278E-7
500 4 5 iAF1260.cmd 4,1528967827E-7
500 4 5 iJN1463.cmd 6,5430922488E-7
500 5 4 iAF1260.cmd 2,1733875201E-7
500 5 4 iJN1463.cmd 4,1118220808E-7
500 5 6 iAF1260.cmd 2,5098058052E-7
500 5 6 iJN1463.cmd 4,2565321553E-7
500 5 14 iAF1260.cmd 4,5073710816E-8
500 5 14 iJN1463.cmd 1,1702559332E-7
500 6 5 iAF1260.cmd 2,0092549451E-7
500 6 5 iJN1463.cmd 3,7205967318E-7
500 7 3 iAF1260.cmd 1,1167027138E-7
500 7 3 iJN1463.cmd 2,7594289715E-7
500 8 2 iAF1260.cmd 1,0293343965E-7
500 8 2 iJN1463.cmd 3,177463241E-7
500 8 4 iAF1260.cmd 9,325725357E-8
500 8 4 iJN1463.cmd 2,5648595301E-7
500 8 13 iAF1260.cmd 1,5347725E-7
500 8 13 iJN1463.cmd 3,0621395851E-7
500 9 1 iAF1260.cmd 5,9942298251E-8
500 9 1 iJN1463.cmd 2,099512572E-7
500 9 12 iAF1260.cmd 1,4665914445E-7
500 9 12 iJN1463.cmd 3,2741722651E-7
500 9 14 iAF1260.cmd 8,3352172311E-8
500 9 14 iJN1463.cmd 2,2281288465E-7
500 10 2 iAF1260.cmd 5,3103851968E-8
500 10 2 iJN1463.cmd 2,1780564797E-7
500 10 13 iAF1260.cmd 1,1795443919E-7
500 10 13 iJN1463.cmd 2,6591809879E-7
500 11 2 iAF1260.cmd 4,5154948632E-8
500 11 2 iJN1463.cmd 2,1969364804E-7
500 12 1 iAF1260.cmd 4,2131236825E-8
500 12 1 iJN1463.cmd 2,3519009378E-7
500 12 10 iAF1260.cmd 4,7753278212E-8
500 12 10 iJN1463.cmd 1,9148301679E-7
500 12 12 iAF1260.cmd 7,2519426837E-8
500 12 12 iJN1463.cmd 2,3627768878E-7
500 13 1 iAF1260.cmd 3,9299583247E-8
500 13 1 iJN1463.cmd 2,4769319223E-7
500 13 8 iAF1260.cmd 4,0950634719E-8
500 13 8 iJN1463.cmd 2,0416963009E-7
500 13 11 iAF1260.cmd 6,65656193E-8
500 13 11 iJN1463.cmd 2,6538252355E-7
500 13 12 iAF1260.cmd 6,9024844062E-8
500 13 12 iJN1463.cmd 2,5312698589E-7
500 14 0 iAF1260.cmd 3,764921285E-8
500 14 0 iJN1463.cmd 2,5264431563E-7
500 14 2 iAF1260.cmd 3,1935536534E-8
500 14 2 iJN1463.cmd 2,1902727649E-7
500 14 7 iAF1260.cmd 3,3087338923E-8
500 14 7 iJN1463.cmd 1,7340382192E-7
500 14 9 iAF1260.cmd 4,9322129349E-8
500 14 9 iJN1463.cmd 2,340673384E-7
500 14 11 iAF1260.cmd 6,6582564313E-8
500 14 11 iJN1463.cmd 2,757784995E-7
500 14 13 iAF1260.cmd 5,5828240291E-8
500 14 13 iJN1463.cmd 2,0660708793E-7
500 3 6 iAF1260.cmd 5,7906066356E-7
500 3 6 iJN1463.cmd 8,6150194404E-7
500 0 2 iAF1260.cmd 2,2773492245E-7
500 0 2 iJN1463.cmd 4,5183584713E-7
500 3 4 iAF1260.cmd 5,8179402074E-7
500 3 4 iJN1463.cmd 8,4416068566E-7
500 1 6 iAF1260.cmd 5,2108812977E-7
500 1 6 iJN1463.cmd 7,4044190376E-7
500 7 2 iAF1260.cmd 1,015992263E-7
500 7 2 iJN1463.cmd 2,4369077567E-7
500 0 4 iAF1260.cmd 2,3966982733E-7
500 0 4 iJN1463.cmd 4,5896353473E-7
500 3 2 iAF1260.cmd 5,0452518193E-7
500 3 2 iJN1463.cmd 7,1571734621E-7
500 4 6 iAF1260.cmd 4,1297953478E-7
500 4 6 iJN1463.cmd 6,4420581236E-7
500 6 4 iAF1260.cmd 1,6241624548E-7
500 6 4 iJN1463.cmd 3,2534379745E-7
500 10 1 iAF1260.cmd 4,5994459292E-8
500 10 1 iJN1463.cmd 1,8155811488E-7
500 11 1 iAF1260.cmd 3,9698880309E-8
500 11 1 iJN1463.cmd 1,8874404966E-7
500 13 0 iAF1260.cmd 3,413594892E-8
500 13 0 iJN1463.cmd 2,1653655218E-7
500 13 10 iAF1260.cmd 5,2595247405E-8
500 13 10 iJN1463.cmd 2,2200773061E-7
500 13 13 iAF1260.cmd 5,2205825359E-8
500 13 13 iJN1463.cmd 1,8208160257E-7
500 14 10 iAF1260.cmd 5,4783055835E-8
500 14 10 iJN1463.cmd 2,3988789685E-7
500 0 0 iAF1260.cmd 1,951742873E-7
500 0 0 iJN1463.cmd 3,7811517586E-7
500 2 0 iAF1260.cmd 4,3602009215E-7
500 2 0 iJN1463.cmd 6,061833991E-7
500 6 6 iAF1260.cmd 1,6805599842E-7
500 6 6 iJN1463.cmd 3,0348239279E-7
500 7 4 iAF1260.cmd 1,1894094684E-7
500 7 4 iJN1463.cmd 2,801129435E-7
500 10 12 iAF1260.cmd 1,1308594469E-7
500 10 12 iJN1463.cmd 2,625721778E-7
500 13 7 iAF1260.cmd 2,5515003812E-8
500 13 7 iJN1463.cmd 1,3134203864E-7
500 13 9 iAF1260.cmd 4,3996040913E-8
500 13 9 iJN1463.cmd 2,0033870218E-7
500 8 14 iAF1260.cmd 8,5629844929E-8
500 8 14 iJN1463.cmd 2,171413811E-7
500 10 14 iAF1260.cmd 6,4038651096E-8
500 10 14 iJN1463.cmd 1,7728095267E-7
500 12 0 iAF1260.cmd 3,2224218756E-8
500 12 0 iJN1463.cmd 1,7857075588E-7
500 0 5 iAF1260.cmd 2,3016701648E-7
500 0 5 iJN1463.cmd 4,256840266E-7
500 1 8 iAF1260.cmd 5,6773325089E-7
500 1 8 iJN1463.cmd 8,2851210787E-7
500 2 9 iAF1260.cmd 6,1788476427E-7
500 2 9 iJN1463.cmd 9,425330295E-7
500 3 1 iAF1260.cmd 3,9822378612E-7
500 3 1 iJN1463.cmd 5,6346493242E-7
500 6 3 iAF1260.cmd 1,2156269107E-7
500 6 3 iJN1463.cmd 2,5570529994E-7
500 8 5 iAF1260.cmd 5,2441939064E-8
500 8 5 iJN1463.cmd 1,3921568528E-7
500 9 0 iAF1260.cmd 4,4121823821E-8
500 9 0 iJN1463.cmd 1,3741560865E-7
500 10 3 iAF1260.cmd 3,6701981354E-8
500 10 3 iJN1463.cmd 1,5885961944E-7
500 11 3 iAF1260.cmd 2,8691479937E-8
500 11 3 iJN1463.cmd 1,3558432909E-7
500 11 12 iAF1260.cmd 8,876442996E-8
500 11 12 iJN1463.cmd 2,3897181857E-7
500 12 9 iAF1260.cmd 3,5593692589E-8
500 12 9 iJN1463.cmd 1,4849427361E-7
500 12 13 iAF1260.cmd 4,8708781944E-8
500 12 13 iJN1463.cmd 1,6253634529E-7
500 14 3 iAF1260.cmd 1,8432931859E-8
500 14 3 iJN1463.cmd 1,2944828759E-7
500 14 6 iAF1260.cmd 1,8276949817E-8
500 14 6 iJN1463.cmd 9,8814097529E-8
500 14 14 iAF1260.cmd 3,1570771155E-8
500 14 14 iJN1463.cmd 1,3598234013E-7
500 4 3 iAF1260.cmd 5,2591800242E-7
500 4 3 iJN1463.cmd 7,4030800493E-7
500 5 7 iAF1260.cmd 1,5496219573E-7
500 5 7 iJN1463.cmd 2,7825443035E-7
500 7 13 iAF1260.cmd 1,4941376973E-7
500 7 13 iJN1463.cmd 2,8349631321E-7
500 11 10 iAF1260.cmd 3,1984863668E-8
500 11 10 iJN1463.cmd 1,2470713355E-7
500 0 6 iAF1260.cmd 2,0089258574E-7
500 0 6 iJN1463.cmd 3,6489619295E-7
500 6 2 iAF1260.cmd 1,0548069111E-7
500 6 2 iJN1463.cmd 2,0733320858E-7
500 7 1 iAF1260.cmd 8,8763982085E-8
500 7 1 iJN1463.cmd 1,7513164131E-7
500 11 0 iAF1260.cmd 3,1022405696E-8
500 11 0 iJN1463.cmd 1,3999389218E-7
500 10 0 iAF1260.cmd 3,5622878331E-8
500 10 0 iJN1463.cmd 1,3014131912E-7
500 3 0 iAF1260.cmd 3,5550325216E-7
500 3 0 iJN1463.cmd 5,0220715571E-7
500 13 6 iAF1260.cmd 1,353127955E-8
500 13 6 iJN1463.cmd 7,3104160345E-8
500 6 7 iAF1260.cmd 1,3050292739E-7
500 6 7 iJN1463.cmd 2,413046703E-7
500 13 14 iAF1260.cmd 2,8228900675E-8
500 13 14 iJN1463.cmd 1,1584653995E-7
500 10 11 iAF1260.cmd 9,0358740668E-8
500 10 11 iJN1463.cmd 2,0891458645E-7
500 12 7 iAF1260.cmd 1,2243224444E-8
500 12 7 iJN1463.cmd 6,300864448E-8
500 1 9 iAF1260.cmd 5,1641336293E-7
500 1 9 iJN1463.cmd 7,7843297958E-7
500 7 6 iAF1260.cmd 9,830810341E-8
500 7 6 iJN1463.cmd 1,867371677E-7
500 11 9 iAF1260.cmd 1,976666945E-8
500 11 9 iJN1463.cmd 8,0349199033E-8
500 7 14 iAF1260.cmd 7,2919189773E-8
500 7 14 iJN1463.cmd 1,8216770166E-7
500 12 14 iAF1260.cmd 2,5813962345E-8
500 12 14 iJN1463.cmd 9,7843189807E-8
500 11 4 iAF1260.cmd 1,0197190784E-8
500 11 4 iJN1463.cmd 5,4593651114E-8
500 14 4 iAF1260.cmd 8,1745079822E-9
500 14 4 iJN1463.cmd 6,0351003101E-8
500 0 8 iAF1260.cmd 1,9324787728E-7
500 0 8 iJN1463.cmd 3,63650765E-7
500 2 10 iAF1260.cmd 5,1473425383E-7
500 2 10 iJN1463.cmd 8,3035190482E-7
500 3 9 iAF1260.cmd 5,8235830914E-7
500 3 9 iJN1463.cmd 9,2764753527E-7
500 4 1 iAF1260.cmd 2,5033681752E-7
500 4 1 iJN1463.cmd 3,6800910127E-7
500 8 6 iAF1260.cmd 4,5323880932E-8
500 8 6 iJN1463.cmd 1,0350921275E-7
500 9 5 iAF1260.cmd 2,4923128968E-8
500 9 5 iJN1463.cmd 6,9992285107E-8
500 8 0 iAF1260.cmd 5,0968134364E-8
500 8 0 iJN1463.cmd 1,1425026059E-7
500 14 5 iAF1260.cmd 9,0335709039E-9
500 14 5 iJN1463.cmd 5,5932224528E-8
500 5 8 iAF1260.cmd 9,5091336457E-8
500 5 8 iJN1463.cmd 1,8623492806E-7
500 6 13 iAF1260.cmd 1,4553547643E-7
500 6 13 iJN1463.cmd 2,7311445707E-7
500 7 12 iAF1260.cmd 1,460612292E-7
500 7 12 iJN1463.cmd 2,8306531014E-7
500 11 14 iAF1260.cmd 2,7667818191E-8
500 11 14 iJN1463.cmd 9,3040244543E-8
500 6 1 iAF1260.cmd 1,0301850443E-7
500 6 1 iJN1463.cmd 1,8327095362E-7
500 12 6 iAF1260.cmd 7,3899090723E-9
500 12 6 iJN1463.cmd 4,2257773229E-8
500 5 2 iAF1260.cmd 1,1106647689E-7
500 5 2 iJN1463.cmd 1,9244317334E-7
500 4 0 iAF1260.cmd 2,3764381423E-7
500 4 0 iJN1463.cmd 3,522814887E-7
500 7 0 iAF1260.cmd 7,2597127758E-8
500 7 0 iJN1463.cmd 1,37861907E-7
500 13 5 iAF1260.cmd 5,9167172079E-9
500 13 5 iJN1463.cmd 4,0069306201E-8
500 6 8 iAF1260.cmd 8,171122463E-8
500 6 8 iJN1463.cmd 1,6649554537E-7
500 0 7 iAF1260.cmd 9,829924174E-8
500 0 7 iJN1463.cmd 2,1399344498E-7
500 1 10 iAF1260.cmd 4,3800599877E-7
500 1 10 iJN1463.cmd 6,9787420942E-7
500 0 9 iAF1260.cmd 1,8403473366E-7
500 0 9 iJN1463.cmd 3,6568566517E-7
500 3 10 iAF1260.cmd 4,9191406243E-7
500 3 10 iJN1463.cmd 8,2157310746E-7
500 6 14 iAF1260.cmd 5,8260276056E-8
500 6 14 iJN1463.cmd 1,4869110277E-7
500 9 6 iAF1260.cmd 2,0342558084E-8
500 9 6 iJN1463.cmd 5,5784964959E-8
500 10 9 iAF1260.cmd 7,6237238808E-9
500 10 9 iJN1463.cmd 3,9058695156E-8
500 11 7 iAF1260.cmd 6,0940969482E-9
500 11 7 iJN1463.cmd 3,5226243214E-8
500 11 8 iAF1260.cmd 8,098589098E-9
500 11 8 iJN1463.cmd 4,0520609314E-8
500 6 12 iAF1260.cmd 1,4947247635E-7
500 6 12 iJN1463.cmd 2,9664098789E-7
500 5 1 iAF1260.cmd 1,4363204774E-7
500 5 1 iJN1463.cmd 2,3144435117E-7
500 2 11 iAF1260.cmd 3,9874432896E-7
500 2 11 iJN1463.cmd 7,0240887152E-7
500 5 13 iAF1260.cmd 1,4470544204E-7
500 5 13 iJN1463.cmd 2,7603390639E-7
500 8 7 iAF1260.cmd 2,2817949437E-8
500 8 7 iJN1463.cmd 6,0299628558E-8
500 13 4 iAF1260.cmd 3,1511782847E-9
500 13 4 iJN1463.cmd 3,2447164212E-8
500 7 11 iAF1260.cmd 1,0097135384E-7
500 7 11 iJN1463.cmd 2,1745695457E-7
500 10 5 iAF1260.cmd 1,0205033459E-8
500 10 5 iJN1463.cmd 3,7536429121E-8
500 4 8 iAF1260.cmd 6,6948137794E-8
500 4 8 iJN1463.cmd 1,4437165954E-7
500 11 5 iAF1260.cmd 5,1497009208E-9
500 11 5 iJN1463.cmd 3,1381374105E-8
500 12 4 iAF1260.cmd 2,7977319084E-9
500 12 4 iJN1463.cmd 2,9091936315E-8
500 6 0 iAF1260.cmd 9,6172920179E-8
500 6 0 iJN1463.cmd 1,6918807429E-7
500 12 5 iAF1260.cmd 3,4968140966E-9
500 12 5 iJN1463.cmd 2,8981477316E-8
500 5 0 iAF1260.cmd 1,4455099488E-7
500 5 0 iJN1463.cmd 2,3407419792E-7
500 0 10 iAF1260.cmd 1,4323326385E-7
500 0 10 iJN1463.cmd 3,1452458461E-7
500 11 6 iAF1260.cmd 4,7767059165E-9
500 11 6 iJN1463.cmd 2,9771193079E-8
500 1 11 iAF1260.cmd 3,5090483864E-7
500 1 11 iJN1463.cmd 6,0857984416E-7
500 6 9 iAF1260.cmd 6,7012336144E-8
500 6 9 iJN1463.cmd 1,5475629322E-7
500 7 8 iAF1260.cmd 4,7823933347E-8
500 7 8 iJN1463.cmd 1,1158864568E-7
500 3 11 iAF1260.cmd 3,4487910875E-7
500 3 11 iJN1463.cmd 6,4134742618E-7
500 5 12 iAF1260.cmd 1,6000252858E-7
500 5 12 iJN1463.cmd 3,3859189116E-7
500 10 8 iAF1260.cmd 5,42915592E-9
500 10 8 iJN1463.cmd 3,1496050784E-8
500 6 11 iAF1260.cmd 1,1625961293E-7
500 6 11 iJN1463.cmd 2,534424989E-7
500 10 6 iAF1260.cmd 8,2534061814E-9
500 10 6 iJN1463.cmd 3,3113354597E-8
500 9 7 iAF1260.cmd 1,2121238443E-8
500 9 7 iJN1463.cmd 4,0272272222E-8
500 2 12 iAF1260.cmd 2,9943540355E-7
500 2 12 iJN1463.cmd 5,9823951848E-7
500 10 7 iAF1260.cmd 5,8256645032E-9
500 10 7 iJN1463.cmd 3,0205445599E-8
500 9 9 iAF1260.cmd 3,2374432344E-9
500 9 9 iJN1463.cmd 2,9145927022E-8
500 7 10 iAF1260.cmd 6,8664731356E-8
500 7 10 iJN1463.cmd 1,670328439E-7
500 8 8 iAF1260.cmd 2,2231172572E-8
500 8 8 iJN1463.cmd 6,1583785936E-8
500 8 11 iAF1260.cmd 7,0267181382E-8
500 8 11 iJN1463.cmd 1,7006372467E-7
500 0 11 iAF1260.cmd 9,9307294116E-8
500 0 11 iJN1463.cmd 2,52688077E-7
500 7 9 iAF1260.cmd 5,4701375028E-8
500 7 9 iJN1463.cmd 1,3451744746E-7
500 6 10 iAF1260.cmd 8,006582861E-8
500 6 10 iJN1463.cmd 1,9448709582E-7
500 1 12 iAF1260.cmd 2,667765992E-7
500 1 12 iJN1463.cmd 5,2528459839E-7
500 5 11 iAF1260.cmd 1,3813522005E-7
500 5 11 iJN1463.cmd 3,1529205273E-7
500 3 12 iAF1260.cmd 2,5902292546E-7
500 3 12 iJN1463.cmd 5,4828333832E-7
500 9 8 iAF1260.cmd 8,3547258243E-9
500 9 8 iJN1463.cmd 3,5874727137E-8
500 4 11 iAF1260.cmd 2,152941511E-7
500 4 11 iJN1463.cmd 4,602562294E-7
500 4 12 iAF1260.cmd 1,9900755678E-7
500 4 12 iJN1463.cmd 4,4760223106E-7
500 8 10 iAF1260.cmd 5,5816116218E-8
500 8 10 iJN1463.cmd 1,5042313095E-7
500 2 13 iAF1260.cmd 2,0189261073E-7
500 2 13 iJN1463.cmd 4,6456311552E-7
500 5 10 iAF1260.cmd 8,7657654339E-8
500 5 10 iJN1463.cmd 2,3379063702E-7
500 0 12 iAF1260.cmd 6,2185443466E-8
500 0 12 iJN1463.cmd 1,953892777E-7
500 1 13 iAF1260.cmd 1,7896650188E-7
500 1 13 iJN1463.cmd 4,0931632884E-7
500 3 13 iAF1260.cmd 1,8375361048E-7
500 3 13 iJN1463.cmd 4,4516229143E-7
500 2 14 iAF1260.cmd 3,8424174484E-8
500 2 14 iJN1463.cmd 1,4509340182E-7
500 0 13 iAF1260.cmd 3,308668799E-8
500 0 13 iJN1463.cmd 1,3389361501E-7
500 1 14 iAF1260.cmd 3,2301958285E-8
500 1 14 iJN1463.cmd 1,2280959839E-7
500 0 14 iAF1260.cmd 7,59048534E-9
500 0 14 iJN1463.cmd 4,8626456574E-8
1000 2 5 iAF1260.cmd 7,7970647523E-7
1000 2 5 iJN1463.cmd 8,0428332749E-7
1000 1 3 iAF1260.cmd 6,5632017466E-7
1000 1 3 iJN1463.cmd 7,0532976793E-7
1000 2 3 iAF1260.cmd 7,4693675213E-7
1000 2 3 iJN1463.cmd 7,5789653405E-7
1000 12 2 iAF1260.cmd 4,8112544096E-8
1000 12 2 iJN1463.cmd 2,1208493376E-7
1000 1 1 iAF1260.cmd 5,8745920564E-7
1000 1 1 iJN1463.cmd 6,2467597859E-7
1000 14 12 iAF1260.cmd 7,2103469259E-8
1000 14 12 iJN1463.cmd 2,1707395637E-7
1000 5 5 iAF1260.cmd 3,9209829276E-7
1000 5 5 iJN1463.cmd 4,6293238609E-7
1000 8 3 iAF1260.cmd 1,5038193518E-7
1000 8 3 iJN1463.cmd 2,5248170218E-7
1000 4 14 iAF1260.cmd 1,5836358533E-7
1000 4 14 iJN1463.cmd 2,5800377367E-7
1000 12 11 iAF1260.cmd 7,2126881439E-8
1000 12 11 iJN1463.cmd 2,0906592054E-7
1000 9 13 iAF1260.cmd 1,5453203162E-7
1000 9 13 iJN1463.cmd 2,5562405155E-7
1000 14 1 iAF1260.cmd 3,5829644097E-8
1000 14 1 iJN1463.cmd 2,1533995783E-7
1000 2 7 iAF1260.cmd 9,2433669336E-7
1000 2 7 iJN1463.cmd 9,4905188238E-7
1000 14 8 iAF1260.cmd 4,1196601924E-8
1000 14 8 iJN1463.cmd 1,7405491518E-7
1000 9 2 iAF1260.cmd 9,2624411869E-8
1000 9 2 iJN1463.cmd 2,1709923212E-7
1000 0 1 iAF1260.cmd 4,5258499268E-7
1000 0 1 iJN1463.cmd 5,752297655E-7
1000 0 3 iAF1260.cmd 4,9746350369E-7
1000 0 3 iJN1463.cmd 6,3459737655E-7
1000 1 0 iAF1260.cmd 5,6548015549E-7
1000 1 0 iJN1463.cmd 5,9795928745E-7
1000 1 2 iAF1260.cmd 6,2367324773E-7
1000 1 2 iJN1463.cmd 6,6750980121E-7
1000 1 4 iAF1260.cmd 6,7667075672E-7
1000 1 4 iJN1463.cmd 7,2766434063E-7
1000 1 5 iAF1260.cmd 6,8559659889E-7
1000 1 5 iJN1463.cmd 7,3582755958E-7
1000 2 1 iAF1260.cmd 6,370935432E-7
1000 2 1 iJN1463.cmd 6,3741037159E-7
1000 2 2 iAF1260.cmd 6,9868603412E-7
1000 2 2 iJN1463.cmd 7,0359518391E-7
1000 2 4 iAF1260.cmd 7,7071016683E-7
1000 2 4 iJN1463.cmd 7,8882718048E-7
1000 2 6 iAF1260.cmd 8,1839341743E-7
1000 2 6 iJN1463.cmd 8,4657287509E-7
1000 2 8 iAF1260.cmd 9,3525744818E-7
1000 2 8 iJN1463.cmd 9,6148984769E-7
1000 3 3 iAF1260.cmd 7,7902042569E-7
1000 3 3 iJN1463.cmd 7,7809840774E-7
1000 3 5 iAF1260.cmd 7,4997047776E-7
1000 3 5 iJN1463.cmd 7,801473955E-7
1000 3 7 iAF1260.cmd 9,0012426364E-7
1000 3 7 iJN1463.cmd 9,3025725921E-7
1000 3 14 iAF1260.cmd 2,7522258931E-7
1000 3 14 iJN1463.cmd 3,8299954458E-7
1000 4 5 iAF1260.cmd 5,841052839E-7
1000 4 5 iJN1463.cmd 6,376165494E-7
1000 5 4 iAF1260.cmd 3,159254953E-7
1000 5 4 iJN1463.cmd 3,9956107047E-7
1000 5 6 iAF1260.cmd 3,7232784944E-7
1000 5 6 iJN1463.cmd 4,3414874592E-7
1000 5 14 iAF1260.cmd 1,7130715486E-7
1000 5 14 iJN1463.cmd 2,6174281724E-7
1000 6 5 iAF1260.cmd 2,9697036431E-7
1000 6 5 iJN1463.cmd 3,7229721257E-7
1000 7 3 iAF1260.cmd 1,7533383206E-7
1000 7 3 iJN1463.cmd 2,6488856511E-7
1000 8 2 iAF1260.cmd 1,3680403817E-7
1000 8 2 iJN1463.cmd 2,4466793039E-7
1000 8 4 iAF1260.cmd 1,410083079E-7
1000 8 4 iJN1463.cmd 2,2948365596E-7
1000 8 13 iAF1260.cmd 1,8170526614E-7
1000 8 13 iJN1463.cmd 2,7158375437E-7
1000 9 1 iAF1260.cmd 7,7986201554E-8
1000 9 1 iJN1463.cmd 1,945230537E-7
1000 9 12 iAF1260.cmd 1,5698141295E-7
1000 9 12 iJN1463.cmd 2,6195701975E-7
1000 9 14 iAF1260.cmd 1,2386709124E-7
1000 9 14 iJN1463.cmd 2,3798480859E-7
1000 10 2 iAF1260.cmd 6,3260479031E-8
1000 10 2 iJN1463.cmd 1,944532628E-7
1000 10 13 iAF1260.cmd 1,3680910521E-7
1000 10 13 iJN1463.cmd 2,3951602427E-7
1000 11 2 iAF1260.cmd 5,0071383466E-8
1000 11 2 iJN1463.cmd 1,8999195435E-7
1000 12 1 iAF1260.cmd 4,5676763144E-8
1000 12 1 iJN1463.cmd 2,1082940854E-7
1000 12 10 iAF1260.cmd 5,5177264791E-8
1000 12 10 iJN1463.cmd 1,7984557532E-7
1000 12 12 iAF1260.cmd 8,6600638324E-8
1000 12 12 iJN1463.cmd 2,1252042204E-7
1000 13 1 iAF1260.cmd 4,0357166144E-8
1000 13 1 iJN1463.cmd 2,1984305765E-7
1000 13 8 iAF1260.cmd 3,9723524754E-8
1000 13 8 iJN1463.cmd 1,6499233243E-7
1000 13 11 iAF1260.cmd 7,0396366546E-8
1000 13 11 iJN1463.cmd 2,1849472529E-7
1000 13 12 iAF1260.cmd 7,5518881481E-8
1000 13 12 iJN1463.cmd 2,127448266E-7
1000 14 0 iAF1260.cmd 3,7895767503E-8
1000 14 0 iJN1463.cmd 2,2499839415E-7
1000 14 2 iAF1260.cmd 2,8796806459E-8
1000 14 2 iJN1463.cmd 1,8300975481E-7
1000 14 7 iAF1260.cmd 3,010060227E-8
1000 14 7 iJN1463.cmd 1,3520110994E-7
1000 14 9 iAF1260.cmd 5,1402127402E-8
1000 14 9 iJN1463.cmd 1,9974508681E-7
1000 14 11 iAF1260.cmd 6,9616387069E-8
1000 14 11 iJN1463.cmd 2,2619056908E-7
1000 14 13 iAF1260.cmd 6,5491233012E-8
1000 14 13 iJN1463.cmd 1,9334491847E-7
1000 3 6 iAF1260.cmd 7,8182751651E-7
1000 3 6 iJN1463.cmd 8,1614736405E-7
1000 0 2 iAF1260.cmd 4,7617357944E-7
1000 0 2 iJN1463.cmd 6,0755483894E-7
1000 3 4 iAF1260.cmd 7,9033727543E-7
1000 3 4 iJN1463.cmd 8,029786692E-7
1000 1 6 iAF1260.cmd 6,9150662684E-7
1000 1 6 iJN1463.cmd 7,4033708593E-7
1000 7 2 iAF1260.cmd 1,6545444571E-7
1000 7 2 iJN1463.cmd 2,4486524394E-7
1000 0 4 iAF1260.cmd 5,0840310367E-7
1000 0 4 iJN1463.cmd 6,4555801391E-7
1000 3 2 iAF1260.cmd 7,1033745656E-7
1000 3 2 iJN1463.cmd 7,0335664642E-7
1000 4 6 iAF1260.cmd 5,8728112202E-7
1000 4 6 iJN1463.cmd 6,3946515403E-7
1000 6 4 iAF1260.cmd 2,4700386988E-7
1000 6 4 iJN1463.cmd 3,3226971056E-7
1000 10 1 iAF1260.cmd 6,2909705464E-8
1000 10 1 iJN1463.cmd 1,903347815E-7
1000 11 1 iAF1260.cmd 5,1520229708E-8
1000 11 1 iJN1463.cmd 1,9527103111E-7
1000 13 0 iAF1260.cmd 4,0264396495E-8
1000 13 0 iJN1463.cmd 2,1938353369E-7
1000 13 10 iAF1260.cmd 5,9647145317E-8
1000 13 10 iJN1463.cmd 2,0470760485E-7
1000 13 13 iAF1260.cmd 6,760449446E-8
1000 13 13 iJN1463.cmd 1,8878824668E-7
1000 14 10 iAF1260.cmd 6,1276949227E-8
1000 14 10 iJN1463.cmd 2,1774705405E-7
1000 0 0 iAF1260.cmd 4,3752085693E-7
1000 0 0 iJN1463.cmd 5,537072591E-7
1000 2 0 iAF1260.cmd 6,046445646E-7
1000 2 0 iJN1463.cmd 6,0124863774E-7
1000 6 6 iAF1260.cmd 2,6119404247E-7
1000 6 6 iJN1463.cmd 3,2322711156E-7
1000 7 4 iAF1260.cmd 1,8719211244E-7
1000 7 4 iJN1463.cmd 2,7725774465E-7
1000 10 12 iAF1260.cmd 1,4495365515E-7
1000 10 12 iJN1463.cmd 2,4629486742E-7
1000 13 7 iAF1260.cmd 2,7130207321E-8
1000 13 7 iJN1463.cmd 1,180028582E-7
1000 13 9 iAF1260.cmd 4,9359358631E-8
1000 13 9 iJN1463.cmd 1,855444031E-7
1000 8 14 iAF1260.cmd 1,4206158598E-7
1000 8 14 iJN1463.cmd 2,5213766838E-7
1000 10 14 iAF1260.cmd 1,0137846461E-7
1000 10 14 iJN1463.cmd 2,1142820127E-7
1000 12 0 iAF1260.cmd 4,4372881004E-8
1000 12 0 iJN1463.cmd 2,0572907295E-7
1000 0 5 iAF1260.cmd 5,0316872024E-7
1000 0 5 iJN1463.cmd 6,3622823303E-7
1000 1 8 iAF1260.cmd 7,9579234914E-7
1000 1 8 iJN1463.cmd 8,4665967958E-7
1000 2 9 iAF1260.cmd 9,3105082023E-7
1000 2 9 iJN1463.cmd 9,6495887838E-7
1000 3 1 iAF1260.cmd 5,942871625E-7
1000 3 1 iJN1463.cmd 5,8485477883E-7
1000 6 3 iAF1260.cmd 2,0029916338E-7
1000 6 3 iJN1463.cmd 2,8074397156E-7
1000 8 5 iAF1260.cmd 9,1237687955E-8
1000 8 5 iJN1463.cmd 1,4976694348E-7
1000 9 0 iAF1260.cmd 8,1626845966E-8
1000 9 0 iJN1463.cmd 1,7494941817E-7
1000 10 3 iAF1260.cmd 4,9570559644E-8
1000 10 3 iJN1463.cmd 1,7176272086E-7
1000 11 3 iAF1260.cmd 3,9340431467E-8
1000 11 3 iJN1463.cmd 1,4830235883E-7
1000 11 12 iAF1260.cmd 1,2107806993E-7
1000 11 12 iJN1463.cmd 2,3416837992E-7
1000 12 9 iAF1260.cmd 4,5440652046E-8
1000 12 9 iJN1463.cmd 1,5777143886E-7
1000 12 13 iAF1260.cmd 7,1850191297E-8
1000 12 13 iJN1463.cmd 1,8525171328E-7
1000 14 3 iAF1260.cmd 2,1346324117E-8
1000 14 3 iJN1463.cmd 1,3683803207E-7
1000 14 6 iAF1260.cmd 2,1207578175E-8
1000 14 6 iJN1463.cmd 1,0130943281E-7
1000 14 14 iAF1260.cmd 5,3322856352E-8
1000 14 14 iJN1463.cmd 1,7310443318E-7
1000 4 3 iAF1260.cmd 8,0889506406E-7
1000 4 3 iJN1463.cmd 8,00420043E-7
1000 5 7 iAF1260.cmd 2,5275058043E-7
1000 5 7 iJN1463.cmd 3,0925525074E-7
1000 7 13 iAF1260.cmd 2,1967679728E-7
1000 7 13 iJN1463.cmd 2,9507836648E-7
1000 11 10 iAF1260.cmd 4,2870983122E-8
1000 11 10 iJN1463.cmd 1,4030610359E-7
1000 0 6 iAF1260.cmd 4,7200124041E-7
1000 0 6 iJN1463.cmd 6,0383221274E-7
1000 6 2 iAF1260.cmd 1,9547011945E-7
1000 6 2 iJN1463.cmd 2,5332787769E-7
1000 7 1 iAF1260.cmd 1,6935842113E-7
1000 7 1 iJN1463.cmd 2,2149351622E-7
1000 11 0 iAF1260.cmd 5,0995318386E-8
1000 11 0 iJN1463.cmd 1,8924231157E-7
1000 10 0 iAF1260.cmd 6,2969046901E-8
1000 10 0 iJN1463.cmd 1,7922563091E-7
1000 3 0 iAF1260.cmd 5,5256307644E-7
1000 3 0 iJN1463.cmd 5,4142700718E-7
1000 13 6 iAF1260.cmd 1,9301212514E-8
1000 13 6 iJN1463.cmd 8,7681098471E-8
1000 6 7 iAF1260.cmd 2,2125422462E-7
1000 6 7 iJN1463.cmd 2,7698456848E-7
1000 13 14 iAF1260.cmd 5,4431005439E-8
1000 13 14 iJN1463.cmd 1,6841788133E-7
1000 10 11 iAF1260.cmd 1,4669162436E-7
1000 10 11 iJN1463.cmd 2,4055246962E-7
1000 12 7 iAF1260.cmd 2,0310704131E-8
1000 12 7 iJN1463.cmd 7,9586267177E-8
1000 1 9 iAF1260.cmd 7,8961268149E-7
1000 1 9 iJN1463.cmd 8,4569111514E-7
1000 7 6 iAF1260.cmd 1,6713713095E-7
1000 7 6 iJN1463.cmd 2,1957873152E-7
1000 11 9 iAF1260.cmd 3,3141050289E-8
1000 11 9 iJN1463.cmd 1,0610907972E-7
1000 7 14 iAF1260.cmd 1,580098131E-7
1000 7 14 iJN1463.cmd 2,5914501266E-7
1000 12 14 iAF1260.cmd 5,8041175533E-8
1000 12 14 iJN1463.cmd 1,6511786899E-7
1000 11 4 iAF1260.cmd 2,2537491433E-8
1000 11 4 iJN1463.cmd 8,6334060438E-8
1000 14 4 iAF1260.cmd 1,5489060224E-8
1000 14 4 iJN1463.cmd 9,1593917721E-8
1000 0 8 iAF1260.cmd 5,0604281419E-7
1000 0 8 iJN1463.cmd 6,4391095718E-7
1000 2 10 iAF1260.cmd 8,7534807552E-7
1000 2 10 iJN1463.cmd 9,1765128884E-7
1000 3 9 iAF1260.cmd 9,7757316436E-7
1000 3 9 iJN1463.cmd 1,0144135008E-6
1000 4 1 iAF1260.cmd 4,3746419533E-7
1000 4 1 iJN1463.cmd 4,3567713769E-7
1000 8 6 iAF1260.cmd 8,7968074944E-8
1000 8 6 iJN1463.cmd 1,3265616421E-7
1000 9 5 iAF1260.cmd 5,3577759773E-8
1000 9 5 iJN1463.cmd 9,5010366881E-8
1000 8 0 iAF1260.cmd 1,0962213136E-7
1000 8 0 iJN1463.cmd 1,7035327403E-7
1000 14 5 iAF1260.cmd 1,5900696275E-8
1000 14 5 iJN1463.cmd 8,3497660927E-8
1000 5 8 iAF1260.cmd 1,8284435159E-7
1000 5 8 iJN1463.cmd 2,3329755394E-7
1000 6 13 iAF1260.cmd 2,5254816231E-7
1000 6 13 iJN1463.cmd 3,2039692944E-7
1000 7 12 iAF1260.cmd 2,5541501355E-7
1000 7 12 iJN1463.cmd 3,1689095649E-7
1000 11 14 iAF1260.cmd 6,742611151E-8
1000 11 14 iJN1463.cmd 1,7110069343E-7
1000 6 1 iAF1260.cmd 2,1009926583E-7
1000 6 1 iJN1463.cmd 2,4755652178E-7
1000 12 6 iAF1260.cmd 1,7317346038E-8
1000 12 6 iJN1463.cmd 6,8200074384E-8
1000 5 2 iAF1260.cmd 2,279863332E-7
1000 5 2 iJN1463.cmd 2,630225841E-7
1000 4 0 iAF1260.cmd 4,3021899269E-7
1000 4 0 iJN1463.cmd 4,2589075075E-7
1000 7 0 iAF1260.cmd 1,556810192E-7
1000 7 0 iJN1463.cmd 1,9889741795E-7
1000 13 5 iAF1260.cmd 1,4647528494E-8
1000 13 5 iJN1463.cmd 7,1133268144E-8
1000 6 8 iAF1260.cmd 1,7069042197E-7
1000 6 8 iJN1463.cmd 2,1837723831E-7
1000 0 7 iAF1260.cmd 3,8933673206E-7
1000 0 7 iJN1463.cmd 5,4079105862E-7
1000 1 10 iAF1260.cmd 7,4983651304E-7
1000 1 10 iJN1463.cmd 8,1169005009E-7
1000 0 9 iAF1260.cmd 5,2947493178E-7
1000 0 9 iJN1463.cmd 6,696634977E-7
1000 3 10 iAF1260.cmd 9,0363428387E-7
1000 3 10 iJN1463.cmd 9,478743081E-7
1000 6 14 iAF1260.cmd 1,6853330761E-7
1000 6 14 iJN1463.cmd 2,6194005678E-7
1000 9 6 iAF1260.cmd 4,9980413941E-8
1000 9 6 iJN1463.cmd 8,5157856787E-8
1000 10 9 iAF1260.cmd 2,5203352825E-8
1000 10 9 iJN1463.cmd 6,807602599E-8
1000 11 7 iAF1260.cmd 2,0846665266E-8
1000 11 7 iJN1463.cmd 6,2421397525E-8
1000 11 8 iAF1260.cmd 2,4076623725E-8
1000 11 8 iJN1463.cmd 7,0213199067E-8
1000 6 12 iAF1260.cmd 2,9979606054E-7
1000 6 12 iJN1463.cmd 3,6067189472E-7
1000 5 1 iAF1260.cmd 2,8903499157E-7
1000 5 1 iJN1463.cmd 3,0741969506E-7
1000 2 11 iAF1260.cmd 7,8030184649E-7
1000 2 11 iJN1463.cmd 8,3009911009E-7
1000 5 13 iAF1260.cmd 2,8516762262E-7
1000 5 13 iJN1463.cmd 3,4973955088E-7
1000 8 7 iAF1260.cmd 5,930277567E-8
1000 8 7 iJN1463.cmd 9,3552849266E-8
1000 13 4 iAF1260.cmd 1,310764967E-8
1000 13 4 iJN1463.cmd 6,8924735516E-8
1000 7 11 iAF1260.cmd 2,3225375176E-7
1000 7 11 iJN1463.cmd 2,8769348466E-7
1000 10 5 iAF1260.cmd 3,0952886554E-8
1000 10 5 iJN1463.cmd 6,6721334152E-8
1000 4 8 iAF1260.cmd 1,5246447178E-7
1000 4 8 iJN1463.cmd 2,0004648107E-7
1000 11 5 iAF1260.cmd 2,0154815414E-8
1000 11 5 iJN1463.cmd 6,3299928192E-8
1000 12 4 iAF1260.cmd 1,4716137424E-8
1000 12 4 iJN1463.cmd 6,4953310659E-8
1000 6 0 iAF1260.cmd 2,1376897913E-7
1000 6 0 iJN1463.cmd 2,4123565851E-7
1000 12 5 iAF1260.cmd 1,5115359969E-8
1000 12 5 iJN1463.cmd 6,1783198512E-8
1000 5 0 iAF1260.cmd 3,0342878512E-7
1000 5 0 iJN1463.cmd 3,1436218784E-7
1000 0 10 iAF1260.cmd 5,0156947328E-7
1000 0 10 iJN1463.cmd 6,432323306E-7
1000 11 6 iAF1260.cmd 1,9954264174E-8
1000 11 6 iJN1463.cmd 5,9126733626E-8
1000 1 11 iAF1260.cmd 6,8273953449E-7
1000 1 11 iJN1463.cmd 7,4779914177E-7
1000 6 9 iAF1260.cmd 1,7973981522E-7
1000 6 9 iJN1463.cmd 2,2802821434E-7
1000 7 8 iAF1260.cmd 1,2389740311E-7
1000 7 8 iJN1463.cmd 1,643205593E-7
1000 3 11 iAF1260.cmd 7,4964360961E-7
1000 3 11 iJN1463.cmd 8,0451354003E-7
1000 5 12 iAF1260.cmd 3,8656361108E-7
1000 5 12 iJN1463.cmd 4,4895932271E-7
1000 10 8 iAF1260.cmd 2,5613212011E-8
1000 10 8 iJN1463.cmd 6,0612451594E-8
1000 6 11 iAF1260.cmd 2,8757709941E-7
1000 6 11 iJN1463.cmd 3,4595273221E-7
1000 10 6 iAF1260.cmd 2,9312485149E-8
1000 10 6 iJN1463.cmd 6,2235320832E-8
1000 9 7 iAF1260.cmd 3,9347680326E-8
1000 9 7 iJN1463.cmd 7,0503090002E-8
1000 2 12 iAF1260.cmd 6,8031787688E-7
1000 2 12 iJN1463.cmd 7,3407251707E-7
1000 10 7 iAF1260.cmd 2,6390898922E-8
1000 10 7 iJN1463.cmd 5,8734369264E-8
1000 9 9 iAF1260.cmd 2,5323254187E-8
1000 9 9 iJN1463.cmd 5,6626258397E-8
1000 7 10 iAF1260.cmd 1,9755384262E-7
1000 7 10 iJN1463.cmd 2,4885242239E-7
1000 8 8 iAF1260.cmd 6,6773085347E-8
1000 8 8 iJN1463.cmd 9,9668338584E-8
1000 8 11 iAF1260.cmd 1,9795913566E-7
1000 8 11 iJN1463.cmd 2,5060646637E-7
1000 0 11 iAF1260.cmd 4,4591879224E-7
1000 0 11 iJN1463.cmd 5,835642997E-7
1000 7 9 iAF1260.cmd 1,5870334696E-7
1000 7 9 iJN1463.cmd 2,0414291684E-7
1000 6 10 iAF1260.cmd 2,3641092632E-7
1000 6 10 iJN1463.cmd 2,9107317272E-7
1000 1 12 iAF1260.cmd 5,970793755E-7
1000 1 12 iJN1463.cmd 6,6181213415E-7
1000 5 11 iAF1260.cmd 3,8740873091E-7
1000 5 11 iJN1463.cmd 4,4994046639E-7
1000 3 12 iAF1260.cmd 6,5466202353E-7
1000 3 12 iJN1463.cmd 7,1342873755E-7
1000 9 8 iAF1260.cmd 3,5711963748E-8
1000 9 8 iJN1463.cmd 6,6259406846E-8
1000 4 11 iAF1260.cmd 5,7316300773E-7
1000 4 11 iJN1463.cmd 6,3702471383E-7
1000 4 12 iAF1260.cmd 5,5155894066E-7
1000 4 12 iJN1463.cmd 6,1582336157E-7
1000 8 10 iAF1260.cmd 1,8503994695E-7
1000 8 10 iJN1463.cmd 2,3630011852E-7
1000 2 13 iAF1260.cmd 5,4049525602E-7
1000 2 13 iJN1463.cmd 6,039323799E-7
1000 5 10 iAF1260.cmd 3,0164244671E-7
1000 5 10 iJN1463.cmd 3,623404481E-7
1000 0 12 iAF1260.cmd 3,7366554996E-7
1000 0 12 iJN1463.cmd 5,0112184963E-7
1000 1 13 iAF1260.cmd 4,7196147177E-7
1000 1 13 iJN1463.cmd 5,4129773666E-7
1000 3 13 iAF1260.cmd 5,3705704105E-7
1000 3 13 iJN1463.cmd 6,0258862089E-7
1000 2 14 iAF1260.cmd 2,9952456117E-7
1000 2 14 iJN1463.cmd 4,1103701108E-7
1000 0 13 iAF1260.cmd 2,8328821115E-7
1000 0 13 iJN1463.cmd 3,9871165355E-7
1000 1 14 iAF1260.cmd 2,6198781394E-7
1000 1 14 iJN1463.cmd 3,7116576919E-7
1000 0 14 iAF1260.cmd 1,8753247278E-7
1000 0 14 iJN1463.cmd 3,0074196258E-7
