0	1,5E-8	1,5E-7
1	1,5743191375E-8	1,5745825544E-7
2	1,6584764055E-8	1,6530694201E-7
3	1,7650466634E-8	1,7420293453E-7
4	1,8834899325E-8	1,8377885242E-7
5	2,0138758596E-8	1,9409640711E-7
6	2,1555028203E-8	2,0518382757E-7
7	2,3084202929E-8	2,1705615539E-7
8	2,472868071E-8	2,2975803868E-7
9	2,6497509011E-8	2,4330067797E-7
10	2,8404391418E-8	2,5771257977E-7
11	3,0453360565E-8	2,7301146959E-7
12	3,2652131875E-8	2,8924554141E-7
13	3,5011719569E-8	3,0647163153E-7
14	3,75439521E-8	3,2475001398E-7
15	4,0261531963E-8	3,4414460723E-7
16	4,3178100087E-8	3,6472319337E-7
17	4,6308305059E-8	3,8655765058E-7
18	4,9667877521E-8	4,097241996E-7
19	5,3273710088E-8	4,343036651E-7
20	5,7143943202E-8	4,6038175265E-7
21	6,129805732E-8	4,880493424E-7
22	6,5756971919E-8	5,1740280036E-7
23	7,054315179E-8	5,4854430832E-7
24	7,5785853723E-8	5,8158221352E-7
25	8,1422630043E-8	6,1663139925E-7
26	8,7482513046E-8	6,5383869391E-7
27	9,3997122965E-8	6,9336591252E-7
28	1,008873533E-7	7,3522058252E-7
29	1,0806199357E-7	7,7938575576E-7
30	1,1561881362E-7	8,2599694242E-7
31	1,2361346872E-7	8,7513421403E-7
32	1,3207132074E-7	9,2683376743E-7
33	1,4120584424E-7	9,8112792404E-7
34	1,5126145222E-7	1,0384054692E-6
35	1,622280181E-7	1,0987743264E-6
36	1,7380998692E-7	1,1621668929E-6
37	1,8599560327E-7	1,2286798866E-6
38	1,98762069E-7	1,2984889457E-6
39	2,1195706277E-7	1,3718829356E-6
40	2,254750942E-7	1,4490685002E-6
41	2,3927387539E-7	1,5300293117E-6
42	2,5340324838E-7	1,61478793E-6
43	2,6796006136E-7	1,7038090975E-6
44	2,8303277849E-7	1,7970660781E-6
45	2,9868650868E-7	1,8947704202E-6
46	3,1496006909E-7	1,9971900705E-6
47	3,3188327313E-7	2,1046384576E-6
48	3,494577854E-7	2,2173923837E-6
49	3,6768436944E-7	2,3357660349E-6
50	3,8659217973E-7	2,4601250366E-6
51	4,0624787925E-7	2,5908540275E-6
52	4,2672200692E-7	2,7283378445E-6
53	4,4807841643E-7	2,8729754819E-6
54	4,7038559429E-7	3,0251609752E-6
55	4,9363255728E-7	3,185149686E-6
56	5,177476596E-7	3,3530940549E-6
57	5,4277584112E-7	3,5293342888E-6
58	5,6874689768E-7	3,7142468801E-6
59	5,9573614534E-7	3,9082602995E-6
60	6,2380219941E-7	4,111882E-6
61	6,5290982693E-7	4,3254925894E-6
62	6,8292407193E-7	4,5495580724E-6
63	7,1369213378E-7	4,784139422E-6
64	7,4516042599E-7	5,0295610996E-6
65	7,7730361681E-7	5,2859596446E-6
66	8,1019831831E-7	5,553328896E-6
67	8,4387849445E-7	5,8321648742E-6
68	8,7834097484E-7	6,1224791678E-6
69	9,1362006522E-7	6,4243816869E-6
70	9,4949677458E-7	6,738377063E-6
71	9,8612848246E-7	7,0643492857E-6
72	1,0236582181E-6	7,4026569983E-6
73	1,0621894031E-6	7,7540179962E-6
74	1,1017625674E-6	8,1191119478E-6
75	1,1423020306E-6	8,4983898367E-6
76	1,1836513132E-6	8,8919264085E-6
77	1,2257280738E-6	9,2998049591E-6
78	1,268485245E-6	9,7225270317E-6
79	1,3120844241E-6	1,0160667561E-5
80	1,3565070074E-6	1,0614962575E-5
81	1,4020109288E-6	1,1086138243E-5
82	1,448536665E-6	1,1574454347E-5
83	1,4959810975E-6	1,2080574317E-5
84	1,5442765174E-6	1,2604930179E-5
85	1,5932722504E-6	1,3146585002E-5
86	1,643367283E-6	1,3706046578E-5
87	1,6945968794E-6	1,4283838749E-5
88	1,7463435103E-6	1,4878498619E-5
89	1,7988706518E-6	1,5489043713E-5
90	1,8526372052E-6	1,6113667506E-5
91	1,9073257899E-6	1,6750136023E-5
92	1,9631086956E-6	1,739109921E-5
93	2,0196174221E-6	1,8029214063E-5
94	2,077257576E-6	1,8657896527E-5
95	2,1356842951E-6	1,9268623233E-5
96	2,1947060257E-6	1,985817942E-5
97	2,253972024E-6	2,0424589195E-5
98	2,3139422019E-6	2,0965339344E-5
99	2,3741455839E-6	2,1473044226E-5
100	2,4346658202E-6	2,1929342812E-5
101	2,4944246943E-6	2,2335887899E-5
102	2,5539428821E-6	2,2702697943E-5
103	2,6130260921E-6	2,3031439374E-5
104	2,671538192E-6	2,3327784399E-5
105	2,7292800214E-6	2,3597130687E-5
106	2,7873806354E-6	2,384187353E-5
107	2,84387134E-6	2,4072486528E-5
108	2,9016455798E-6	2,4282161716E-5
109	2,9583685476E-6	2,4484563292E-5
110	3,0154751303E-6	2,4679411769E-5
111	3,0725386923E-6	2,4879064208E-5
112	3,1288638412E-6	2,5070236837E-5
113	3,1856047182E-6	2,5242863515E-5
114	3,2445312641E-6	2,5409203262E-5
115	3,3026987564E-6	2,5582368619E-5
116	3,3616224974E-6	2,5751243111E-5
117	3,4206117147E-6	2,5914870912E-5
118	3,482101365E-6	2,6076773502E-5
119	3,5448853858E-6	2,6233569669E-5
120	3,6055374672E-6	2,6401335295E-5
121	3,6676868636E-6	2,6563453727E-5
122	3,7303724536E-6	2,6721619665E-5
123	3,7939405219E-6	2,6877471253E-5
124	3,8559101463E-6	2,703289808E-5
125	3,9185639492E-6	2,7189140748E-5
126	3,9817642737E-6	2,7348731808E-5
127	4,0442502326E-6	2,7507679982E-5
128	4,1077380839E-6	2,7657617137E-5
129	4,1722396326E-6	2,7813765797E-5
130	4,2373194419E-6	2,7967397817E-5
131	4,3025390471E-6	2,812239314E-5
132	4,3678873033E-6	2,8272399438E-5
133	4,4359195866E-6	2,8426338384E-5
134	4,5046881883E-6	2,8570239316E-5
135	4,5732491532E-6	2,8722204262E-5
136	4,6400501292E-6	2,8876857478E-5
137	4,7082874256E-6	2,9025449967E-5
138	4,7760937307E-6	2,9174599317E-5
139	4,8454694913E-6	2,9316481095E-5
140	4,9156772455E-6	2,9463368797E-5
141	4,9873973301E-6	2,9607395092E-5
142	5,0570275269E-6	2,9753513574E-5
143	5,1304777199E-6	2,9892740979E-5
144	5,2002876502E-6	3,0039531425E-5
145	5,2694682959E-6	3,0185143787E-5
146	5,3377584251E-6	3,0329982973E-5
147	5,4077034973E-6	3,0473347335E-5
148	5,4810813715E-6	3,0611144044E-5
149	5,5551446693E-6	3,0750627594E-5
150	5,6286314931E-6	3,0890780937E-5
151	5,7024794067E-6	3,1030366833E-5
152	5,7740311267E-6	3,1172989225E-5
153	5,845686116E-6	3,1315191009E-5
154	5,9200622524E-6	3,1455096302E-5
155	5,9954663363E-6	3,1593223569E-5
156	6,0719209774E-6	3,1731102261E-5
157	6,1485034132E-6	3,1868326632E-5
158	6,2243269038E-6	3,2003628841E-5
159	6,3010268599E-6	3,213985786E-5
160	6,3766475137E-6	3,227832774E-5
161	6,4499264983E-6	3,2419699553E-5
162	6,5268914347E-6	3,2556716224E-5
163	6,6003622979E-6	3,2698218626E-5
164	6,6666277533E-6	3,2848214809E-5
165	6,7386685325E-6	3,2987010941E-5
166	6,8097142842E-6	3,3127797809E-5
167	6,8798033717E-6	3,3273107428E-5
168	6,9500953128E-6	3,3414947427E-5
169	7,0260189001E-6	3,3549434063E-5
170	7,1035598772E-6	3,3683220655E-5
171	7,1812997968E-6	3,3815704276E-5
172	7,2562731318E-6	3,3951748312E-5
173	7,328940757E-6	3,4090132918E-5
174	7,398474725E-6	3,423427772E-5
175	7,4742577285E-6	3,4367718585E-5
176	7,5469829474E-6	3,4506387655E-5
177	7,6165044099E-6	3,4647921001E-5
178	7,6905372438E-6	3,4785229646E-5
179	7,7647206084E-6	3,4921854989E-5
180	7,8388103029E-6	3,5056715254E-5
181	7,9134317975E-6	3,5191355158E-5
182	7,988980903E-6	3,5326144058E-5
183	8,0669773057E-6	3,5456506287E-5
184	8,142612839E-6	3,559228424E-5
185	8,220420884E-6	3,5724065168E-5
186	8,2924656522E-6	3,5860622799E-5
187	8,3702549457E-6	3,5988756435E-5
188	8,4411048984E-6	3,612382532E-5
189	8,5191982692E-6	3,6254598164E-5
190	8,5993426951E-6	3,6381782497E-5
191	8,676889164E-6	3,6510527202E-5
192	8,7498839999E-6	3,6644982874E-5
193	8,8253622571E-6	3,6777562898E-5
194	8,9019701074E-6	3,6909922744E-5
195	8,9778284284E-6	3,7040620887E-5
196	9,0577025125E-6	3,7165949992E-5
197	9,1367927274E-6	3,729375086E-5
198	9,2056985006E-6	3,7430486553E-5
199	9,2777614758E-6	3,756347238E-5
200	9,350265686E-6	3,7694872946E-5
201	9,4259548319E-6	3,7825926054E-5
202	9,5012680897E-6	3,795439051E-5
203	9,575230414E-6	3,8085625588E-5
204	9,6487999466E-6	3,8216200051E-5
205	9,7267725242E-6	3,8346697106E-5
206	9,8043728561E-6	3,8473150746E-5
207	9,8858501956E-6	3,8595195233E-5
208	9,9648014209E-6	3,8718997295E-5
209	1,0041819213E-5	3,8847797093E-5
210	1,0121019328E-5	3,8980968788E-5
211	1,0200154169E-5	3,9104474763E-5
212	1,027939492E-5	3,9231371155E-5
213	1,0361419737E-5	3,9352149263E-5
214	1,0436690387E-5	3,9479004544E-5
215	1,0513058442E-5	3,9607014073E-5
216	1,059481714E-5	3,972923313E-5
217	1,0675267552E-5	3,9848511289E-5
218	1,075193486E-5	3,9969737651E-5
219	1,0826164576E-5	4,009662124E-5
220	1,0904908883E-5	4,0229207072E-5
221	1,0981447165E-5	4,0359024947E-5
222	1,1060841527E-5	4,0483652775E-5
223	1,1136807157E-5	4,0608770754E-5
224	1,1213641945E-5	4,0733885698E-5
225	1,1290059146E-5	4,0858153762E-5
226	1,136886418E-5	4,0982689531E-5
227	1,144414446E-5	4,1110436375E-5
228	1,1518267878E-5	4,1235465172E-5
229	1,1594713056E-5	4,135658186E-5
230	1,1671659133E-5	4,1477400104E-5
231	1,175069799E-5	4,1596935816E-5
232	1,1831673841E-5	4,1712128715E-5
233	1,1909258757E-5	4,1832368463E-5
234	1,1993271261E-5	4,1944572033E-5
235	1,2074377812E-5	4,2060807094E-5
236	1,2156296234E-5	4,2174844189E-5
237	1,2236641433E-5	4,2290450983E-5
238	1,2313094817E-5	4,240889609E-5
239	1,2396510566E-5	4,2524894535E-5
240	1,2478201955E-5	4,2641928501E-5
241	1,2554220409E-5	4,2762626946E-5
242	1,2630474365E-5	4,2884294347E-5
243	1,2706687236E-5	4,3003650504E-5
244	1,278826544E-5	4,3117378741E-5
245	1,2868442503E-5	4,3231681195E-5
246	1,2946530663E-5	4,3346313327E-5
247	1,3030488109E-5	4,3458213833E-5
248	1,311593618E-5	4,3567548486E-5
249	1,3200540441E-5	4,3677494241E-5
250	1,328039738E-5	4,3793463075E-5
251	1,3356299823E-5	4,3909092251E-5
252	1,3438475671E-5	4,4018154539E-5
253	1,3514629362E-5	4,4131818308E-5
254	1,3589078457E-5	4,4245609053E-5
255	1,3664959885E-5	4,4359162426E-5
256	1,3748650423E-5	4,4465661219E-5
257	1,3826990324E-5	4,4576306383E-5
258	1,3902566739E-5	4,4688709596E-5
259	1,3977121846E-5	4,4804667324E-5
260	1,4051535456E-5	4,4918253519E-5
261	1,4126007533E-5	4,5030745855E-5
262	1,4200242314E-5	4,5145177241E-5
263	1,4274592993E-5	4,5257711759E-5
264	1,4348670002E-5	4,5369412772E-5
265	1,442260474E-5	4,548051537E-5
266	1,450303742E-5	4,5588228938E-5
267	1,4578367776E-5	4,5699177589E-5
268	1,465047255E-5	4,5812141596E-5
269	1,4727642033E-5	4,5918249823E-5
270	1,4806969904E-5	4,6023319386E-5
271	1,4879198638E-5	4,6133904887E-5
272	1,4955011209E-5	4,6241745866E-5
273	1,5029276256E-5	4,6351244672E-5
274	1,5111848693E-5	4,6456729406E-5
275	1,518583981E-5	4,6565807041E-5
276	1,5260113951E-5	4,6673802688E-5
277	1,5336249426E-5	4,6779790138E-5
278	1,5414395402E-5	4,6883638337E-5
279	1,5500072759E-5	4,6983916388E-5
280	1,5581190546E-5	4,7086547173E-5
281	1,5658565027E-5	4,7190486227E-5
282	1,5732802761E-5	4,7298826671E-5
283	1,5806703221E-5	4,7407392985E-5
284	1,5880091616E-5	4,7510934126E-5
285	1,5961236449E-5	4,7610350544E-5
286	1,6042567416E-5	4,770988791E-5
287	1,611955587E-5	4,7812851613E-5
288	1,6195582112E-5	4,7916720762E-5
289	1,6270790964E-5	4,8021041837E-5
290	1,6345747237E-5	4,8125170588E-5
291	1,6419130537E-5	4,823001569E-5
292	1,6492157574E-5	4,8334667545E-5
293	1,6566301654E-5	4,8438149638E-5
294	1,664120262E-5	4,8540734495E-5
295	1,6716255245E-5	4,8642900067E-5
296	1,6791398625E-5	4,8744705153E-5
297	1,6864803975E-5	4,8845922888E-5
298	1,6938669941E-5	4,8946981548E-5
299	1,7012590865E-5	4,9048635878E-5
300	1,7088486547E-5	4,914873505E-5
301	1,7164484503E-5	4,9248876767E-5
302	1,7240448528E-5	4,9348124627E-5
303	1,7316495939E-5	4,9446763634E-5
304	1,7392765525E-5	4,9545002508E-5
305	1,746676316E-5	4,964460984E-5
306	1,7543131968E-5	4,9742159286E-5
307	1,7619991938E-5	4,9839054843E-5
308	1,769716584E-5	4,9935480011E-5
309	1,7774576412E-5	5,0031486456E-5
310	1,7852194372E-5	5,0127095131E-5
311	1,7929989479E-5	5,0222319271E-5
312	1,8007891183E-5	5,0317158029E-5
313	1,808587643E-5	5,0411419228E-5
314	1,816396112E-5	5,0505230073E-5
315	1,8242192089E-5	5,0598670128E-5
316	1,8320593546E-5	5,0691753682E-5
317	1,8399162893E-5	5,0784478473E-5
318	1,847790555E-5	5,0876854772E-5
319	1,8556807486E-5	5,096888759E-5
320	1,8635847371E-5	5,1060536773E-5
321	1,8715039731E-5	5,1151825509E-5
322	1,8794263623E-5	5,1242833609E-5
323	1,887273943E-5	5,1333806472E-5
324	1,8952086379E-5	5,1423581437E-5
325	1,9031419889E-5	5,1513048855E-5
326	1,9110684514E-5	5,1602062573E-5
327	1,9189926303E-5	5,1690474709E-5
328	1,9269279108E-5	5,1778488912E-5
329	1,9348760882E-5	5,1866087189E-5
330	1,9428292265E-5	5,1953190952E-5
331	1,950792137E-5	5,2039826997E-5
332	1,958766957E-5	5,2126013147E-5
333	1,9667541161E-5	5,2211758634E-5
334	1,9747535745E-5	5,2297076096E-5
335	1,9827651007E-5	5,238196714E-5
336	1,9907903484E-5	5,2466424875E-5
337	1,9988275888E-5	5,25504795E-5
338	2,0068729865E-5	5,263408085E-5
339	2,0149253709E-5	5,2717162528E-5
340	2,0229870107E-5	5,2799811867E-5
341	2,0310728014E-5	5,2882098367E-5
342	2,0391771691E-5	5,2963926285E-5
343	2,0472792002E-5	5,3045404872E-5
344	2,0553892599E-5	5,3126473553E-5
345	2,0635205418E-5	5,3205867442E-5
346	2,0717208442E-5	5,328520573E-5
347	2,0800482105E-5	5,3363251768E-5
348	2,0882898982E-5	5,3442154475E-5
349	2,0965008709E-5	5,3521628907E-5
350	2,1041393971E-5	5,3604687871E-5
351	2,1122599539E-5	5,3683824275E-5
352	2,120443594E-5	5,3762127914E-5
353	2,1286472133E-5	5,3840011936E-5
354	2,1368616125E-5	5,3917598638E-5
355	2,1450828883E-5	5,3994907988E-5
356	2,1533102798E-5	5,4071942848E-5
357	2,1615375636E-5	5,4148696166E-5
358	2,1697750819E-5	5,4225167502E-5
359	2,1779859416E-5	5,4301641386E-5
360	2,1858596246E-5	5,4378730729E-5
361	2,1935110564E-5	5,4459941742E-5
362	2,2016631736E-5	5,4535778441E-5
363	2,2098800233E-5	5,4610992781E-5
364	2,2181037202E-5	5,4684308365E-5
365	2,2262206693E-5	5,4757358688E-5
366	2,2340824857E-5	5,4831753949E-5
367	2,2415804242E-5	5,4909337459E-5
368	2,2497201389E-5	5,4983398392E-5
369	2,2578887817E-5	5,5056492898E-5
370	2,2654224963E-5	5,5134177792E-5
371	2,2741766771E-5	5,5210264592E-5
372	2,282522278E-5	5,5289694938E-5
373	2,2917841602E-5	5,5355302535E-5
374	2,2999358164E-5	5,5428913458E-5
375	2,3074678061E-5	5,5505325317E-5
376	2,3155709663E-5	5,5576555417E-5
377	2,3237032163E-5	5,5646978397E-5
378	2,3318406659E-5	5,5716949727E-5
379	2,3399791845E-5	5,5786586746E-5
380	2,3481151949E-5	5,585591717E-5
381	2,3562498304E-5	5,5924939348E-5
382	2,3643822633E-5	5,5993666652E-5
383	2,3725325504E-5	5,606147707E-5
384	2,3807628728E-5	5,6129395736E-5
385	2,3891379003E-5	5,6196009656E-5
386	2,3973130778E-5	5,6263427354E-5
387	2,4054472709E-5	5,6330719115E-5
388	2,4135087578E-5	5,6398246434E-5
389	2,4216079264E-5	5,6465161437E-5
390	2,4297186193E-5	5,6531682521E-5
391	2,4378397694E-5	5,6597888875E-5
392	2,4459589976E-5	5,666382557E-5
393	2,4541715434E-5	5,6728549591E-5
394	2,4622514862E-5	5,6792064968E-5
395	2,4701039817E-5	5,6859646645E-5
396	2,4782157408E-5	5,6924689792E-5
397	2,4863220404E-5	5,6989372098E-5
398	2,494416924E-5	5,7053827651E-5
399	2,5025040327E-5	5,7118060147E-5
400	2,5105842671E-5	5,7182081139E-5
401	2,5186577898E-5	5,7245901289E-5
402	2,5267251241E-5	5,730952221E-5
403	2,5348534897E-5	5,7372414863E-5
404	2,5429935072E-5	5,7435257497E-5
405	2,5512536246E-5	5,7497046722E-5
406	2,5598972267E-5	5,7555832454E-5
407	2,5687533946E-5	5,7612850274E-5
408	2,5769965498E-5	5,7674406468E-5
409	2,5850453894E-5	5,7736450401E-5
410	2,5930393342E-5	5,7798410573E-5
411	2,6011359622E-5	5,7861683054E-5
412	2,6086680887E-5	5,7928211892E-5
413	2,6166190729E-5	5,7989996677E-5
414	2,6245587618E-5	5,8051241071E-5
415	2,632677769E-5	5,8112645304E-5
416	2,6405873059E-5	5,8176489479E-5
417	2,6485686686E-5	5,8237167777E-5
418	2,6565033727E-5	5,8297441875E-5
419	2,6640621668E-5	5,8360088916E-5
420	2,6719255978E-5	5,8420092437E-5
421	2,6798021296E-5	5,8479667372E-5
422	2,6876707765E-5	5,8538977792E-5
423	2,695533688E-5	5,8598050274E-5
424	2,7032960974E-5	5,8657614099E-5
425	2,7111200902E-5	5,8716314012E-5
426	2,718938561E-5	5,8774766028E-5
427	2,7267548612E-5	5,8833013273E-5
428	2,7342470752E-5	5,8893741488E-5
429	2,7416864494E-5	5,8954614725E-5
430	2,7490994956E-5	5,9015333251E-5
431	2,7568694369E-5	5,9072864718E-5
432	2,7646553926E-5	5,9129911611E-5
433	2,7720908644E-5	5,918948029E-5
434	2,7792975998E-5	5,9252086116E-5
435	2,7865858097E-5	5,9313878328E-5
436	2,7938810373E-5	5,9375388322E-5
437	2,8011744481E-5	5,9436702142E-5
438	2,8084649553E-5	5,949783647E-5
439	2,815752268E-5	5,955879538E-5
440	2,8230364394E-5	5,9619578243E-5
441	2,8307627908E-5	5,9675512727E-5
442	2,8387894564E-5	5,973175525E-5
443	2,8469506654E-5	5,97879388E-5
444	2,8548626153E-5	5,9843079961E-5
445	2,8626702945E-5	5,9897940612E-5
446	2,8704456191E-5	5,9952622024E-5
447	2,8782114754E-5	6,000714429E-5
448	2,8865222606E-5	6,0057501032E-5
449	2,8945874365E-5	6,0116761771E-5
450	2,9026493652E-5	6,0170212584E-5
451	2,9105427045E-5	6,0224186346E-5
452	2,9182290188E-5	6,0278976385E-5
453	2,9264297294E-5	6,0328506487E-5
454	2,9347296701E-5	6,0377522481E-5
455	2,9429992088E-5	6,0426468931E-5
456	2,9510238682E-5	6,0477539318E-5
457	2,9588870604E-5	6,0530300347E-5
458	2,9665662209E-5	6,0582307399E-5
459	2,9741353613E-5	6,0633510168E-5
460	2,9818279022E-5	6,0685767433E-5
461	2,9895442685E-5	6,0738160351E-5
462	2,9972638774E-5	6,0790466796E-5
463	3,004981128E-5	6,0842633863E-5
464	3,0126946938E-5	6,0894647481E-5
465	3,0204099191E-5	6,0946546233E-5
466	3,0281176022E-5	6,0998265015E-5
467	3,0358197285E-5	6,10498119E-5
468	3,0435147909E-5	6,1101178887E-5
469	3,0512028965E-5	6,1152366936E-5
470	3,0588841194E-5	6,1203376168E-5
471	3,0665586539E-5	6,1254208596E-5
472	3,0742287521E-5	6,1304881293E-5
473	3,0818949457E-5	6,1355397227E-5
474	3,0895591259E-5	6,1405785051E-5
475	3,0972105924E-5	6,1455999798E-5
476	3,1053024496E-5	6,1501817392E-5
477	3,1134518866E-5	6,1547328777E-5
478	3,1212608738E-5	6,1596085207E-5
479	3,1289154394E-5	6,1645725434E-5
480	3,1364734153E-5	6,1694409E-5
481	3,1438280594E-5	6,1741174531E-5
482	3,1511262175E-5	6,1787333396E-5
483	3,1584031193E-5	6,183316696E-5
484	3,1656676318E-5	6,1878739498E-5
485	3,1729221074E-5	6,1924067841E-5
486	3,1801658301E-5	6,1969166415E-5
487	3,1873978542E-5	6,2014044832E-5
488	3,1946160656E-5	6,2058713643E-5
489	3,2018208859E-5	6,2103181034E-5
490	3,2090110585E-5	6,2147461605E-5
491	3,2161858273E-5	6,2191559765E-5
492	3,2233449325E-5	6,2235476761E-5
493	3,2304887632E-5	6,2279215518E-5
494	3,2376167224E-5	6,2322772579E-5
495	3,244737932E-5	6,2366149403E-5
496	3,2518431257E-5	6,2409348373E-5
497	3,2589326465E-5	6,245236381E-5
498	3,266005863E-5	6,2495199187E-5
499	3,2730618857E-5	6,2537860043E-5
500	3,2801010378E-5	6,2580343004E-5
501	3,28712334E-5	6,2622647779E-5
502	3,294128824E-5	6,2664774415E-5
503	3,3011175269E-5	6,270672355E-5
504	3,308089367E-5	6,2748495121E-5
505	3,3150444075E-5	6,2790089352E-5
506	3,321982787E-5	6,2831507339E-5
507	3,3289050905E-5	6,2872753625E-5
508	3,3358121223E-5	6,2913836913E-5
509	3,3427030505E-5	6,2954751121E-5
510	3,3495783553E-5	6,2995498576E-5
511	3,356437713E-5	6,3036077126E-5
512	3,3632813813E-5	6,307648883E-5
513	3,370109214E-5	6,3116733926E-5
514	3,3769213046E-5	6,3156814322E-5
515	3,3837175559E-5	6,3196730563E-5
516	3,3904978288E-5	6,323647977E-5
517	3,3972628057E-5	6,3276065554E-5
518	3,4040126641E-5	6,3315490302E-5
519	3,4107469357E-5	6,3354751704E-5
520	3,4174663822E-5	6,3393855771E-5
521	3,4241706155E-5	6,3432801065E-5
522	3,4308594861E-5	6,3471587142E-5
523	3,4375324048E-5	6,3510210478E-5
524	3,4441897688E-5	6,3548673566E-5
525	3,4508317004E-5	6,3586977591E-5
526	3,4574582402E-5	6,3625122806E-5
527	3,4640694246E-5	6,3663109565E-5
528	3,4706652802E-5	6,3700938175E-5
529	3,4772458357E-5	6,3738609299E-5
530	3,4838145762E-5	6,3776122762E-5
531	3,4903644099E-5	6,3813481303E-5
532	3,4969024755E-5	6,3850681967E-5
533	3,5034218824E-5	6,3887729972E-5
534	3,5099294898E-5	6,39246194E-5
535	3,5164224553E-5	6,396135178E-5
536	3,5228993063E-5	6,399792808E-5
537	3,5293615493E-5	6,4034347075E-5
538	3,5358084619E-5	6,4070609781E-5
539	3,5422400446E-5	6,4106715651E-5
540	3,5486562902E-5	6,4142664629E-5
541	3,555057176E-5	6,4178456673E-5
542	3,5614427133E-5	6,4214091796E-5
543	3,5678115611E-5	6,4249587584E-5
544	3,5741624599E-5	6,4284944643E-5
545	3,580495993E-5	6,4320157396E-5
546	3,586813517E-5	6,4355216285E-5
547	3,5931153517E-5	6,4390119528E-5
548	3,5994015815E-5	6,4424867516E-5
549	3,6056722124E-5	6,445945991E-5
550	3,6119281283E-5	6,449390158E-5
551	3,6181693788E-5	6,4528194201E-5
552	3,6244030771E-5	6,4562337862E-5
553	3,6306221487E-5	6,4596335481E-5
554	3,6368265949E-5	6,4630184794E-5
555	3,6430203936E-5	6,4663886415E-5
556	3,6492012484E-5	6,4697428964E-5
557	3,6553679058E-5	6,473082157E-5
558	3,6615175274E-5	6,476407338E-5
559	3,6676525913E-5	6,4797182853E-5
560	3,6737730046E-5	6,4830146219E-5
561	3,679878803E-5	6,4862961936E-5
562	3,6859700691E-5	6,4895631139E-5
563	3,6920466589E-5	6,4928153734E-5
564	3,6981090276E-5	6,4960531231E-5
565	3,7041565617E-5	6,4992759655E-5
566	3,7101909818E-5	6,5024849971E-5
567	3,716211787E-5	6,5056800241E-5
568	3,7222188412E-5	6,5088610054E-5
569	3,7282121225E-5	6,5120279772E-5
570	3,7341916516E-5	6,5151809383E-5
571	3,7401575004E-5	6,518319962E-5
572	3,7461114107E-5	6,5214451235E-5
573	3,7520498116E-5	6,5245565517E-5
574	3,7579768008E-5	6,5276542373E-5
575	3,763890123E-5	6,53073835E-5
576	3,7697892351E-5	6,5338083286E-5
577	3,7756745936E-5	6,5368644543E-5
578	3,781546201E-5	6,5399067753E-5
579	3,7874041238E-5	6,5429353354E-5
580	3,7932483863E-5	6,5459501569E-5
581	3,7990790039E-5	6,5489512399E-5
582	3,804895946E-5	6,551938572E-5
583	3,8106992678E-5	6,5549121923E-5
584	3,8164889791E-5	6,5578721528E-5
585	3,8222651275E-5	6,5608184844E-5
586	3,8280277576E-5	6,5637512009E-5
587	3,8337768282E-5	6,56667029E-5
588	3,8395194708E-5	6,5695769321E-5
589	3,8452460912E-5	6,5724726629E-5
590	3,8509682189E-5	6,5753573411E-5
591	3,8566757096E-5	6,578231572E-5
592	3,8623777015E-5	6,5810947947E-5
593	3,8680649598E-5	6,5839472214E-5
594	3,8737479976E-5	6,5867887643E-5
595	3,8794213072E-5	6,5896198651E-5
596	3,8850793236E-5	6,5924404085E-5
597	3,8907332038E-5	6,5952499743E-5
598	3,8963774719E-5	6,5980491166E-5
599	3,9020121659E-5	6,6008378224E-5
600	3,9076373E-5	6,6036160368E-5
601	3,9132553859E-5	6,6063821811E-5
602	3,9188646192E-5	6,6091375026E-5
603	3,9245404585E-5	6,6119351328E-5
604	3,9302193918E-5	6,6147394817E-5
605	3,9359582813E-5	6,617586194E-5
606	3,9417075091E-5	6,6204344014E-5
607	3,9474526245E-5	6,6232753804E-5
608	3,9531909712E-5	6,6261075841E-5
609	3,9589576318E-5	6,6289635058E-5
610	3,9647303249E-5	6,6318197108E-5
611	3,9705757228E-5	6,6347209432E-5
612	3,976426925E-5	6,6376206533E-5
613	3,9822760961E-5	6,6405133013E-5
614	3,9881205426E-5	6,6433986147E-5
615	3,9939594653E-5	6,6462763337E-5
616	3,9997420167E-5	6,6491070074E-5
617	4,0055035772E-5	6,6519143622E-5
618	4,0113430594E-5	6,6547689582E-5
619	4,0171788803E-5	6,6576182075E-5
620	4,0230069835E-5	6,6604592584E-5
621	4,0288271934E-5	6,6632917769E-5
622	4,0346399718E-5	6,6661158327E-5
623	4,0404452836E-5	6,6689313762E-5
624	4,0462439662E-5	6,6717378977E-5
625	4,0520368757E-5	6,6745349302E-5
626	4,057823793E-5	6,6773223162E-5
627	4,0636050578E-5	6,6800999298E-5
628	4,0693806006E-5	6,6828678092E-5
629	4,0751505688E-5	6,6856260489E-5
630	4,0809147621E-5	6,6883746972E-5
631	4,0866732017E-5	6,6911137156E-5
632	4,0924259241E-5	6,6938430963E-5
633	4,0981733658E-5	6,6965625324E-5
634	4,1039145695E-5	6,6992725356E-5
635	4,1096505729E-5	6,7019726541E-5
636	4,1153807977E-5	6,7046630831E-5
637	4,1211051351E-5	6,707343806E-5
638	4,1268239692E-5	6,7100147392E-5
639	4,1324462353E-5	6,7126150855E-5
640	4,1380611475E-5	6,7152034818E-5
641	4,1435895851E-5	6,7177150931E-5
642	4,1490928055E-5	6,7202008154E-5
643	4,154586634E-5	6,7226716593E-5
644	4,1600726762E-5	6,7251316285E-5
645	4,1655548098E-5	6,727582077E-5
646	4,1710337749E-5	6,7300254081E-5
647	4,1765117511E-5	6,7324610466E-5
648	4,1819015057E-5	6,7348281095E-5
649	4,1872844547E-5	6,7371826559E-5
650	4,192579192E-5	6,7394679413E-5
651	4,1978606933E-5	6,7417346948E-5
652	4,2031350794E-5	6,7439925528E-5
653	4,2084085494E-5	6,7462419827E-5
654	4,2136766064E-5	6,7484842528E-5
655	4,2189449347E-5	6,7507184863E-5
656	4,2242069085E-5	6,7529452055E-5
657	4,2294677614E-5	6,7551623384E-5
658	4,2347218158E-5	6,7573716929E-5
659	4,2399769089E-5	6,7595726104E-5
660	4,2452253044E-5	6,761764847E-5
661	4,2504830035E-5	6,7639483463E-5
662	4,2557309022E-5	6,7661229151E-5
663	4,2609784163E-5	6,768287908E-5
664	4,2662262712E-5	6,7704452484E-5
665	4,2714746112E-5	6,7725924106E-5
666	4,2767138589E-5	6,7747321001E-5
667	4,2819547038E-5	6,7768619167E-5
668	4,2871860356E-5	6,7789844348E-5
669	4,2924188893E-5	6,7810966893E-5
670	4,2976423258E-5	6,7832021321E-5
671	4,3028676336E-5	6,7852972258E-5
672	4,3080856435E-5	6,7873838845E-5
673	4,3133041423E-5	6,7894616082E-5
674	4,3183799884E-5	6,7914418466E-5
675	4,3235426767E-5	6,7934676535E-5
676	4,3285908966E-5	6,7954196284E-5
677	4,3335964595E-5	6,7973373361E-5
678	4,3385861215E-5	6,7992379468E-5
679	4,3435647856E-5	6,8011271268E-5
680	4,3485343942E-5	6,8030069558E-5
681	4,3534973033E-5	6,8048793273E-5
682	4,3584541629E-5	6,8067447318E-5
683	4,3633286289E-5	6,8085429723E-5
684	4,3681793969E-5	6,810321007E-5
685	4,3730178687E-5	6,8120878266E-5
686	4,3778472009E-5	6,8138457476E-5
687	4,3826683211E-5	6,8155953855E-5
688	4,3874815024E-5	6,8173369036E-5
689	4,3922868262E-5	6,819070361E-5
690	4,397084319E-5	6,8207957907E-5
691	4,4018731794E-5	6,8225111731E-5
692	4,4065757804E-5	6,8242585858E-5
693	4,411099075E-5	6,8260439564E-5
694	4,4155793424E-5	6,8278237975E-5
695	4,4201629242E-5	6,8295086487E-5
696	4,4247688467E-5	6,8311679896E-5
697	4,4293749514E-5	6,8328154369E-5
698	4,4339748496E-5	6,8344534894E-5
699	4,438566614E-5	6,8360825222E-5
700	4,4431496675E-5	6,837702587E-5
701	4,4476114451E-5	6,8393956761E-5
702	4,4521462099E-5	6,8410136135E-5
703	4,4566945716E-5	6,8426097734E-5
704	4,4612403426E-5	6,8441947894E-5
705	4,4656669887E-5	6,8458522626E-5
706	4,4701672534E-5	6,8474348403E-5
707	4,4745667529E-5	6,8490776956E-5
708	4,4789276115E-5	6,85072753E-5
709	4,4832702428E-5	6,8523718749E-5
710	4,4877215299E-5	6,8539235514E-5
711	4,4921949821E-5	6,8554505288E-5
712	4,4965567679E-5	6,8570469298E-5
713	4,5008762016E-5	6,8586522627E-5
714	4,5051762703E-5	6,8602526252E-5
715	4,5094643933E-5	6,8618450917E-5
716	4,513742902E-5	6,8634290638E-5
717	4,5180125226E-5	6,8650044623E-5
718	4,5222734848E-5	6,8665713196E-5
719	4,5265258714E-5	6,8681296471E-5
720	4,5307697115E-5	6,8696794257E-5
721	4,5350050162E-5	6,8712206599E-5
722	4,539231797E-5	6,8727533506E-5
723	4,5434500694E-5	6,8742775038E-5
724	4,5476598379E-5	6,8757931601E-5
725	4,5518611122E-5	6,8773003078E-5
726	4,5560539118E-5	6,8787989518E-5
727	4,5602382393E-5	6,8802890949E-5
728	4,5644139749E-5	6,8817707532E-5
729	4,5685811197E-5	6,8832439343E-5
730	4,5727398404E-5	6,8847086497E-5
731	4,5768901973E-5	6,8861649239E-5
732	4,5810322091E-5	6,8876127744E-5
733	4,585165884E-5	6,8890522275E-5
734	4,5892912327E-5	6,8904832794E-5
735	4,5934082652E-5	6,8919059353E-5
736	4,5975169929E-5	6,8933202066E-5
737	4,6016174254E-5	6,8947261366E-5
738	4,6057095705E-5	6,8961237416E-5
739	4,6097934376E-5	6,8975130308E-5
740	4,6138700178E-5	6,8988940142E-5
741	4,617938337E-5	6,9002667481E-5
742	4,6219984049E-5	6,9016312173E-5
743	4,6260502345E-5	6,9029874339E-5
744	4,6300948275E-5	6,9043354079E-5
745	4,6341302035E-5	6,9056759828E-5
746	4,638158358E-5	6,9070093485E-5
747	4,6421783067E-5	6,9083356451E-5
748	4,6461900594E-5	6,9096549168E-5
749	4,6501954276E-5	6,9109671714E-5
750	4,6541926167E-5	6,9122724659E-5
751	4,6581816364E-5	6,9135707388E-5
752	4,6621625031E-5	6,9148620042E-5
753	4,6661352295E-5	6,9161462551E-5
754	4,6700998125E-5	6,9174235265E-5
755	4,6740555787E-5	6,9186942531E-5
756	4,6780016686E-5	6,919958995E-5
757	4,6819462746E-5	6,9212170036E-5
758	4,6858831196E-5	6,9224679261E-5
759	4,6898123833E-5	6,9237116864E-5
760	4,6937341087E-5	6,9249482476E-5
761	4,6976483168E-5	6,9261776119E-5
762	4,7015550066E-5	6,9273997799E-5
763	4,705472958E-5	6,9286008867E-5
764	4,7094071794E-5	6,9295928412E-5
765	4,7135669839E-5	6,9306996608E-5
766	4,7179612228E-5	6,9318814317E-5
767	4,7222659211E-5	6,9331075783E-5
768	4,7263463633E-5	6,9343167882E-5
769	4,7302902523E-5	6,9355042973E-5
770	4,7341771697E-5	6,9366761873E-5
771	4,7380375855E-5	6,9378373513E-5
772	4,741884003E-5	6,9389901488E-5
773	4,7457207961E-5	6,940135602E-5
774	4,7495685098E-5	6,9412597443E-5
775	4,7532316201E-5	6,9428745013E-5
776	4,7569516667E-5	6,944524106E-5
777	4,760867713E-5	6,9458496342E-5
778	4,7650573216E-5	6,947005959E-5
779	4,7691070774E-5	6,9481435107E-5
780	4,7729936696E-5	6,94925979E-5
781	4,7768174278E-5	6,9503599194E-5
782	4,7806094501E-5	6,9514489592E-5
783	4,7843854736E-5	6,95252956E-5
784	4,7881511983E-5	6,9536029617E-5
785	4,7919141911E-5	6,9546696471E-5
786	4,7956639104E-5	6,9557300871E-5
787	4,7994307873E-5	6,9567690983E-5
788	4,8032433183E-5	6,9576536607E-5
789	4,8072857523E-5	6,9586198907E-5
790	4,8112538619E-5	6,9601061257E-5
791	4,8154010098E-5	6,9612282738E-5
792	4,8194286002E-5	6,9622967526E-5
793	4,8232608291E-5	6,9633335268E-5
794	4,8270102266E-5	6,9643529524E-5
795	4,8307186226E-5	6,9653606812E-5
796	4,834407233E-5	6,9663598369E-5
797	4,8380841952E-5	6,9673518862E-5
798	4,8417524061E-5	6,9683374495E-5
799	4,8454128724E-5	6,9693167688E-5
800	4,8490855077E-5	6,9702750955E-5
801	4,8527875227E-5	6,971087141E-5
802	4,8562981203E-5	6,9722852083E-5
803	4,8600716542E-5	6,9734536573E-5
804	4,8640685473E-5	6,9744602814E-5
805	4,8679399318E-5	6,9754446527E-5
806	4,8716531194E-5	6,9764052965E-5
807	4,8752940453E-5	6,9773507671E-5
808	4,8789034716E-5	6,9782864648E-5
809	4,8824966414E-5	6,9792151004E-5
810	4,8860798094E-5	6,9801376934E-5
811	4,8896553032E-5	6,9810547571E-5
812	4,8932240558E-5	6,9819664834E-5
813	4,8968087294E-5	6,9828584818E-5
814	4,900399451E-5	6,983616931E-5
815	4,9042918961E-5	6,9844715871E-5
816	4,9082116328E-5	6,9853415012E-5
817	4,912181305E-5	6,9863143922E-5
818	4,9159306905E-5	6,9872302128E-5
819	4,919543525E-5	6,9881209412E-5
820	4,9231135321E-5	6,9889974632E-5
821	4,926653931E-5	6,9898650428E-5
822	4,930183357E-5	6,9907258867E-5
823	4,9337007814E-5	6,9915817796E-5
824	4,9372183487E-5	6,9924324076E-5
825	4,9407380057E-5	6,9932673211E-5
826	4,9442413953E-5	6,9939811244E-5
827	4,9480363467E-5	6,9947821251E-5
828	4,9518714831E-5	6,9956033524E-5
829	4,9557273858E-5	6,9964472582E-5
830	4,9594887132E-5	6,9973176568E-5
831	4,9631208327E-5	6,9981573424E-5
832	4,9666888686E-5	6,9989354973E-5
833	4,9703500456E-5	6,9997363737E-5
834	4,9740637588E-5	7,0005480938E-5
835	4,9777414913E-5	7,0013509605E-5
836	4,9814609838E-5	7,0021182734E-5
837	4,9851729381E-5	7,0028817005E-5
838	4,9888794582E-5	7,003643151E-5
839	4,9924844934E-5	7,0043876023E-5
840	4,9961731897E-5	7,0051483386E-5
841	4,999855735E-5	7,0059081927E-5
842	5,0035351068E-5	7,0066649444E-5
843	5,0071961348E-5	7,0074140874E-5
844	5,0108293921E-5	7,0081235464E-5
845	5,014424198E-5	7,0088229363E-5
846	5,0180234619E-5	7,0095135538E-5
847	5,0215993554E-5	7,0102035122E-5
848	5,0251799673E-5	7,0108846376E-5
849	5,0287379329E-5	7,0115670839E-5
850	5,0323008468E-5	7,0122407935E-5
851	5,0358414923E-5	7,0129160237E-5
852	5,0393201053E-5	7,0136026925E-5
853	5,0428603459E-5	7,0142891461E-5
854	5,0463935979E-5	7,0149737728E-5
855	5,0499195554E-5	7,0156539472E-5
856	5,0534236122E-5	7,0163242401E-5
857	5,0569399838E-5	7,0169756449E-5
858	5,0604353786E-5	7,0176264082E-5
859	5,0639362467E-5	7,0182700591E-5
860	5,0674151524E-5	7,0189140779E-5
861	5,0708988956E-5	7,0195513287E-5
862	5,0743233352E-5	7,0201801193E-5
863	5,0777467113E-5	7,0208007555E-5
864	5,0811476826E-5	7,0214210006E-5
865	5,0844879591E-5	7,0220516464E-5
866	5,087878968E-5	7,022682105E-5
867	5,0912568644E-5	7,0233084946E-5
868	5,0946245941E-5	7,023931114E-5
869	5,097978172E-5	7,0245361104E-5
870	5,1013461789E-5	7,025133867E-5
871	5,1047082154E-5	7,0257284763E-5
872	5,1080627711E-5	7,0263206966E-5
873	5,1114088037E-5	7,0269102545E-5
874	5,1147459767E-5	7,0274970119E-5
875	5,1180741856E-5	7,0280809262E-5
876	5,1213934003E-5	7,0286620282E-5
877	5,1246952253E-5	7,0292423874E-5
878	5,1279555665E-5	7,0298288637E-5
879	5,1312388861E-5	7,0304159362E-5
880	5,1345149165E-5	7,0310005826E-5
881	5,1377818078E-5	7,0315819872E-5
882	5,1410491071E-5	7,0321475562E-5
883	5,1443154644E-5	7,0327080485E-5
884	5,1475753125E-5	7,0332660633E-5
885	5,150827057E-5	7,0338216715E-5
886	5,1540775541E-5	7,0343747321E-5
887	5,1573191821E-5	7,0349251856E-5
888	5,1605518941E-5	7,035473019E-5
889	5,1637756839E-5	7,0360182211E-5
890	5,1669885193E-5	7,0365613597E-5
891	5,1701240766E-5	7,037093743E-5
892	5,1733084475E-5	7,0376380925E-5
893	5,1764928591E-5	7,038183216E-5
894	5,1796702845E-5	7,0387263249E-5
895	5,1828378254E-5	7,0392553945E-5
896	5,1860172296E-5	7,0397992541E-5
897	5,1891715563E-5	7,0403185205E-5
898	5,1923309448E-5	7,0408551985E-5
899	5,1954794807E-5	7,0413686261E-5
900	5,1986331909E-5	7,0418999442E-5
901	5,2017703061E-5	7,0424082538E-5
902	5,2049066105E-5	7,0429343839E-5
903	5,2080298238E-5	7,043438065E-5
904	5,2111177798E-5	7,0439674984E-5
905	5,2142230792E-5	7,0444765701E-5
906	5,2173362535E-5	7,04500416E-5
907	5,2204265552E-5	7,0455055069E-5
908	5,2235195313E-5	7,0460176859E-5
909	5,2266036976E-5	7,0465276302E-5
910	5,2296780185E-5	7,0470343579E-5
911	5,2327431207E-5	7,0475381691E-5
912	5,2357994129E-5	7,0480393276E-5
913	5,2388470723E-5	7,0485378961E-5
914	5,2418861799E-5	7,0490338593E-5
915	5,2449167329E-5	7,0495285483E-5
916	5,2479372701E-5	7,0500202363E-5
917	5,2510643593E-5	7,0505137888E-5
918	5,2544485662E-5	7,0510819903E-5
919	5,2581406706E-5	7,0518113444E-5
920	5,2621783168E-5	7,052738808E-5
921	5,2666388829E-5	7,0539363813E-5
922	5,2712099799E-5	7,0551993046E-5
923	5,2758054599E-5	7,0564788735E-5
924	5,2804087669E-5	7,0577618712E-5
925	5,2850130248E-5	7,0590447702E-5
926	5,2896161782E-5	7,0603266032E-5
927	5,294217603E-5	7,0616071083E-5
928	5,2988171121E-5	7,0628862188E-5
929	5,3034146635E-5	7,064163923E-5
930	5,308010248E-5	7,0654402234E-5
931	5,3126038474E-5	7,0667151259E-5
932	5,3171954704E-5	7,0679886621E-5
933	5,3217851142E-5	7,0692608107E-5
934	5,3263727869E-5	7,0705315768E-5
935	5,3309584845E-5	7,0718009631E-5
936	5,3354934318E-5	7,073032482E-5
937	5,3400127659E-5	7,0742544883E-5
938	5,3445327898E-5	7,0754729723E-5
939	5,3490429297E-5	7,0766896185E-5
940	5,3535572143E-5	7,0779045809E-5
941	5,3580692501E-5	7,0791181756E-5
942	5,3625725073E-5	7,0803303837E-5
943	5,3670801989E-5	7,0815410028E-5
944	5,371585745E-5	7,0827502767E-5
945	5,3760891452E-5	7,0839581822E-5
946	5,3805903963E-5	7,0851646839E-5
947	5,3850894943E-5	7,0863697636E-5
948	5,3895864396E-5	7,0875734166E-5
949	5,394081249E-5	7,0887756408E-5
950	5,3985739276E-5	7,0899764356E-5
951	5,403064472E-5	7,0911758023E-5
952	5,4075528763E-5	7,0923737392E-5
953	5,4120391463E-5	7,0935702482E-5
954	5,41652328E-5	7,0947653284E-5
955	5,4210052918E-5	7,0959589809E-5
956	5,4254851698E-5	7,0971512066E-5
957	5,429962933E-5	7,0983420066E-5
958	5,4344385706E-5	7,0995313823E-5
959	5,4389120714E-5	7,1007193348E-5
960	5,4433834547E-5	7,1019058671E-5
961	5,4478527164E-5	7,103090985E-5
962	5,452319861E-5	7,1042746881E-5
963	5,4567848719E-5	7,1054569738E-5
964	5,4612477642E-5	7,1066378436E-5
965	5,4657085349E-5	7,107817299E-5
966	5,4701671766E-5	7,1089953476E-5
967	5,4746237064E-5	7,1101719849E-5
968	5,4790781081E-5	7,111347219E-5
969	5,4835303852E-5	7,1125210449E-5
970	5,4879805526E-5	7,1136934642E-5
971	5,4924285984E-5	7,1148644785E-5
972	5,4968745222E-5	7,116034093E-5
973	5,5013183131E-5	7,1172023057E-5
974	5,5057599777E-5	7,1183691182E-5
975	5,5101995127E-5	7,1195345319E-5
976	5,5146369246E-5	7,1206985534E-5
977	5,5190722133E-5	7,1218611793E-5
978	5,5235053826E-5	7,1230224108E-5
979	5,5279364361E-5	7,1241822491E-5
980	5,5323653681E-5	7,1253406961E-5
981	5,5367921811E-5	7,1264977532E-5
982	5,5412168765E-5	7,1276534209E-5
983	5,5456394645E-5	7,1288077029E-5
984	5,5500602395E-5	7,1299607785E-5
985	5,5544306515E-5	7,1310834382E-5
986	5,5587944857E-5	7,132202183E-5
987	5,5631560228E-5	7,1333195301E-5
988	5,5675156607E-5	7,1344357222E-5
989	5,571842214E-5	7,1355388669E-5
990	5,5760179239E-5	7,1365609303E-5
991	5,5795077343E-5	7,1373181261E-5
992	5,5827592489E-5	7,1380075123E-5
993	5,5855001877E-5	7,1383992661E-5
994	5,5881666625E-5	7,1386927361E-5
995	5,5907697451E-5	7,1389592407E-5
996	5,593366725E-5	7,1392172275E-5
997	5,5959547195E-5	7,1394713371E-5
998	5,5985251008E-5	7,1397229551E-5
999	5,6011069422E-5	7,1399720671E-5
1000	5,6036724571E-5	7,1402190508E-5
