0 8 14 iAF1260.cmd 1E-8
0 8 14 iJN1463.cmd 1E-9
0 7 2 iAF1260.cmd 1E-8
0 7 2 iJN1463.cmd 1E-9
0 1 7 iAF1260.cmd 1E-8
0 1 7 iJN1463.cmd 1E-9
0 7 14 iAF1260.cmd 1E-8
0 7 14 iJN1463.cmd 1E-9
0 8 7 iAF1260.cmd 1E-8
0 8 7 iJN1463.cmd 1E-9
0 9 1 iAF1260.cmd 1E-8
0 9 1 iJN1463.cmd 1E-9
0 4 12 iAF1260.cmd 1E-8
0 4 12 iJN1463.cmd 1E-9
0 4 14 iAF1260.cmd 1E-8
0 4 14 iJN1463.cmd 1E-9
0 13 6 iAF1260.cmd 1E-8
0 13 6 iJN1463.cmd 1E-9
0 2 8 iAF1260.cmd 1E-8
0 2 8 iJN1463.cmd 1E-9
0 9 9 iAF1260.cmd 1E-8
0 9 9 iJN1463.cmd 1E-9
0 2 6 iAF1260.cmd 1E-8
0 2 6 iJN1463.cmd 1E-9
0 12 13 iAF1260.cmd 1E-8
0 12 13 iJN1463.cmd 1E-9
0 11 5 iAF1260.cmd 1E-8
0 11 5 iJN1463.cmd 1E-9
0 4 5 iAF1260.cmd 1E-8
0 4 5 iJN1463.cmd 1E-9
500 8 14 iAF1260.cmd 9,2118060523E-8
500 8 14 iJN1463.cmd 1,9637006919E-8
500 7 2 iAF1260.cmd 3,861934251E-7
500 7 2 iJN1463.cmd 2,4239200682E-7
500 1 7 iAF1260.cmd 9,4918061601E-7
500 1 7 iJN1463.cmd 7,1335948211E-7
500 7 14 iAF1260.cmd 1,0949764524E-7
500 7 14 iJN1463.cmd 2,1874476623E-8
500 8 7 iAF1260.cmd 2,1602238768E-7
500 8 7 iJN1463.cmd 1,1864060764E-7
500 9 1 iAF1260.cmd 2,3482626522E-7
500 9 1 iJN1463.cmd 1,2742907701E-7
500 4 12 iAF1260.cmd 8,9022851617E-7
500 4 12 iJN1463.cmd 6,8178758056E-7
500 4 14 iAF1260.cmd 1,0110824973E-7
500 4 14 iJN1463.cmd 4,6229175911E-8
500 13 6 iAF1260.cmd 1,9263136841E-7
500 13 6 iJN1463.cmd 1,0932557817E-7
500 2 8 iAF1260.cmd 9,7379266104E-7
500 2 8 iJN1463.cmd 7,2448586187E-7
500 9 9 iAF1260.cmd 2,1788598847E-7
500 9 9 iJN1463.cmd 1,2109493734E-7
500 2 6 iAF1260.cmd 1,2332663888E-6
500 2 6 iJN1463.cmd 9,2435519633E-7
500 12 13 iAF1260.cmd 1,1271871826E-7
500 12 13 iJN1463.cmd 5,9895255632E-8
500 11 5 iAF1260.cmd 2,5342381959E-7
500 11 5 iJN1463.cmd 1,5577913966E-7
500 4 5 iAF1260.cmd 6,2418520662E-7
500 4 5 iJN1463.cmd 4,241814665E-7
500 0 7 iAF1260.cmd 5,2604881232E-7
500 0 7 iJN1463.cmd 3,6875475079E-7
500 1 6 iAF1260.cmd 9,8709598492E-7
500 1 6 iJN1463.cmd 7,4921693354E-7
500 1 8 iAF1260.cmd 8,606243602E-7
500 1 8 iJN1463.cmd 6,4800655178E-7
500 2 7 iAF1260.cmd 1,0807888835E-6
500 2 7 iJN1463.cmd 8,0288459626E-7
500 2 9 iAF1260.cmd 8,795298962E-7
500 2 9 iJN1463.cmd 6,623534602E-7
500 3 8 iAF1260.cmd 8,5020874389E-7
500 3 8 iJN1463.cmd 6,2054315377E-7
500 3 12 iAF1260.cmd 8,0237649574E-7
500 3 12 iJN1463.cmd 6,2808860837E-7
500 3 14 iAF1260.cmd 2,345996126E-7
500 3 14 iJN1463.cmd 1,6702594781E-7
500 4 4 iAF1260.cmd 6,2649587445E-7
500 4 4 iJN1463.cmd 4,3420919602E-7
500 4 6 iAF1260.cmd 6,5576017743E-7
500 4 6 iJN1463.cmd 4,4918552174E-7
500 4 11 iAF1260.cmd 7,3293365373E-7
500 4 11 iJN1463.cmd 5,5691300178E-7
500 5 5 iAF1260.cmd 5,0287870947E-7
500 5 5 iJN1463.cmd 3,3234174835E-7
500 5 14 iAF1260.cmd 1,1540840757E-7
500 5 14 iJN1463.cmd 2,6875105555E-8
500 6 2 iAF1260.cmd 4,2028491864E-7
500 6 2 iJN1463.cmd 2,7937770601E-7
500 6 14 iAF1260.cmd 1,1563361184E-7
500 6 14 iJN1463.cmd 2,532064655E-8
500 7 3 iAF1260.cmd 3,5320252625E-7
500 7 3 iJN1463.cmd 2,16596831E-7
500 7 7 iAF1260.cmd 2,3516763651E-7
500 7 7 iJN1463.cmd 1,3627307498E-7
500 7 13 iAF1260.cmd 1,9209932213E-7
500 7 13 iJN1463.cmd 7,5569631972E-8
500 8 1 iAF1260.cmd 2,7971873809E-7
500 8 1 iJN1463.cmd 1,5679537554E-7
500 8 2 iAF1260.cmd 2,9460940747E-7
500 8 2 iJN1463.cmd 1,7121864852E-7
500 8 6 iAF1260.cmd 1,8193204283E-7
500 8 6 iJN1463.cmd 9,9256053904E-8
500 8 8 iAF1260.cmd 2,3862294513E-7
500 8 8 iJN1463.cmd 1,3043304033E-7
500 8 9 iAF1260.cmd 2,2950120483E-7
500 8 9 iJN1463.cmd 1,2712108668E-7
500 8 13 iAF1260.cmd 1,5189541759E-7
500 8 13 iJN1463.cmd 5,7954007702E-8
500 9 0 iAF1260.cmd 2,2906618658E-7
500 9 0 iJN1463.cmd 1,2392787095E-7
500 9 2 iAF1260.cmd 2,192641367E-7
500 9 2 iJN1463.cmd 1,1960352298E-7
500 9 7 iAF1260.cmd 1,641764343E-7
500 9 7 iJN1463.cmd 8,5538139596E-8
500 9 10 iAF1260.cmd 1,760008284E-7
500 9 10 iJN1463.cmd 9,5069244932E-8
500 9 14 iAF1260.cmd 7,2730523167E-8
500 9 14 iJN1463.cmd 2,1440836157E-8
500 10 1 iAF1260.cmd 1,6328224046E-7
500 10 1 iJN1463.cmd 8,4274510342E-8
500 10 9 iAF1260.cmd 1,6703188585E-7
500 10 9 iJN1463.cmd 8,999867974E-8
500 11 4 iAF1260.cmd 1,7499951588E-7
500 11 4 iJN1463.cmd 9,8813442211E-8
500 11 13 iAF1260.cmd 1,0712959723E-7
500 11 13 iJN1463.cmd 5,6278669207E-8
500 12 5 iAF1260.cmd 2,0742036279E-7
500 12 5 iJN1463.cmd 1,1999216613E-7
500 12 6 iAF1260.cmd 1,8395947576E-7
500 12 6 iJN1463.cmd 1,0318052453E-7
500 12 12 iAF1260.cmd 9,8822528637E-8
500 12 12 iJN1463.cmd 5,1517884753E-8
500 12 14 iAF1260.cmd 9,3414588918E-8
500 12 14 iJN1463.cmd 4,7769193435E-8
500 13 5 iAF1260.cmd 1,6857339422E-7
500 13 5 iJN1463.cmd 9,3358145597E-8
500 13 13 iAF1260.cmd 9,1838320398E-8
500 13 13 iJN1463.cmd 4,7032858991E-8
500 14 6 iAF1260.cmd 1,4896736721E-7
500 14 6 iJN1463.cmd 8,0468457111E-8
500 3 7 iAF1260.cmd 8,8219892582E-7
500 3 7 iJN1463.cmd 6,3974422968E-7
500 0 6 iAF1260.cmd 5,160264271E-7
500 0 6 iJN1463.cmd 3,6663900388E-7
500 0 8 iAF1260.cmd 4,7092648127E-7
500 0 8 iJN1463.cmd 3,279682632E-7
500 1 9 iAF1260.cmd 7,5404004519E-7
500 1 9 iJN1463.cmd 5,7642447453E-7
500 3 11 iAF1260.cmd 7,8583440122E-7
500 3 11 iJN1463.cmd 6,0535276645E-7
500 5 4 iAF1260.cmd 5,6487133736E-7
500 5 4 iJN1463.cmd 3,7706819551E-7
500 8 3 iAF1260.cmd 2,4423941953E-7
500 8 3 iJN1463.cmd 1,3999407875E-7
500 12 4 iAF1260.cmd 1,6451671368E-7
500 12 4 iJN1463.cmd 9,0560241956E-8
500 1 5 iAF1260.cmd 8,7787502148E-7
500 1 5 iJN1463.cmd 6,8133109626E-7
500 3 9 iAF1260.cmd 8,5129789709E-7
500 3 9 iJN1463.cmd 6,3119629523E-7
500 6 3 iAF1260.cmd 3,9239910031E-7
500 6 3 iJN1463.cmd 2,4777497647E-7
500 7 6 iAF1260.cmd 2,0970138011E-7
500 7 6 iJN1463.cmd 1,2095590101E-7
500 7 8 iAF1260.cmd 2,3199445071E-7
500 7 8 iJN1463.cmd 1,2997947334E-7
500 8 0 iAF1260.cmd 2,6436283358E-7
500 8 0 iJN1463.cmd 1,5117170147E-7
500 8 10 iAF1260.cmd 2,0309659287E-7
500 8 10 iJN1463.cmd 1,0855459785E-7
500 9 6 iAF1260.cmd 1,4222658339E-7
500 9 6 iJN1463.cmd 7,314622779E-8
500 10 0 iAF1260.cmd 1,6138562503E-7
500 10 0 iJN1463.cmd 8,260517041E-8
500 10 2 iAF1260.cmd 1,5058509246E-7
500 10 2 iJN1463.cmd 7,7293984195E-8
500 10 10 iAF1260.cmd 1,3159801646E-7
500 10 10 iJN1463.cmd 6,9950589907E-8
500 14 5 iAF1260.cmd 1,3220713236E-7
500 14 5 iJN1463.cmd 6,9058396458E-8
500 11 12 iAF1260.cmd 1,0062383133E-7
500 11 12 iJN1463.cmd 5,2423378311E-8
500 13 12 iAF1260.cmd 7,8864929685E-8
500 13 12 iJN1463.cmd 3,9710718893E-8
500 3 13 iAF1260.cmd 6,2218903267E-7
500 3 13 iJN1463.cmd 4,9800263937E-7
500 11 14 iAF1260.cmd 8,3974533316E-8
500 11 14 iJN1463.cmd 4,0866665755E-8
500 13 14 iAF1260.cmd 7,693236791E-8
500 13 14 iJN1463.cmd 3,789390072E-8
500 4 7 iAF1260.cmd 6,4424150801E-7
500 4 7 iJN1463.cmd 4,5365484249E-7
500 4 3 iAF1260.cmd 6,2144645297E-7
500 4 3 iJN1463.cmd 4,5910752491E-7
500 4 10 iAF1260.cmd 6,6501787915E-7
500 4 10 iJN1463.cmd 5,0241008633E-7
500 5 11 iAF1260.cmd 5,1046109324E-7
500 5 11 iJN1463.cmd 3,7914224892E-7
500 6 5 iAF1260.cmd 3,018136301E-7
500 6 5 iJN1463.cmd 1,89371079E-7
500 7 9 iAF1260.cmd 2,2834081151E-7
500 7 9 iJN1463.cmd 1,3466560968E-7
500 2 10 iAF1260.cmd 7,911233763E-7
500 2 10 iJN1463.cmd 6,0897471109E-7
500 2 12 iAF1260.cmd 7,2848644675E-7
500 2 12 iJN1463.cmd 5,8567045205E-7
500 4 8 iAF1260.cmd 6,3216318265E-7
500 4 8 iJN1463.cmd 4,5162874401E-7
500 5 2 iAF1260.cmd 4,7335480963E-7
500 5 2 iJN1463.cmd 3,3540089308E-7
500 6 1 iAF1260.cmd 3,8803110175E-7
500 6 1 iJN1463.cmd 2,6613194715E-7
500 9 3 iAF1260.cmd 1,7613823238E-7
500 9 3 iJN1463.cmd 9,4288460611E-8
500 9 11 iAF1260.cmd 1,2984514979E-7
500 9 11 iJN1463.cmd 6,7318000525E-8
500 10 4 iAF1260.cmd 1,3586022528E-7
500 10 4 iJN1463.cmd 7,091512878E-8
500 10 7 iAF1260.cmd 1,1006182013E-7
500 10 7 iJN1463.cmd 5,3846700877E-8
500 10 8 iAF1260.cmd 1,1060500126E-7
500 10 8 iJN1463.cmd 5,5369181878E-8
500 11 3 iAF1260.cmd 1,2550008207E-7
500 11 3 iJN1463.cmd 6,4954819857E-8
500 12 7 iAF1260.cmd 1,0079647481E-7
500 12 7 iJN1463.cmd 5,0834894266E-8
500 13 4 iAF1260.cmd 1,1009745031E-7
500 13 4 iJN1463.cmd 5,7030492035E-8
500 14 7 iAF1260.cmd 9,0754485065E-8
500 14 7 iJN1463.cmd 4,4985337973E-8
500 6 7 iAF1260.cmd 2,8608787105E-7
500 6 7 iJN1463.cmd 1,8238366121E-7
500 6 13 iAF1260.cmd 2,2040357427E-7
500 6 13 iJN1463.cmd 9,2573684081E-8
500 8 5 iAF1260.cmd 1,5832614747E-7
500 8 5 iJN1463.cmd 8,618174411E-8
500 9 13 iAF1260.cmd 1,1383298019E-7
500 9 13 iJN1463.cmd 4,9270652864E-8
500 10 13 iAF1260.cmd 9,8924109964E-8
500 10 13 iJN1463.cmd 4,8979565936E-8
500 11 1 iAF1260.cmd 9,5558168306E-8
500 11 1 iJN1463.cmd 4,6448356514E-8
500 12 11 iAF1260.cmd 6,8410073738E-8
500 12 11 iJN1463.cmd 3,4642844367E-8
500 14 13 iAF1260.cmd 6,7856098991E-8
500 14 13 iJN1463.cmd 3,3090467795E-8
500 7 12 iAF1260.cmd 2,213543398E-7
500 7 12 iJN1463.cmd 1,0721880289E-7
500 8 12 iAF1260.cmd 1,7031875469E-7
500 8 12 iJN1463.cmd 7,2473581411E-8
500 0 9 iAF1260.cmd 3,8676059725E-7
500 0 9 iJN1463.cmd 2,7070380501E-7
500 3 10 iAF1260.cmd 7,7825311927E-7
500 3 10 iJN1463.cmd 5,8890876197E-7
500 0 5 iAF1260.cmd 3,9959675364E-7
500 0 5 iJN1463.cmd 2,8816184515E-7
500 10 3 iAF1260.cmd 1,3656076674E-7
500 10 3 iJN1463.cmd 6,9731821113E-8
500 1 10 iAF1260.cmd 6,6255725115E-7
500 1 10 iJN1463.cmd 5,2021438679E-7
500 2 11 iAF1260.cmd 7,5439184672E-7
500 2 11 iJN1463.cmd 5,9449165674E-7
500 6 6 iAF1260.cmd 2,4580528478E-7
500 6 6 iJN1463.cmd 1,5026795618E-7
500 7 5 iAF1260.cmd 2,0524033316E-7
500 7 5 iJN1463.cmd 1,2009286497E-7
500 10 14 iAF1260.cmd 6,9520664587E-8
500 10 14 iJN1463.cmd 2,863268422E-8
500 11 2 iAF1260.cmd 9,6827431904E-8
500 11 2 iJN1463.cmd 4,7406580765E-8
500 8 4 iAF1260.cmd 1,6152697851E-7
500 8 4 iJN1463.cmd 8,7426317671E-8
500 14 4 iAF1260.cmd 8,1141285851E-8
500 14 4 iJN1463.cmd 3,910664197E-8
500 10 11 iAF1260.cmd 1,0568961969E-7
500 10 11 iJN1463.cmd 5,4990816207E-8
500 11 0 iAF1260.cmd 9,1760871412E-8
500 11 0 iJN1463.cmd 4,4101990361E-8
500 9 5 iAF1260.cmd 1,2935206049E-7
500 9 5 iJN1463.cmd 6,6696229623E-8
500 10 6 iAF1260.cmd 1,0728042083E-7
500 10 6 iJN1463.cmd 5,1794612385E-8
500 10 12 iAF1260.cmd 1,0375674824E-7
500 10 12 iJN1463.cmd 5,2589566454E-8
500 11 11 iAF1260.cmd 8,3163071222E-8
500 11 11 iJN1463.cmd 4,2743078633E-8
500 13 11 iAF1260.cmd 5,1209508958E-8
500 13 11 iJN1463.cmd 2,5064213008E-8
500 14 12 iAF1260.cmd 5,8347081567E-8
500 14 12 iJN1463.cmd 2,8185612052E-8
500 2 13 iAF1260.cmd 6,0019763662E-7
500 2 13 iJN1463.cmd 4,8821514274E-7
500 5 7 iAF1260.cmd 4,3293062351E-7
500 5 7 iJN1463.cmd 2,9951578078E-7
500 7 0 iAF1260.cmd 2,8193686251E-7
500 7 0 iJN1463.cmd 1,7830436168E-7
500 4 2 iAF1260.cmd 5,656823749E-7
500 4 2 iJN1463.cmd 4,2233445502E-7
500 5 10 iAF1260.cmd 4,9362171291E-7
500 5 10 iJN1463.cmd 3,6905307883E-7
500 5 13 iAF1260.cmd 2,3913919776E-7
500 5 13 iJN1463.cmd 8,9600365733E-8
500 9 4 iAF1260.cmd 1,3658834551E-7
500 9 4 iJN1463.cmd 7,1001524424E-8
500 9 12 iAF1260.cmd 1,2602892226E-7
500 9 12 iJN1463.cmd 5,8972180515E-8
500 11 10 iAF1260.cmd 7,8197045713E-8
500 11 10 iJN1463.cmd 4,022152204E-8
500 5 1 iAF1260.cmd 4,0631897468E-7
500 5 1 iJN1463.cmd 2,870725853E-7
500 11 7 iAF1260.cmd 7,9948841416E-8
500 11 7 iJN1463.cmd 3,7442405794E-8
500 14 14 iAF1260.cmd 5,6278470142E-8
500 14 14 iJN1463.cmd 2,5902447519E-8
500 6 9 iAF1260.cmd 2,5489131273E-7
500 6 9 iJN1463.cmd 1,710589751E-7
500 3 3 iAF1260.cmd 5,9120325718E-7
500 3 3 iJN1463.cmd 4,6412626727E-7
500 5 8 iAF1260.cmd 4,4623521661E-7
500 5 8 iJN1463.cmd 3,1688465063E-7
500 11 8 iAF1260.cmd 6,8444274266E-8
500 11 8 iJN1463.cmd 3,1842523194E-8
500 6 0 iAF1260.cmd 3,3509230546E-7
500 6 0 iJN1463.cmd 2,3024256327E-7
500 6 11 iAF1260.cmd 3,2534926987E-7
500 6 11 iJN1463.cmd 2,1674892611E-7
500 6 12 iAF1260.cmd 2,558746825E-7
500 6 12 iJN1463.cmd 1,3796142137E-7
500 12 8 iAF1260.cmd 5,4850587981E-8
500 12 8 iJN1463.cmd 2,5475155397E-8
500 13 3 iAF1260.cmd 4,6764847404E-8
500 13 3 iJN1463.cmd 2,1179165944E-8
500 1 12 iAF1260.cmd 5,9283355086E-7
500 1 12 iJN1463.cmd 4,8972285658E-7
500 14 8 iAF1260.cmd 4,2976491969E-8
500 14 8 iJN1463.cmd 1,8962912425E-8
500 12 10 iAF1260.cmd 4,6233287924E-8
500 12 10 iJN1463.cmd 2,2831872363E-8
500 12 1 iAF1260.cmd 5,245182558E-8
500 12 1 iJN1463.cmd 2,3835884169E-8
500 2 14 iAF1260.cmd 2,1853318461E-7
500 2 14 iJN1463.cmd 1,611344298E-7
500 1 11 iAF1260.cmd 6,1340203343E-7
500 1 11 iJN1463.cmd 4,9568736085E-7
500 7 11 iAF1260.cmd 2,5430587993E-7
500 7 11 iJN1463.cmd 1,510940279E-7
500 0 10 iAF1260.cmd 3,1042829253E-7
500 0 10 iJN1463.cmd 2,2181515711E-7
500 14 11 iAF1260.cmd 3,7791625088E-8
500 14 11 iJN1463.cmd 1,7794454387E-8
500 5 9 iAF1260.cmd 3,6683465765E-7
500 5 9 iJN1463.cmd 2,6468864815E-7
500 12 2 iAF1260.cmd 4,7705207492E-8
500 12 2 iJN1463.cmd 2,1453832063E-8
500 14 3 iAF1260.cmd 3,6370634477E-8
500 14 3 iJN1463.cmd 1,5359768584E-8
500 3 2 iAF1260.cmd 5,4324208281E-7
500 3 2 iJN1463.cmd 4,3203831429E-7
500 12 0 iAF1260.cmd 4,4355558557E-8
500 12 0 iJN1463.cmd 1,9737278018E-8
500 5 0 iAF1260.cmd 3,619557566E-7
500 5 0 iJN1463.cmd 2,6375749253E-7
500 13 10 iAF1260.cmd 3,0259638373E-8
500 13 10 iJN1463.cmd 1,4175520227E-8
500 0 4 iAF1260.cmd 1,4000572127E-7
500 0 4 iJN1463.cmd 9,5120230455E-8
500 12 9 iAF1260.cmd 3,1343708985E-8
500 12 9 iJN1463.cmd 1,4341868414E-8
500 2 3 iAF1260.cmd 5,154594365E-7
500 2 3 iJN1463.cmd 4,2883871314E-7
500 0 12 iAF1260.cmd 2,0859171978E-7
500 0 12 iJN1463.cmd 1,5907872289E-7
500 0 11 iAF1260.cmd 2,5937577706E-7
500 0 11 iJN1463.cmd 1,9147780481E-7
500 13 2 iAF1260.cmd 2,7012810325E-8
500 13 2 iJN1463.cmd 1,0971894579E-8
500 2 2 iAF1260.cmd 4,844490401E-7
500 2 2 iJN1463.cmd 4,0586286048E-7
500 3 1 iAF1260.cmd 4,6190864337E-7
500 3 1 iJN1463.cmd 3,8203304392E-7
500 14 9 iAF1260.cmd 2,1610157034E-8
500 14 9 iJN1463.cmd 8,7341887396E-9
500 4 0 iAF1260.cmd 3,6646164594E-7
500 4 0 iJN1463.cmd 2,8875612242E-7
500 14 10 iAF1260.cmd 2,3036636376E-8
500 14 10 iJN1463.cmd 1,0122687196E-8
500 1 14 iAF1260.cmd 6,2925109094E-8
500 1 14 iJN1463.cmd 4,0616834364E-8
500 13 0 iAF1260.cmd 1,647019877E-8
500 13 0 iJN1463.cmd 6,0637934196E-9
500 13 9 iAF1260.cmd 2,0657420194E-8
500 13 9 iJN1463.cmd 8,7588761088E-9
500 1 3 iAF1260.cmd 4,0211070272E-7
500 1 3 iJN1463.cmd 3,4905010326E-7
500 2 4 iAF1260.cmd 4,998059575E-7
500 2 4 iJN1463.cmd 4,2006817087E-7
500 14 2 iAF1260.cmd 1,5264070178E-8
500 14 2 iJN1463.cmd 5,354380208E-9
500 2 1 iAF1260.cmd 4,2038378924E-7
500 2 1 iJN1463.cmd 3,5970172854E-7
500 3 0 iAF1260.cmd 3,9353885889E-7
500 3 0 iJN1463.cmd 3,2690423989E-7
500 0 13 iAF1260.cmd 5,4728370624E-8
500 0 13 iJN1463.cmd 3,7863755347E-8
500 1 2 iAF1260.cmd 3,7421284915E-7
500 1 2 iJN1463.cmd 3,2783049705E-7
500 0 3 iAF1260.cmd 1,2736648394E-7
500 0 3 iJN1463.cmd 9,8938811605E-8
500 2 0 iAF1260.cmd 3,6557324165E-7
500 2 0 iJN1463.cmd 3,1621868503E-7
500 1 1 iAF1260.cmd 3,2535523798E-7
500 1 1 iJN1463.cmd 2,903436174E-7
500 0 2 iAF1260.cmd 1,0821739547E-7
500 0 2 iJN1463.cmd 8,6756190043E-8
500 0 14 iAF1260.cmd 2,4367858474E-8
500 0 14 iJN1463.cmd 1,4224116464E-8
500 1 0 iAF1260.cmd 2,8291382447E-7
500 1 0 iJN1463.cmd 2,5600947695E-7
500 0 1 iAF1260.cmd 8,4334155574E-8
500 0 1 iJN1463.cmd 6,8674777232E-8
500 0 0 iAF1260.cmd 6,5929628673E-8
500 0 0 iJN1463.cmd 5,3814753974E-8
500 14 0 iAF1260.cmd 5,0892662914E-9
500 14 0 iJN1463.cmd 0E0
500 14 1 iAF1260.cmd 4,2126532416E-9
500 14 1 iJN1463.cmd 0E0
1000 8 14 iAF1260.cmd 1,6217703158E-7
1000 8 14 iJN1463.cmd 7,4763522106E-8
1000 7 2 iAF1260.cmd 3,9361309361E-7
1000 7 2 iJN1463.cmd 2,2966769203E-7
1000 1 7 iAF1260.cmd 1,0655632692E-6
1000 1 7 iJN1463.cmd 7,2780318199E-7
1000 7 14 iAF1260.cmd 1,9534638836E-7
1000 7 14 iJN1463.cmd 9,3770740363E-8
1000 8 7 iAF1260.cmd 2,3590261545E-7
1000 8 7 iJN1463.cmd 1,2376617976E-7
1000 9 1 iAF1260.cmd 2,3134222016E-7
1000 9 1 iJN1463.cmd 1,2006426496E-7
1000 4 12 iAF1260.cmd 1,0617383283E-6
1000 4 12 iJN1463.cmd 7,4568450472E-7
1000 4 14 iAF1260.cmd 2,9845131005E-7
1000 4 14 iJN1463.cmd 1,9646213226E-7
1000 13 6 iAF1260.cmd 1,4257757837E-7
1000 13 6 iJN1463.cmd 7,6557432259E-8
1000 2 8 iAF1260.cmd 1,1159240155E-6
1000 2 8 iJN1463.cmd 7,5259136617E-7
1000 9 9 iAF1260.cmd 1,9507860191E-7
1000 9 9 iJN1463.cmd 9,8489181049E-8
1000 2 6 iAF1260.cmd 1,2218536415E-6
1000 2 6 iJN1463.cmd 8,2150656837E-7
1000 12 13 iAF1260.cmd 9,7895043924E-8
1000 12 13 iJN1463.cmd 4,7084075543E-8
1000 11 5 iAF1260.cmd 1,7537112525E-7
1000 11 5 iJN1463.cmd 9,6156279841E-8
1000 4 5 iAF1260.cmd 7,1689108426E-7
1000 4 5 iJN1463.cmd 4,4913752566E-7
1000 0 7 iAF1260.cmd 8,4107091644E-7
1000 0 7 iJN1463.cmd 6,0001777449E-7
1000 1 6 iAF1260.cmd 1,0717981482E-6
1000 1 6 iJN1463.cmd 7,3469681443E-7
1000 1 8 iAF1260.cmd 1,0300247453E-6
1000 1 8 iJN1463.cmd 7,0769424526E-7
1000 2 7 iAF1260.cmd 1,1530009725E-6
1000 2 7 iJN1463.cmd 7,7204185427E-7
1000 2 9 iAF1260.cmd 1,0976180559E-6
1000 2 9 iJN1463.cmd 7,5253788175E-7
1000 3 8 iAF1260.cmd 1,0540142205E-6
1000 3 8 iJN1463.cmd 7,0004467932E-7
1000 3 12 iAF1260.cmd 1,0247395923E-6
1000 3 12 iJN1463.cmd 7,3218480586E-7
1000 3 14 iAF1260.cmd 4,8459283567E-7
1000 3 14 iJN1463.cmd 3,5514424104E-7
1000 4 4 iAF1260.cmd 7,4390439872E-7
1000 4 4 iJN1463.cmd 4,8122679169E-7
1000 4 6 iAF1260.cmd 7,8709999216E-7
1000 4 6 iJN1463.cmd 4,9514866864E-7
1000 4 11 iAF1260.cmd 9,7435000226E-7
1000 4 11 iJN1463.cmd 6,7443734158E-7
1000 5 5 iAF1260.cmd 6,0247562915E-7
1000 5 5 iJN1463.cmd 3,6877431144E-7
1000 5 14 iAF1260.cmd 2,4503129592E-7
1000 5 14 iJN1463.cmd 1,3622939099E-7
1000 6 2 iAF1260.cmd 4,9566118172E-7
1000 6 2 iJN1463.cmd 3,1019163378E-7
1000 6 14 iAF1260.cmd 2,229864724E-7
1000 6 14 iJN1463.cmd 1,1329480031E-7
1000 7 3 iAF1260.cmd 3,7482138837E-7
1000 7 3 iJN1463.cmd 2,1510573745E-7
1000 7 7 iAF1260.cmd 3,0035233494E-7
1000 7 7 iJN1463.cmd 1,663853687E-7
1000 7 13 iAF1260.cmd 2,6336602042E-7
1000 7 13 iJN1463.cmd 1,4177183435E-7
1000 8 1 iAF1260.cmd 2,7825473108E-7
1000 8 1 iJN1463.cmd 1,4975781493E-7
1000 8 2 iAF1260.cmd 2,9642717936E-7
1000 8 2 iJN1463.cmd 1,6258369182E-7
1000 8 6 iAF1260.cmd 2,2808882752E-7
1000 8 6 iJN1463.cmd 1,196245692E-7
1000 8 8 iAF1260.cmd 2,4968399885E-7
1000 8 8 iJN1463.cmd 1,3124447429E-7
1000 8 9 iAF1260.cmd 2,4113153057E-7
1000 8 9 iJN1463.cmd 1,2681529027E-7
1000 8 13 iAF1260.cmd 2,0826145774E-7
1000 8 13 iJN1463.cmd 1,0652361012E-7
1000 9 0 iAF1260.cmd 2,3686512366E-7
1000 9 0 iJN1463.cmd 1,2426713353E-7
1000 9 2 iAF1260.cmd 2,3079205021E-7
1000 9 2 iJN1463.cmd 1,2040057135E-7
1000 9 7 iAF1260.cmd 1,8239690164E-7
1000 9 7 iJN1463.cmd 9,1214123974E-8
1000 9 10 iAF1260.cmd 1,8016999659E-7
1000 9 10 iJN1463.cmd 8,9517197877E-8
1000 9 14 iAF1260.cmd 1,3308162895E-7
1000 9 14 iJN1463.cmd 6,0870746971E-8
1000 10 1 iAF1260.cmd 1,7851566789E-7
1000 10 1 iJN1463.cmd 8,846284627E-8
1000 10 9 iAF1260.cmd 1,5892604686E-7
1000 10 9 iJN1463.cmd 7,8012467221E-8
1000 11 4 iAF1260.cmd 1,671230977E-7
1000 11 4 iJN1463.cmd 8,8021606468E-8
1000 11 13 iAF1260.cmd 1,1220191324E-7
1000 11 13 iJN1463.cmd 5,4382256589E-8
1000 12 5 iAF1260.cmd 1,5797987588E-7
1000 12 5 iJN1463.cmd 8,595816349E-8
1000 12 6 iAF1260.cmd 1,4460794971E-7
1000 12 6 iJN1463.cmd 7,7178220454E-8
1000 12 12 iAF1260.cmd 9,5312640123E-8
1000 12 12 iJN1463.cmd 4,5547084087E-8
1000 12 14 iAF1260.cmd 9,2329498999E-8
1000 12 14 iJN1463.cmd 4,5124692587E-8
1000 13 5 iAF1260.cmd 1,3952418302E-7
1000 13 5 iJN1463.cmd 7,501229819E-8
1000 13 13 iAF1260.cmd 8,6057856368E-8
1000 13 13 iJN1463.cmd 4,0847492038E-8
1000 14 6 iAF1260.cmd 1,2514373577E-7
1000 14 6 iJN1463.cmd 6,599681308E-8
1000 3 7 iAF1260.cmd 1,0461036645E-6
1000 3 7 iJN1463.cmd 6,8761289481E-7
1000 0 6 iAF1260.cmd 8,1732082526E-7
1000 0 6 iJN1463.cmd 5,8571090115E-7
1000 0 8 iAF1260.cmd 8,1205526351E-7
1000 0 8 iJN1463.cmd 5,8136904493E-7
1000 1 9 iAF1260.cmd 9,8960924873E-7
1000 1 9 iJN1463.cmd 6,9007813162E-7
1000 3 11 iAF1260.cmd 1,053596252E-6
1000 3 11 iJN1463.cmd 7,4050899433E-7
1000 5 4 iAF1260.cmd 6,7965841311E-7
1000 5 4 iJN1463.cmd 4,2455936149E-7
1000 8 3 iAF1260.cmd 2,7826221255E-7
1000 8 3 iJN1463.cmd 1,5136626282E-7
1000 12 4 iAF1260.cmd 1,514614334E-7
1000 12 4 iJN1463.cmd 8,1325686132E-8
1000 1 5 iAF1260.cmd 9,8481831626E-7
1000 1 5 iJN1463.cmd 6,8392084892E-7
1000 3 9 iAF1260.cmd 1,1035024155E-6
1000 3 9 iJN1463.cmd 7,4895458714E-7
1000 6 3 iAF1260.cmd 4,4224840531E-7
1000 6 3 iJN1463.cmd 2,6327974315E-7
1000 7 6 iAF1260.cmd 2,8864119116E-7
1000 7 6 iJN1463.cmd 1,5901596372E-7
1000 7 8 iAF1260.cmd 2,8076741615E-7
1000 7 8 iJN1463.cmd 1,5240576067E-7
1000 8 0 iAF1260.cmd 3,0134453375E-7
1000 8 0 iJN1463.cmd 1,6789004432E-7
1000 8 10 iAF1260.cmd 2,1240571713E-7
1000 8 10 iJN1463.cmd 1,0786875629E-7
1000 9 6 iAF1260.cmd 1,8392387025E-7
1000 9 6 iJN1463.cmd 9,2221009054E-8
1000 10 0 iAF1260.cmd 1,7806068332E-7
1000 10 0 iJN1463.cmd 8,8733530088E-8
1000 10 2 iAF1260.cmd 1,7969775937E-7
1000 10 2 iJN1463.cmd 8,9518799825E-8
1000 10 10 iAF1260.cmd 1,4638531938E-7
1000 10 10 iJN1463.cmd 7,1425495596E-8
1000 14 5 iAF1260.cmd 1,2494526197E-7
1000 14 5 iJN1463.cmd 6,6131154638E-8
1000 11 12 iAF1260.cmd 1,1443995472E-7
1000 11 12 iJN1463.cmd 5,5510627096E-8
1000 13 12 iAF1260.cmd 8,0943195787E-8
1000 13 12 iJN1463.cmd 3,8043365317E-8
1000 3 13 iAF1260.cmd 8,4585765499E-7
1000 3 13 iJN1463.cmd 6,166923199E-7
1000 11 14 iAF1260.cmd 1,0135271808E-7
1000 11 14 iJN1463.cmd 4,8860967852E-8
1000 13 14 iAF1260.cmd 8,3446734589E-8
1000 13 14 iJN1463.cmd 4,0665621771E-8
1000 4 7 iAF1260.cmd 8,4187352123E-7
1000 4 7 iJN1463.cmd 5,3975838055E-7
1000 4 3 iAF1260.cmd 8,039925582E-7
1000 4 3 iJN1463.cmd 5,5796979962E-7
1000 4 10 iAF1260.cmd 9,5226398899E-7
1000 4 10 iJN1463.cmd 6,532398637E-7
1000 5 11 iAF1260.cmd 7,5911805084E-7
1000 5 11 iJN1463.cmd 5,103999362E-7
1000 6 5 iAF1260.cmd 4,1098793782E-7
1000 6 5 iJN1463.cmd 2,4007332828E-7
1000 7 9 iAF1260.cmd 3,1164292368E-7
1000 7 9 iJN1463.cmd 1,7640398913E-7
1000 2 10 iAF1260.cmd 1,0660729607E-6
1000 2 10 iJN1463.cmd 7,4562862139E-7
1000 2 12 iAF1260.cmd 9,8496205046E-7
1000 2 12 iJN1463.cmd 7,144565325E-7
1000 4 8 iAF1260.cmd 8,7006362033E-7
1000 4 8 iJN1463.cmd 5,6443061862E-7
1000 5 2 iAF1260.cmd 6,1701600462E-7
1000 5 2 iJN1463.cmd 4,1238060425E-7
1000 6 1 iAF1260.cmd 5,1767234345E-7
1000 6 1 iJN1463.cmd 3,3428118309E-7
1000 9 3 iAF1260.cmd 2,1920324737E-7
1000 9 3 iJN1463.cmd 1,1397954421E-7
1000 9 11 iAF1260.cmd 1,6431664453E-7
1000 9 11 iJN1463.cmd 8,1113539661E-8
1000 10 4 iAF1260.cmd 1,7896191077E-7
1000 10 4 iJN1463.cmd 9,1095814179E-8
1000 10 7 iAF1260.cmd 1,4312521439E-7
1000 10 7 iJN1463.cmd 6,9028052564E-8
1000 10 8 iAF1260.cmd 1,3391816016E-7
1000 10 8 iJN1463.cmd 6,4185498218E-8
1000 11 3 iAF1260.cmd 1,5791982454E-7
1000 11 3 iJN1463.cmd 7,9633972021E-8
1000 12 7 iAF1260.cmd 1,1724814539E-7
1000 12 7 iJN1463.cmd 5,8534180203E-8
1000 13 4 iAF1260.cmd 1,1851110086E-7
1000 13 4 iJN1463.cmd 6,2475057704E-8
1000 14 7 iAF1260.cmd 9,7248100424E-8
1000 14 7 iJN1463.cmd 4,9201334018E-8
1000 6 7 iAF1260.cmd 4,235497314E-7
1000 6 7 iJN1463.cmd 2,5130972095E-7
1000 6 13 iAF1260.cmd 3,0439357006E-7
1000 6 13 iJN1463.cmd 1,7016895768E-7
1000 8 5 iAF1260.cmd 2,2965040891E-7
1000 8 5 iJN1463.cmd 1,2107361453E-7
1000 9 13 iAF1260.cmd 1,6242028969E-7
1000 9 13 iJN1463.cmd 8,00959133E-8
1000 10 13 iAF1260.cmd 1,3187692925E-7
1000 10 13 iJN1463.cmd 6,417459608E-8
1000 11 1 iAF1260.cmd 1,2903981279E-7
1000 11 1 iJN1463.cmd 6,1628050083E-8
1000 12 11 iAF1260.cmd 8,7008989703E-8
1000 12 11 iJN1463.cmd 4,1273211022E-8
1000 14 13 iAF1260.cmd 7,849295348E-8
1000 14 13 iJN1463.cmd 3,6830956971E-8
1000 7 12 iAF1260.cmd 3,2674051354E-7
1000 7 12 iJN1463.cmd 1,8772089439E-7
1000 8 12 iAF1260.cmd 2,374014731E-7
1000 8 12 iJN1463.cmd 1,2693884365E-7
1000 0 9 iAF1260.cmd 7,6109769806E-7
1000 0 9 iJN1463.cmd 5,5143716602E-7
1000 3 10 iAF1260.cmd 1,06570303E-6
1000 3 10 iJN1463.cmd 7,3662121238E-7
1000 0 5 iAF1260.cmd 6,9923600175E-7
1000 0 5 iJN1463.cmd 5,0825538288E-7
1000 10 3 iAF1260.cmd 1,8124671559E-7
1000 10 3 iJN1463.cmd 9,1259248283E-8
1000 1 10 iAF1260.cmd 9,4842097991E-7
1000 1 10 iJN1463.cmd 6,7478160438E-7
1000 2 11 iAF1260.cmd 1,0379893064E-6
1000 2 11 iJN1463.cmd 7,4031487429E-7
1000 6 6 iAF1260.cmd 3,6138111815E-7
1000 6 6 iJN1463.cmd 2,0776271235E-7
1000 7 5 iAF1260.cmd 2,9817559274E-7
1000 7 5 iJN1463.cmd 1,6555242869E-7
1000 10 14 iAF1260.cmd 1,1331294729E-7
1000 10 14 iJN1463.cmd 5,3068099539E-8
1000 11 2 iAF1260.cmd 1,3525206054E-7
1000 11 2 iJN1463.cmd 6,5737215086E-8
1000 8 4 iAF1260.cmd 2,2809765432E-7
1000 8 4 iJN1463.cmd 1,1977402155E-7
1000 14 4 iAF1260.cmd 1,0301843727E-7
1000 14 4 iJN1463.cmd 5,3352488725E-8
1000 10 11 iAF1260.cmd 1,3936273846E-7
1000 10 11 iJN1463.cmd 6,7988421886E-8
1000 11 0 iAF1260.cmd 1,2470630377E-7
1000 11 0 iJN1463.cmd 5,9235535625E-8
1000 9 5 iAF1260.cmd 1,9485524709E-7
1000 9 5 iJN1463.cmd 9,9144654705E-8
1000 10 6 iAF1260.cmd 1,5299069883E-7
1000 10 6 iJN1463.cmd 7,396331353E-8
1000 10 12 iAF1260.cmd 1,3971983691E-7
1000 10 12 iJN1463.cmd 6,8765897093E-8
1000 11 11 iAF1260.cmd 1,1102699959E-7
1000 11 11 iJN1463.cmd 5,3500316632E-8
1000 13 11 iAF1260.cmd 7,0528409899E-8
1000 13 11 iJN1463.cmd 3,2890773895E-8
1000 14 12 iAF1260.cmd 7,2654981568E-8
1000 14 12 iJN1463.cmd 3,3723536836E-8
1000 2 13 iAF1260.cmd 8,3690381198E-7
1000 2 13 iJN1463.cmd 6,1597508044E-7
1000 5 7 iAF1260.cmd 6,4667718881E-7
1000 5 7 iJN1463.cmd 4,0681679344E-7
1000 7 0 iAF1260.cmd 3,9009111643E-7
1000 7 0 iJN1463.cmd 2,3723078481E-7
1000 4 2 iAF1260.cmd 7,6533926308E-7
1000 4 2 iJN1463.cmd 5,3809484683E-7
1000 5 10 iAF1260.cmd 7,7489027182E-7
1000 5 10 iJN1463.cmd 5,2066186546E-7
1000 5 13 iAF1260.cmd 3,0822190474E-7
1000 5 13 iJN1463.cmd 1,7437450541E-7
1000 9 4 iAF1260.cmd 2,0007902707E-7
1000 9 4 iJN1463.cmd 1,0234539337E-7
1000 9 12 iAF1260.cmd 1,7556671009E-7
1000 9 12 iJN1463.cmd 8,8700023144E-8
1000 11 10 iAF1260.cmd 1,0892171692E-7
1000 11 10 iJN1463.cmd 5,2268071316E-8
1000 5 1 iAF1260.cmd 5,6934673461E-7
1000 5 1 iJN1463.cmd 3,7936131637E-7
1000 11 7 iAF1260.cmd 1,1892391333E-7
1000 11 7 iJN1463.cmd 5,686225405E-8
1000 14 14 iAF1260.cmd 7,7059383423E-8
1000 14 14 iJN1463.cmd 3,7245352449E-8
1000 6 9 iAF1260.cmd 4,401079122E-7
1000 6 9 iJN1463.cmd 2,7153178354E-7
1000 3 3 iAF1260.cmd 8,4585803498E-7
1000 3 3 iJN1463.cmd 6,1935250085E-7
1000 5 8 iAF1260.cmd 7,0190550595E-7
1000 5 8 iJN1463.cmd 4,5029425644E-7
1000 11 8 iAF1260.cmd 1,1031014342E-7
1000 11 8 iJN1463.cmd 5,1939454257E-8
1000 6 0 iAF1260.cmd 4,8975142985E-7
1000 6 0 iJN1463.cmd 3,1850727848E-7
1000 6 11 iAF1260.cmd 5,1845225048E-7
1000 6 11 iJN1463.cmd 3,2929744444E-7
1000 6 12 iAF1260.cmd 3,8573399457E-7
1000 6 12 iJN1463.cmd 2,2960637135E-7
1000 12 8 iAF1260.cmd 9,3603864186E-8
1000 12 8 iJN1463.cmd 4,4455861837E-8
1000 13 3 iAF1260.cmd 7,952711472E-8
1000 13 3 iJN1463.cmd 3,9537787604E-8
1000 1 12 iAF1260.cmd 8,6753289058E-7
1000 1 12 iJN1463.cmd 6,3831741616E-7
1000 14 8 iAF1260.cmd 6,9896367607E-8
1000 14 8 iJN1463.cmd 3,3347453968E-8
1000 12 10 iAF1260.cmd 7,7841998925E-8
1000 12 10 iJN1463.cmd 3,6579216339E-8
1000 12 1 iAF1260.cmd 9,2662069321E-8
1000 12 1 iJN1463.cmd 4,2734431011E-8
1000 2 14 iAF1260.cmd 4,6982187345E-7
1000 2 14 iJN1463.cmd 3,5277300882E-7
1000 1 11 iAF1260.cmd 9,1011189024E-7
1000 1 11 iJN1463.cmd 6,6052069524E-7
1000 7 11 iAF1260.cmd 4,1724844655E-7
1000 7 11 iJN1463.cmd 2,5393732664E-7
1000 0 10 iAF1260.cmd 7,0280316263E-7
1000 0 10 iJN1463.cmd 5,1841617437E-7
1000 14 11 iAF1260.cmd 6,2172773206E-8
1000 14 11 iJN1463.cmd 2,8630701644E-8
1000 5 9 iAF1260.cmd 6,2355084706E-7
1000 5 9 iJN1463.cmd 4,0415961327E-7
1000 12 2 iAF1260.cmd 9,0044227922E-8
1000 12 2 iJN1463.cmd 4,2024684609E-8
1000 14 3 iAF1260.cmd 7,0951369704E-8
1000 14 3 iJN1463.cmd 3,4764632146E-8
1000 3 2 iAF1260.cmd 8,2229159706E-7
1000 3 2 iJN1463.cmd 6,0961621435E-7
1000 12 0 iAF1260.cmd 8,044792003E-8
1000 12 0 iJN1463.cmd 3,6416717756E-8
1000 5 0 iAF1260.cmd 5,7273104227E-7
1000 5 0 iJN1463.cmd 3,9394830743E-7
1000 13 10 iAF1260.cmd 6,0229868379E-8
1000 13 10 iJN1463.cmd 2,7768989978E-8
1000 0 4 iAF1260.cmd 4,7190855568E-7
1000 0 4 iJN1463.cmd 3,6044085521E-7
1000 12 9 iAF1260.cmd 6,8774846875E-8
1000 12 9 iJN1463.cmd 3,1989841321E-8
1000 2 3 iAF1260.cmd 8,3352579824E-7
1000 2 3 iJN1463.cmd 6,3337995821E-7
1000 0 12 iAF1260.cmd 5,2040682257E-7
1000 0 12 iJN1463.cmd 3,9522381906E-7
1000 0 11 iAF1260.cmd 6,3432662809E-7
1000 0 11 iJN1463.cmd 4,7640209352E-7
1000 13 2 iAF1260.cmd 6,4845374898E-8
1000 13 2 iJN1463.cmd 3,0150667569E-8
1000 2 2 iAF1260.cmd 7,9949829923E-7
1000 2 2 iJN1463.cmd 6,1184415813E-7
1000 3 1 iAF1260.cmd 8,0490373394E-7
1000 3 1 iJN1463.cmd 6,1302011161E-7
1000 14 9 iAF1260.cmd 5,3311454872E-8
1000 14 9 iJN1463.cmd 2,441411294E-8
1000 4 0 iAF1260.cmd 6,6654477765E-7
1000 4 0 iJN1463.cmd 4,8904450972E-7
1000 14 10 iAF1260.cmd 5,3330013198E-8
1000 14 10 iJN1463.cmd 2,4305817947E-8
1000 1 14 iAF1260.cmd 2,5234463822E-7
1000 1 14 iJN1463.cmd 1,9071902382E-7
1000 13 0 iAF1260.cmd 4,3763188487E-8
1000 13 0 iJN1463.cmd 1,7971978445E-8
1000 13 9 iAF1260.cmd 5,4368177556E-8
1000 13 9 iJN1463.cmd 2,4805344661E-8
1000 1 3 iAF1260.cmd 6,9534924024E-7
1000 1 3 iJN1463.cmd 5,3950917153E-7
1000 2 4 iAF1260.cmd 9,0340551792E-7
1000 2 4 iJN1463.cmd 6,9148101634E-7
1000 14 2 iAF1260.cmd 4,7363505851E-8
1000 14 2 iJN1463.cmd 2,111834528E-8
1000 2 1 iAF1260.cmd 7,725279444E-7
1000 2 1 iJN1463.cmd 5,9935122693E-7
1000 3 0 iAF1260.cmd 7,5376072315E-7
1000 3 0 iJN1463.cmd 5,7484019157E-7
1000 0 13 iAF1260.cmd 2,6708494671E-7
1000 0 13 iJN1463.cmd 2,0437767112E-7
1000 1 2 iAF1260.cmd 6,7668290499E-7
1000 1 2 iJN1463.cmd 5,3024636494E-7
1000 0 3 iAF1260.cmd 4,6040878532E-7
1000 0 3 iJN1463.cmd 3,7056027676E-7
1000 2 0 iAF1260.cmd 7,4587909643E-7
1000 2 0 iJN1463.cmd 5,8235881008E-7
1000 1 1 iAF1260.cmd 6,5434114731E-7
1000 1 1 iJN1463.cmd 5,1865535614E-7
1000 0 2 iAF1260.cmd 4,4251861062E-7
1000 0 2 iJN1463.cmd 3,6668700687E-7
1000 0 14 iAF1260.cmd 1,8500464123E-7
1000 0 14 iJN1463.cmd 1,3997853772E-7
1000 1 0 iAF1260.cmd 6,3685073201E-7
1000 1 0 iJN1463.cmd 5,0821768889E-7
1000 0 1 iAF1260.cmd 4,2236248151E-7
1000 0 1 iJN1463.cmd 3,5638252357E-7
1000 0 0 iAF1260.cmd 4,0810020358E-7
1000 0 0 iJN1463.cmd 3,4763975036E-7
1000 14 0 iAF1260.cmd 2,6482893639E-8
1000 14 0 iJN1463.cmd 9,2728043408E-9
1000 14 1 iAF1260.cmd 2,7409881332E-8
1000 14 1 iJN1463.cmd 1,0031499099E-8
