0	1,5E-7	1,5E-8
1	1,5785755297E-7	1,5521410734E-8
2	1,6617393808E-7	1,6067055176E-8
3	1,7625749209E-7	1,6715991041E-8
4	1,8748275852E-7	1,7422821376E-8
5	1,9993916681E-7	1,8178688788E-8
6	2,1357208784E-7	1,8979223896E-8
7	2,2842352805E-7	1,9825575027E-8
8	2,4450211637E-7	2,0718868984E-8
9	2,6189804182E-7	2,1661972012E-8
10	2,8064525479E-7	2,2657641831E-8
11	3,0078687369E-7	2,3707858686E-8
12	3,2242714261E-7	2,4815547421E-8
13	3,456785343E-7	2,5983803135E-8
14	3,7066256669E-7	2,7215888269E-8
15	3,9750986699E-7	2,8515241631E-8
16	4,2635968014E-7	2,9885487921E-8
17	4,5735870324E-7	3,1330447775E-8
18	4,9065925306E-7	3,2854148364E-8
19	5,2642766521E-7	3,4460834564E-8
20	5,6485094658E-7	3,6154980734E-8
21	6,0612980339E-7	3,7941303133E-8
22	6,5047976685E-7	3,9824773008E-8
23	6,9815775074E-7	4,1810630382E-8
24	7,4939172287E-7	4,3930466392E-8
25	8,0418467736E-7	4,6165141838E-8
26	8,6170824183E-7	4,8516545864E-8
27	9,2091095319E-7	5,0992336332E-8
28	9,818470729E-7	5,3601721419E-8
29	1,0447926162E-6	5,6351466991E-8
30	1,1101601588E-6	5,9248567888E-8
31	1,1778631063E-6	6,2325865202E-8
32	1,2478204131E-6	6,5567882178E-8
33	1,3199021426E-6	6,9008389695E-8
34	1,3939263334E-6	7,2631592721E-8
35	1,4698332756E-6	7,644513997E-8
36	1,5475690018E-6	8,0456244725E-8
37	1,6276629313E-6	8,4671570806E-8
38	1,709695344E-6	8,9096281356E-8
39	1,7914640732E-6	9,3715682065E-8
40	1,8735300225E-6	9,8482243627E-8
41	1,9562932305E-6	1,0340455429E-7
42	2,039841902E-6	1,0847722115E-7
43	2,1245192615E-6	1,1381640522E-7
44	2,2107427719E-6	1,192690624E-7
45	2,2985960545E-6	1,251588425E-7
46	2,3881700614E-6	1,3122585128E-7
47	2,479621793E-6	1,3778999791E-7
48	2,5730642019E-6	1,4474597841E-7
49	2,6687678177E-6	1,5202265526E-7
50	2,7666904669E-6	1,5963881841E-7
51	2,8669895207E-6	1,6761310624E-7
52	2,9698663184E-6	1,7596831686E-7
53	3,0753658665E-6	1,8471713117E-7
54	3,1831861815E-6	1,9388197667E-7
55	3,2934115778E-6	2,0348399353E-7
56	3,4063486295E-6	2,1354210736E-7
57	3,5221608861E-6	2,2407356595E-7
58	3,6410475936E-6	2,3509529893E-7
59	3,7632207539E-6	2,4662692577E-7
60	3,8887922429E-6	2,5868993061E-7
61	4,0177034472E-6	2,7130573134E-7
62	4,1494737776E-6	2,8466847379E-7
63	4,2841808314E-6	2,9872611671E-7
64	4,4216861189E-6	3,1357066028E-7
65	4,5622978207E-6	3,2909030101E-7
66	4,706144252E-6	3,4532574456E-7
67	4,85321414E-6	3,6230785049E-7
68	5,0037234879E-6	3,8007727967E-7
69	5,157523693E-6	3,9863519113E-7
70	5,3145633814E-6	4,1801870092E-7
71	5,475057277E-6	4,3814494813E-7
72	5,6391713707E-6	4,5918198868E-7
73	5,8062182505E-6	4,8117070352E-7
74	5,976249496E-6	5,0411935263E-7
75	6,1496914458E-6	5,280834673E-7
76	6,3266828723E-6	5,5307560453E-7
77	6,5064900081E-6	5,7928238396E-7
78	6,6892353808E-6	6,0673987367E-7
79	6,8748860907E-6	6,3541448402E-7
80	7,0653547093E-6	6,6499245121E-7
81	7,2583212181E-6	6,9601313889E-7
82	7,4537209469E-6	7,2811966623E-7
83	7,6513217769E-6	7,6173863482E-7
84	7,851403764E-6	7,9694227763E-7
85	8,0544149565E-6	8,3361149387E-7
86	8,2604543667E-6	8,718995103E-7
87	8,469606687E-6	9,1193318204E-7
88	8,6818770544E-6	9,5369110874E-7
89	8,8974103065E-6	9,9724588189E-7
90	9,1163027086E-6	1,042659553E-6
91	9,3387064344E-6	1,089991841E-6
92	9,5647343638E-6	1,1393070411E-6
93	9,7945196649E-6	1,1907198012E-6
94	1,0028191809E-5	1,2443619875E-6
95	1,0267483727E-5	1,3003497369E-6
96	1,0511799052E-5	1,3587615472E-6
97	1,0761758675E-5	1,4194287143E-6
98	1,1015632968E-5	1,4826665247E-6
99	1,1273095348E-5	1,5485069988E-6
100	1,1534558291E-5	1,6169106296E-6
101	1,180105305E-5	1,687920584E-6
102	1,2073112849E-5	1,7616587855E-6
103	1,2349709097E-5	1,8382872886E-6
104	1,2630126991E-5	1,9179904131E-6
105	1,2914178433E-5	2,0013800803E-6
106	1,3203617269E-5	2,0882000229E-6
107	1,3499354894E-5	2,1781132903E-6
108	1,379910214E-5	2,2719423453E-6
109	1,4103894023E-5	2,369474795E-6
110	1,4415142222E-5	2,4706089927E-6
111	1,4732532261E-5	2,5757533947E-6
112	1,5055586294E-5	2,6851312901E-6
113	1,5383309631E-5	2,7993353872E-6
114	1,5716377765E-5	2,9179646901E-6
115	1,6053279094E-5	3,0414403217E-6
116	1,639306981E-5	3,1697167292E-6
117	1,6733502566E-5	3,3029898909E-6
118	1,707014685E-5	3,4414995857E-6
119	1,7396361088E-5	3,5851753483E-6
120	1,7710265236E-5	3,734514763E-6
121	1,8008845979E-5	3,8893920219E-6
122	1,8289267029E-5	4,0501367449E-6
123	1,8550213042E-5	4,2169617688E-6
124	1,8791332447E-5	4,389763676E-6
125	1,901445556E-5	4,5690291545E-6
126	1,9224814356E-5	4,7546748823E-6
127	1,9422937393E-5	4,946871605E-6
128	1,9610275873E-5	5,1463334744E-6
129	1,9788354849E-5	5,3528768495E-6
130	1,9958895871E-5	5,5667554779E-6
131	2,0123825207E-5	5,7878199881E-6
132	2,0285737257E-5	6,0163946658E-6
133	2,0444666942E-5	6,2525174796E-6
134	2,0601506744E-5	6,49561979E-6
135	2,0756505787E-5	6,7449460719E-6
136	2,0910631533E-5	6,9988265126E-6
137	2,106368772E-5	7,2565215701E-6
138	2,121475642E-5	7,5168239388E-6
139	2,1366144629E-5	7,7761407649E-6
140	2,1515542113E-5	8,0327654125E-6
141	2,1665035817E-5	8,2847473483E-6
142	2,1814456717E-5	8,532235115E-6
143	2,1964433651E-5	8,7723030008E-6
144	2,2112927819E-5	9,0045998252E-6
145	2,2259829379E-5	9,2294058428E-6
146	2,2406841581E-5	9,4421418372E-6
147	2,2554924329E-5	9,6357165819E-6
148	2,2703043746E-5	9,8118450743E-6
149	2,2851275114E-5	9,9718635527E-6
150	2,2998395516E-5	1,0118327321E-5
151	2,3144663675E-5	1,0253803096E-5
152	2,3290885884E-5	1,0379091714E-5
153	2,3436369189E-5	1,0495920225E-5
154	2,3581558708E-5	1,0606094322E-5
155	2,3726110223E-5	1,0712036706E-5
156	2,3869762723E-5	1,0815110796E-5
157	2,4013132316E-5	1,0916124885E-5
158	2,4155824555E-5	1,1016259081E-5
159	2,4298194486E-5	1,1116047222E-5
160	2,4440087528E-5	1,1214947476E-5
161	2,4581050267E-5	1,1312786417E-5
162	2,472063022E-5	1,1411190413E-5
163	2,4859163036E-5	1,1509757324E-5
164	2,4997931228E-5	1,1608409467E-5
165	2,513489187E-5	1,1706484512E-5
166	2,5270907617E-5	1,1805935246E-5
167	2,5406272826E-5	1,1906326573E-5
168	2,5540954144E-5	1,2006922622E-5
169	2,5674965813E-5	1,2108076793E-5
170	2,580785278E-5	1,2209466065E-5
171	2,594002287E-5	1,2311562712E-5
172	2,6071648563E-5	1,2413834521E-5
173	2,6203467924E-5	1,2516196011E-5
174	2,6335162176E-5	1,2618190832E-5
175	2,646626061E-5	1,2721280501E-5
176	2,6598722738E-5	1,2822690753E-5
177	2,6732542992E-5	1,2923492377E-5
178	2,6865012468E-5	1,3025663624E-5
179	2,6996486064E-5	1,3128648423E-5
180	2,7128929543E-5	1,3229692496E-5
181	2,7261098046E-5	1,3331042222E-5
182	2,7393094952E-5	1,3433088572E-5
183	2,7524951596E-5	1,3535560273E-5
184	2,7656228438E-5	1,3638153526E-5
185	2,7787701871E-5	1,3740525929E-5
186	2,7919304793E-5	1,3842623922E-5
187	2,8050234023E-5	1,3945177725E-5
188	2,8179803583E-5	1,4049004128E-5
189	2,8309160848E-5	1,4152857886E-5
190	2,8439619518E-5	1,425600496E-5
191	2,8569980151E-5	1,435905546E-5
192	2,8700108112E-5	1,4461694909E-5
193	2,8828541294E-5	1,4564849656E-5
194	2,895807711E-5	1,4669012791E-5
195	2,9086188934E-5	1,4773462263E-5
196	2,9213771578E-5	1,4878230644E-5
197	2,9341899525E-5	1,4982550947E-5
198	2,9470121513E-5	1,5086013019E-5
199	2,9598469015E-5	1,5189034726E-5
200	2,9726981373E-5	1,5292036175E-5
201	2,9855323177E-5	1,5395418719E-5
202	2,9983714978E-5	1,5498952428E-5
203	3,0112161966E-5	1,5601902552E-5
204	3,0240518575E-5	1,5704352621E-5
205	3,0368587793E-5	1,5806781364E-5
206	3,0496430439E-5	1,5909381527E-5
207	3,0624035217E-5	1,6012144402E-5
208	3,0751330325E-5	1,6114294784E-5
209	3,0878361636E-5	1,6216693843E-5
210	3,1005174098E-5	1,6319237247E-5
211	3,1131687363E-5	1,6421454639E-5
212	3,1257955864E-5	1,6523703024E-5
213	3,1381821462E-5	1,6627558072E-5
214	3,15068977E-5	1,6730503166E-5
215	3,1632136783E-5	1,6833257576E-5
216	3,1757413565E-5	1,6936246912E-5
217	3,188272722E-5	1,7039185264E-5
218	3,2007889795E-5	1,7142022176E-5
219	3,2132944085E-5	1,7243739665E-5
220	3,2257855841E-5	1,7345498465E-5
221	3,2382660988E-5	1,7447259685E-5
222	3,2507390746E-5	1,7549064483E-5
223	3,263203043E-5	1,7650016988E-5
224	3,2756585798E-5	1,7749870818E-5
225	3,2879117849E-5	1,7851512587E-5
226	3,299979565E-5	1,7954921226E-5
227	3,3119637223E-5	1,8058764397E-5
228	3,3238763525E-5	1,8162992075E-5
229	3,3357402989E-5	1,8267509008E-5
230	3,3476135137E-5	1,8372143426E-5
231	3,3595092615E-5	1,8476307468E-5
232	3,3714293538E-5	1,858070361E-5
233	3,3835153034E-5	1,868297341E-5
234	3,3954498837E-5	1,8786353909E-5
235	3,4072508598E-5	1,8889790396E-5
236	3,4188688764E-5	1,8994348922E-5
237	3,4304472465E-5	1,9098481424E-5
238	3,4419684942E-5	1,9202756208E-5
239	3,4536146319E-5	1,9306123934E-5
240	3,4652137806E-5	1,9409418839E-5
241	3,4768408125E-5	1,9512509899E-5
242	3,4884127092E-5	1,9615455502E-5
243	3,4999945766E-5	1,9718187184E-5
244	3,5116243704E-5	1,9820684257E-5
245	3,5232490461E-5	1,9922043365E-5
246	3,5348177979E-5	2,0023573873E-5
247	3,5463596393E-5	2,0124970167E-5
248	3,5578875377E-5	2,0226288136E-5
249	3,5698244949E-5	2,0323434469E-5
250	3,5817736264E-5	2,0420237576E-5
251	3,5938409282E-5	2,0515797082E-5
252	3,6059438227E-5	2,0610883001E-5
253	3,6180569553E-5	2,0705689884E-5
254	3,6301575052E-5	2,0799951504E-5
255	3,6422416408E-5	2,0893900006E-5
256	3,6543124295E-5	2,0987622413E-5
257	3,6663775826E-5	2,1081112708E-5
258	3,678421734E-5	2,1174425175E-5
259	3,6904625858E-5	2,1267485899E-5
260	3,702493738E-5	2,1360350803E-5
261	3,7145118198E-5	2,1453116194E-5
262	3,7265107888E-5	2,1546106038E-5
263	3,7384657953E-5	2,1638903259E-5
264	3,7504234262E-5	2,1731334924E-5
265	3,7624005821E-5	2,1823951965E-5
266	3,7743800563E-5	2,1915525641E-5
267	3,7863560738E-5	2,2006869003E-5
268	3,7982609246E-5	2,2099506858E-5
269	3,8100763127E-5	2,219245068E-5
270	3,8219520204E-5	2,2284006945E-5
271	3,8338454344E-5	2,2375535439E-5
272	3,8457380877E-5	2,2466675898E-5
273	3,8570960616E-5	2,2561662763E-5
274	3,8682259698E-5	2,2658048609E-5
275	3,879867478E-5	2,2750342625E-5
276	3,8911794905E-5	2,2844919481E-5
277	3,9022244708E-5	2,2941247599E-5
278	3,913185917E-5	2,3037985886E-5
279	3,9240906912E-5	2,3134926396E-5
280	3,9349579855E-5	2,3232061192E-5
281	3,9463627195E-5	2,3325940948E-5
282	3,9579112375E-5	2,3417939448E-5
283	3,9695043916E-5	2,3508462502E-5
284	3,9811034242E-5	2,3598792274E-5
285	3,9926936553E-5	2,3688679677E-5
286	4,0042040266E-5	2,378039199E-5
287	4,0156355655E-5	2,3871595079E-5
288	4,0270415494E-5	2,3962280894E-5
289	4,0383296165E-5	2,4052992021E-5
290	4,0491014113E-5	2,4147684337E-5
291	4,0597836416E-5	2,4242717921E-5
292	4,070412721E-5	2,4337931127E-5
293	4,0812850977E-5	2,4430903765E-5
294	4,0919784365E-5	2,4526010288E-5
295	4,1030507433E-5	2,4617940114E-5
296	4,114061033E-5	2,4709486025E-5
297	4,125100548E-5	2,4801342235E-5
298	4,135561056E-5	2,4897054028E-5
299	4,1463402525E-5	2,4990834565E-5
300	4,1570150463E-5	2,5085333553E-5
301	4,1679441972E-5	2,5177856639E-5
302	4,1788710515E-5	2,5270363926E-5
303	4,1897905356E-5	2,5362724436E-5
304	4,2006821505E-5	2,5454340356E-5
305	4,2115975832E-5	2,5545449244E-5
306	4,221988629E-5	2,5640202393E-5
307	4,2322731187E-5	2,5734381344E-5
308	4,2424449135E-5	2,5828972018E-5
309	4,2525656026E-5	2,5923817355E-5
310	4,262653003E-5	2,6018742254E-5
311	4,2727110524E-5	2,6113619101E-5
312	4,2830005583E-5	2,6205849915E-5
313	4,2931165529E-5	2,6300037824E-5
314	4,3037765624E-5	2,6389972204E-5
315	4,3139494516E-5	2,6482178192E-5
316	4,3240797524E-5	2,6574403148E-5
317	4,3340602192E-5	2,6667517215E-5
318	4,3447157821E-5	2,6755708903E-5
319	4,3552493494E-5	2,6844362533E-5
320	4,3653917412E-5	2,6935609412E-5
321	4,3758210637E-5	2,7024722623E-5
322	4,3863817456E-5	2,7112187603E-5
323	4,3967433237E-5	2,7200336017E-5
324	4,4068608627E-5	2,7290290433E-5
325	4,41734364E-5	2,7377139856E-5
326	4,4279620506E-5	2,7462565449E-5
327	4,4381536867E-5	2,7550799595E-5
328	4,4480439876E-5	2,7641121319E-5
329	4,4581513603E-5	2,7728940214E-5
330	4,4685602062E-5	2,7815035977E-5
331	4,4791405795E-5	2,7899668296E-5
332	4,4897606113E-5	2,7983764112E-5
333	4,5003850111E-5	2,8067508784E-5
334	4,5105184609E-5	2,8154577833E-5
335	4,52031415E-5	2,824400002E-5
336	4,529924636E-5	2,8334569906E-5
337	4,5394610234E-5	2,842546135E-5
338	4,5489461475E-5	2,8516315185E-5
339	4,5584025836E-5	2,8607150995E-5
340	4,5678358651E-5	2,8697963762E-5
341	4,5772465936E-5	2,8788756496E-5
342	4,5866327042E-5	2,8879534025E-5
343	4,5959976798E-5	2,8970327529E-5
344	4,6053395337E-5	2,9061075691E-5
345	4,614657153E-5	2,9151210026E-5
346	4,6239490485E-5	2,9241219574E-5
347	4,6332203413E-5	2,9331160546E-5
348	4,6424694916E-5	2,9421031413E-5
349	4,6516948604E-5	2,9510188098E-5
350	4,6609004235E-5	2,9599244488E-5
351	4,6700820433E-5	2,9688185384E-5
352	4,6792396152E-5	2,9776983549E-5
353	4,688371039E-5	2,9865622432E-5
354	4,6974788836E-5	2,9954105134E-5
355	4,7065647069E-5	3,0042444306E-5
356	4,7156296508E-5	3,0130637332E-5
357	4,7246741095E-5	3,0218683437E-5
358	4,7336984388E-5	3,0306581168E-5
359	4,7427050491E-5	3,0394323124E-5
360	4,7516950144E-5	3,0481910065E-5
361	4,7606674429E-5	3,0569355735E-5
362	4,7696238284E-5	3,0656649387E-5
363	4,7785663309E-5	3,0743774567E-5
364	4,7874927655E-5	3,0830705008E-5
365	4,7963845045E-5	3,0917306578E-5
366	4,8052527976E-5	3,1003735892E-5
367	4,8141074521E-5	3,1090003785E-5
368	4,8229534314E-5	3,1176101163E-5
369	4,8317872002E-5	3,1262053868E-5
370	4,8406067984E-5	3,1347908507E-5
371	4,8494108827E-5	3,1433642968E-5
372	4,858198163E-5	3,151923358E-5
373	4,8669766057E-5	3,1604630924E-5
374	4,8757401736E-5	3,1689864307E-5
375	4,8844839288E-5	3,1774972539E-5
376	4,8932114861E-5	3,1859357923E-5
377	4,9019207013E-5	3,1943552125E-5
378	4,9106153325E-5	3,202753104E-5
379	4,9192942638E-5	3,2111285628E-5
380	4,9279553887E-5	3,2194796444E-5
381	4,9365985821E-5	3,2278083364E-5
382	4,945226479E-5	3,236116038E-5
383	4,9538377768E-5	3,2444016853E-5
384	4,9624335973E-5	3,2526655852E-5
385	4,9710180677E-5	3,2609027694E-5
386	4,9795866351E-5	3,2691178874E-5
387	4,9881397059E-5	3,2773101585E-5
388	4,9966772699E-5	3,2854785459E-5
389	5,005200391E-5	3,2936221189E-5
390	5,0137098546E-5	3,3017404826E-5
391	5,0222061763E-5	3,3098343222E-5
392	5,0306880761E-5	3,3179027265E-5
393	5,039156567E-5	3,3259464209E-5
394	5,0476111968E-5	3,3339650908E-5
395	5,0560510446E-5	3,3419581225E-5
396	5,0644781116E-5	3,3499268694E-5
397	5,072892119E-5	3,3578714506E-5
398	5,0812928493E-5	3,3657918713E-5
399	5,0896802087E-5	3,3736881213E-5
400	5,0980542049E-5	3,381560133E-5
401	5,106415263E-5	3,3894051884E-5
402	5,1147637095E-5	3,3972226715E-5
403	5,1231009759E-5	3,4050133014E-5
404	5,1314259837E-5	3,4127771211E-5
405	5,1397380977E-5	3,4205136354E-5
406	5,1480385852E-5	3,4282231743E-5
407	5,1563266117E-5	3,435905044E-5
408	5,164603573E-5	3,4435602148E-5
409	5,1728687925E-5	3,4511882748E-5
410	5,1811218265E-5	3,458788918E-5
411	5,189362638E-5	3,4663620687E-5
412	5,1975915859E-5	3,4739078228E-5
413	5,2058095175E-5	3,4814263173E-5
414	5,2140142261E-5	3,4889179067E-5
415	5,2222077503E-5	3,4963820397E-5
416	5,2303872164E-5	3,5038186896E-5
417	5,2385537236E-5	3,5112288621E-5
418	5,2467075844E-5	3,5186119892E-5
419	5,2548489206E-5	3,525967922E-5
420	5,2629777329E-5	3,5332966111E-5
421	5,2710936903E-5	3,5405976869E-5
422	5,2791966027E-5	3,5478730008E-5
423	5,2872853495E-5	3,555123907E-5
424	5,295359853E-5	3,5623513166E-5
425	5,3034196341E-5	3,5695550454E-5
426	5,3114640135E-5	3,5767346829E-5
427	5,3194920417E-5	3,583892645E-5
428	5,3275037948E-5	3,5910301221E-5
429	5,3354982527E-5	3,5981467028E-5
430	5,34347609E-5	3,6052429546E-5
431	5,351436967E-5	3,6123186785E-5
432	5,3593806848E-5	3,6193738157E-5
433	5,367307826E-5	3,6264088188E-5
434	5,3752192738E-5	3,6334239816E-5
435	5,3831150901E-5	3,6404193897E-5
436	5,3909952177E-5	3,6473950498E-5
437	5,398859613E-5	3,6543509513E-5
438	5,4067084545E-5	3,6612867343E-5
439	5,4145427637E-5	3,6682006182E-5
440	5,4223627718E-5	3,6750923278E-5
441	5,4301685149E-5	3,6819617925E-5
442	5,4379599834E-5	3,6888089888E-5
443	5,4457362539E-5	3,695633315E-5
444	5,4534983593E-5	3,7024361232E-5
445	5,461245306E-5	3,7092168341E-5
446	5,4689778086E-5	3,7159759584E-5
447	5,4766954655E-5	3,7227133441E-5
448	5,4843981554E-5	3,7294289481E-5
449	5,4920858255E-5	3,7361227539E-5
450	5,4997574154E-5	3,7427949475E-5
451	5,5074136596E-5	3,7494453369E-5
452	5,5150547559E-5	3,7560739049E-5
453	5,5226807395E-5	3,7626806528E-5
454	5,5302916079E-5	3,7692655826E-5
455	5,5378873223E-5	3,775828668E-5
456	5,5454678333E-5	3,782369867E-5
457	5,5530338023E-5	3,7888892225E-5
458	5,5605859562E-5	3,7953873193E-5
459	5,5681243715E-5	3,801864353E-5
460	5,5756482565E-5	3,808319856E-5
461	5,5831587378E-5	3,8147547299E-5
462	5,5906560493E-5	3,8211675769E-5
463	5,5981394949E-5	3,8275593099E-5
464	5,6056081777E-5	3,8339295866E-5
465	5,6130633223E-5	3,8402792823E-5
466	5,6205042111E-5	3,846608412E-5
467	5,6279305523E-5	3,8529170568E-5
468	5,6353416168E-5	3,8592047922E-5
469	5,6427385712E-5	3,8654724556E-5
470	5,6501210346E-5	3,8717198208E-5
471	5,6574888674E-5	3,8779468197E-5
472	5,6648419951E-5	3,884153429E-5
473	5,672179729E-5	3,8903392004E-5
474	5,6795031923E-5	3,8965048974E-5
475	5,6868113901E-5	3,902649864E-5
476	5,6941053119E-5	3,9087747693E-5
477	5,7013845075E-5	3,9148793701E-5
478	5,7086487839E-5	3,9209635452E-5
479	5,7158981456E-5	3,9270272511E-5
480	5,723132579E-5	3,9330704801E-5
481	5,730352075E-5	3,9390932322E-5
482	5,7375560029E-5	3,9450951102E-5
483	5,7447447924E-5	3,9510764093E-5
484	5,7519185831E-5	3,9570372123E-5
485	5,7590775811E-5	3,9629776777E-5
486	5,7662210583E-5	3,9688973284E-5
487	5,7733493815E-5	3,9747964421E-5
488	5,7804639211E-5	3,9806756575E-5
489	5,7875646204E-5	3,9865351326E-5
490	5,7946513817E-5	3,9923748765E-5
491	5,8017232331E-5	3,9981942638E-5
492	5,8087805006E-5	4,0039935207E-5
493	5,8158228928E-5	4,009772503E-5
494	5,8228506847E-5	4,0155314454E-5
495	5,8298640996E-5	4,0212710155E-5
496	5,8368624848E-5	4,026991064E-5
497	5,8438462915E-5	4,0326918966E-5
498	5,8508151676E-5	4,0383732797E-5
499	5,8577681618E-5	4,0440345895E-5
500	5,8647062125E-5	4,0496764853E-5
501	5,8716288418E-5	4,0552986151E-5
502	5,8785363052E-5	4,0609011294E-5
503	5,8854290563E-5	4,0664843135E-5
504	5,8923064191E-5	4,0720476698E-5
505	5,8991685659E-5	4,0775924321E-5
506	5,9060149617E-5	4,0831198678E-5
507	5,9128451311E-5	4,0886299509E-5
508	5,9196589465E-5	4,0941226633E-5
509	5,9264563739E-5	4,0995979979E-5
510	5,9332373914E-5	4,1050559629E-5
511	5,9400020141E-5	4,1104965446E-5
512	5,9467494585E-5	4,1159192062E-5
513	5,9534806874E-5	4,1213245886E-5
514	5,9601966421E-5	4,1267130115E-5
515	5,9668980636E-5	4,1320850072E-5
516	5,9735842623E-5	4,1374402062E-5
517	5,9802549046E-5	4,142777312E-5
518	5,9869124241E-5	4,1480961592E-5
519	5,9935558187E-5	4,1533960863E-5
520	6,0001856479E-5	4,1586776824E-5
521	6,006801629E-5	4,1639407212E-5
522	6,0134037146E-5	4,1691851522E-5
523	6,0199913575E-5	4,1744106293E-5
524	6,0265644671E-5	4,1796171146E-5
525	6,0331237307E-5	4,1848053795E-5
526	6,0396679952E-5	4,1899771599E-5
527	6,0461970222E-5	4,1951327739E-5
528	6,0527112593E-5	4,2002726723E-5
529	6,059209797E-5	4,2053962557E-5
530	6,0656928383E-5	4,2105036836E-5
531	6,0721604857E-5	4,2155950652E-5
532	6,0786122338E-5	4,220670077E-5
533	6,0850490107E-5	4,2257293398E-5
534	6,0914705404E-5	4,2307726922E-5
535	6,0978767515E-5	4,2358001043E-5
536	6,1042676624E-5	4,2408115338E-5
537	6,1106427313E-5	4,2458066149E-5
538	6,1170028846E-5	4,2507859694E-5
539	6,123348479E-5	4,2557498327E-5
540	6,1296790235E-5	4,2606978238E-5
541	6,1359937933E-5	4,2656294634E-5
542	6,1422931317E-5	4,2705449761E-5
543	6,1485771201E-5	4,2754444404E-5
544	6,1548457964E-5	4,280327879E-5
545	6,1610997682E-5	4,2851956859E-5
546	6,1673386207E-5	4,2900476065E-5
547	6,1735622404E-5	4,294883578E-5
548	6,1797700086E-5	4,2997032024E-5
549	6,1859629049E-5	4,3045071333E-5
550	6,1921406405E-5	4,3092951853E-5
551	6,1983031423E-5	4,3140673211E-5
552	6,2044506735E-5	4,3188237381E-5
553	6,2105836624E-5	4,3235647489E-5
554	6,2167017031E-5	4,3282901259E-5
555	6,2228060193E-5	4,3330003012E-5
556	6,2288973729E-5	4,3376927442E-5
557	6,2349758745E-5	4,342368418E-5
558	6,2410421923E-5	4,3470273456E-5
559	6,247095047E-5	4,3516686049E-5
560	6,2531355397E-5	4,356292891E-5
561	6,2591618729E-5	4,3608990226E-5
562	6,265176271E-5	4,3654884531E-5
563	6,2711772585E-5	4,3700602163E-5
564	6,2771651465E-5	4,3746145249E-5
565	6,2831400233E-5	4,3791514352E-5
566	6,2891019385E-5	4,3836709861E-5
567	6,2950516778E-5	4,3881737037E-5
568	6,3009880185E-5	4,3926587896E-5
569	6,3069107497E-5	4,3971259005E-5
570	6,3128219391E-5	4,4015764072E-5
571	6,3187192874E-5	4,4060088706E-5
572	6,3246049506E-5	4,4104247423E-5
573	6,3304767267E-5	4,414822644E-5
574	6,3363367617E-5	4,4192041345E-5
575	6,3421842972E-5	4,423568747E-5
576	6,3480177143E-5	4,4279154333E-5
577	6,353837903E-5	4,4322447993E-5
578	6,3596451299E-5	4,43655703E-5
579	6,3654402552E-5	4,4408526944E-5
580	6,3712228118E-5	4,4451314831E-5
581	6,3769932583E-5	4,4493937109E-5
582	6,3827494112E-5	4,4536402017E-5
583	6,3884913462E-5	4,4578716927E-5
584	6,3942184942E-5	4,4620881132E-5
585	6,3999312804E-5	4,4662898822E-5
586	6,4056303863E-5	4,4704777454E-5
587	6,4113151921E-5	4,4746513611E-5
588	6,4169863482E-5	4,4788111862E-5
589	6,422642617E-5	4,4829564182E-5
590	6,4282843516E-5	4,4870872871E-5
591	6,4339116481E-5	4,4912038728E-5
592	6,4395239189E-5	4,4953058117E-5
593	6,4451222025E-5	4,4993937698E-5
594	6,4507062062E-5	4,5034675722E-5
595	6,4562758707E-5	4,5075271802E-5
596	6,4618312152E-5	4,5115725622E-5
597	6,4673729839E-5	4,5156042174E-5
598	6,4728999493E-5	4,5196213498E-5
599	6,4784124516E-5	4,5236241904E-5
600	6,4839105842E-5	4,5276128069E-5
601	6,4893951489E-5	4,5315877398E-5
602	6,494865096E-5	4,5355482974E-5
603	6,5003321514E-5	4,5394870775E-5
604	6,5057953628E-5	4,5434051216E-5
605	6,5112475259E-5	4,5473076434E-5
606	6,5166912152E-5	4,5512055995E-5
607	6,5221153198E-5	4,555095089E-5
608	6,5275218142E-5	4,5589727517E-5
609	6,5329128893E-5	4,5628370109E-5
610	6,5382894915E-5	4,5666873806E-5
611	6,5436519984E-5	4,5705237185E-5
612	6,5490005638E-5	4,5743460771E-5
613	6,5543349367E-5	4,578154677E-5
614	6,5596551076E-5	4,5819495519E-5
615	6,5649607698E-5	4,5857290214E-5
616	6,5702535148E-5	4,5894946933E-5
617	6,5755329361E-5	4,5932465407E-5
618	6,5807984592E-5	4,59698487E-5
619	6,5860506055E-5	4,6007096343E-5
620	6,5912888996E-5	4,6044210775E-5
621	6,5965137393E-5	4,6081187051E-5
622	6,6017254485E-5	4,6118015781E-5
623	6,6069241987E-5	4,6154695303E-5
624	6,6122376661E-5	4,6192874777E-5
625	6,618573269E-5	4,6226732386E-5
626	6,6247029645E-5	4,6257229586E-5
627	6,6305579322E-5	4,6288678611E-5
628	6,6361349252E-5	4,6321734028E-5
629	6,6415300294E-5	4,6355763873E-5
630	6,6467822033E-5	4,6390663399E-5
631	6,6519232739E-5	4,6426089573E-5
632	6,6571481784E-5	4,6463225104E-5
633	6,6633832884E-5	4,6496170793E-5
634	6,669400239E-5	4,6525638686E-5
635	6,67514002E-5	4,6556175804E-5
636	6,6805992714E-5	4,6588363191E-5
637	6,6858763255E-5	4,6621492092E-5
638	6,6910199665E-5	4,6655409953E-5
639	6,6960480861E-5	4,668977564E-5
640	6,7010394095E-5	4,6724229754E-5
641	6,7060017814E-5	4,6758540763E-5
642	6,7109530408E-5	4,6792788702E-5
643	6,715884639E-5	4,6826861481E-5
644	6,7208078437E-5	4,6860866326E-5
645	6,7257117968E-5	4,68946958E-5
646	6,7306077008E-5	4,6928457464E-5
647	6,7354846021E-5	4,6962043305E-5
648	6,7403533997E-5	4,6995562527E-5
649	6,7452031589E-5	4,7028905706E-5
650	6,7500448835E-5	4,7062182902E-5
651	6,7548675416E-5	4,7095283497E-5
652	6,7596822308E-5	4,7128318972E-5
653	6,7644778278E-5	4,7161177569E-5
654	6,7692655237E-5	4,7193971734E-5
655	6,7740341078E-5	4,7226588682E-5
656	6,7787948619E-5	4,7259142141E-5
657	6,7835364664E-5	4,7291518538E-5
658	6,7882703108E-5	4,7323832467E-5
659	6,7929849812E-5	4,7355968902E-5
660	6,7976919801E-5	4,7388043641E-5
661	6,8023797846E-5	4,7419940766E-5
662	6,8070599815E-5	4,7451777185E-5
663	6,8117214435E-5	4,7483439033E-5
664	6,8163764368E-5	4,7515048972E-5
665	6,8210132516E-5	4,7546484344E-5
666	6,8256441012E-5	4,7577867018E-5
667	6,8302567286E-5	4,7609076286E-5
668	6,8348643326E-5	4,7640236565E-5
669	6,8394522333E-5	4,7671227292E-5
670	6,8440351498E-5	4,770216827E-5
671	6,848599476E-5	4,7732939206E-5
672	6,8531577256E-5	4,7763663323E-5
673	6,8576973608E-5	4,7794215319E-5
674	6,8622319536E-5	4,7824720931E-5
675	6,8667478948E-5	4,7855055204E-5
676	6,8712579015E-5	4,7885344252E-5
677	6,8757502997E-5	4,7915462136E-5
678	6,8802377813E-5	4,7945542874E-5
679	6,8847072661E-5	4,7975455209E-5
680	6,8891720526E-5	4,8005330555E-5
681	6,8936184787E-5	4,8035034794E-5
682	6,8980601498E-5	4,8064702181E-5
683	6,9024836541E-5	4,8094199644E-5
684	6,9069025632E-5	4,8123661808E-5
685	6,9113033646E-5	4,8152954365E-5
686	6,9156996641E-5	4,8182212568E-5
687	6,9200778191E-5	4,8211300846E-5
688	6,9244515536E-5	4,8240355604E-5
689	6,9288088265E-5	4,8269240279E-5
690	6,933160066E-5	4,8298096156E-5
691	6,9374947699E-5	4,8326778514E-5
692	6,9418251948E-5	4,8355432342E-5
693	6,9461373511E-5	4,8383916048E-5
694	6,9504452944E-5	4,8412368994E-5
695	6,9547349308E-5	4,844065074E-5
696	6,9590204263E-5	4,8468902353E-5
697	6,9632875776E-5	4,8496982289E-5
698	6,9675495306E-5	4,8525024007E-5
699	6,9717938792E-5	4,8552899936E-5
700	6,9760333335E-5	4,8580740167E-5
701	6,9802550163E-5	4,8608413264E-5
702	6,9844720499E-5	4,863605293E-5
703	6,9886719087E-5	4,8663525597E-5
704	6,9928670948E-5	4,8690970261E-5
705	6,997045622E-5	4,8718250784E-5
706	7,0012208401E-5	4,8745495315E-5
707	7,0053798342E-5	4,8772560902E-5
708	7,0095360364E-5	4,8799582736E-5
709	7,0136761304E-5	4,8826423019E-5
710	7,0178134766E-5	4,8853219772E-5
711	7,0219347424E-5	4,8879834347E-5
712	7,0260535766E-5	4,8906406256E-5
713	7,0301560391E-5	4,8932797497E-5
714	7,0342560929E-5	4,8959147708E-5
715	7,0382730341E-5	4,8984737958E-5
716	7,0422718813E-5	4,90101771E-5
717	7,0462487897E-5	4,9035428452E-5
718	7,0502230832E-5	4,9060647455E-5
719	7,0541836748E-5	4,9085680641E-5
720	7,0581422317E-5	4,9110692053E-5
721	7,0620876759E-5	4,9135515056E-5
722	7,0660323279E-5	4,9160317218E-5
723	7,069962819E-5	4,9184932968E-5
724	7,0738925688E-5	4,9209527423E-5
725	7,0778081613E-5	4,9233935007E-5
726	7,0816541593E-5	4,9257736391E-5
727	7,0854711425E-5	4,9281250503E-5
728	7,0892831911E-5	4,9304721783E-5
729	7,0930812004E-5	4,9328007074E-5
730	7,0968770502E-5	4,9351270368E-5
731	7,1006612737E-5	4,9374345632E-5
732	7,1044445361E-5	4,9397389616E-5
733	7,1082167776E-5	4,9420239446E-5
734	7,1119880116E-5	4,9443057325E-5
735	7,1157483421E-5	4,9465681094E-5
736	7,1195075708E-5	4,9488273528E-5
737	7,1232560184E-5	4,9510671913E-5
738	7,1270032147E-5	4,9533039532E-5
739	7,1307399164E-5	4,9555212694E-5
740	7,1344754358E-5	4,9577355644E-5
741	7,1382003352E-5	4,9599306121E-5
742	7,1419243518E-5	4,9621228438E-5
743	7,1456372593E-5	4,9642960148E-5
744	7,1493494175E-5	4,9664665091E-5
745	7,1530527136E-5	4,9686170268E-5
746	7,1567559739E-5	4,9707636193E-5
747	7,1604508116E-5	4,972889597E-5
748	7,1641473376E-5	4,9750115668E-5
749	7,1678338521E-5	4,9771132033E-5
750	7,1715219139E-5	4,9792106542E-5
751	7,1752018662E-5	4,9812877227E-5
752	7,1788815325E-5	4,9833609604E-5
753	7,182553182E-5	4,9854135872E-5
754	7,186224433E-5	4,9874623706E-5
755	7,1898877865E-5	4,9894905344E-5
756	7,1935516843E-5	4,9915148935E-5
757	7,1972067422E-5	4,9935188457E-5
758	7,2008622641E-5	4,9955189624E-5
759	7,2045101339E-5	4,9974986677E-5
760	7,2081572848E-5	4,9994747782E-5
761	7,2117968903E-5	5,001430346E-5
762	7,2154356575E-5	5,0033823297E-5
763	7,2190667204E-5	5,0053136167E-5
764	7,2226989567E-5	5,0072414298E-5
765	7,2263239953E-5	5,0091487367E-5
766	7,2299494576E-5	5,0110516073E-5
767	7,233569404E-5	5,012932839E-5
768	7,2371898646E-5	5,0148095302E-5
769	7,2408049737E-5	5,0166646257E-5
770	7,244422535E-5	5,0185152699E-5
771	7,2480348713E-5	5,0203444743E-5
772	7,2516474757E-5	5,0221693441E-5
773	7,2552549803E-5	5,0239725911E-5
774	7,2588626302E-5	5,0257715291E-5
775	7,262465299E-5	5,0275488439E-5
776	7,2660680068E-5	5,0293219137E-5
777	7,2696658523E-5	5,0310733847E-5
778	7,2732636542E-5	5,0328207208E-5
779	7,276795854E-5	5,0344921419E-5
780	7,2803113919E-5	5,0361498835E-5
781	7,2838217543E-5	5,0377839032E-5
782	7,2873287748E-5	5,0394135245E-5
783	7,2908317626E-5	5,0410217748E-5
784	7,2943356225E-5	5,0426265281E-5
785	7,2978328512E-5	5,0442100903E-5
786	7,3013328471E-5	5,0457904473E-5
787	7,3048245281E-5	5,0473494175E-5
788	7,3083201015E-5	5,048905517E-5
789	7,3118067803E-5	5,0504399553E-5
790	7,3152979013E-5	5,0519719296E-5
791	7,3187818345E-5	5,0534819385E-5
792	7,3222713635E-5	5,0549900299E-5
793	7,3257498311E-5	5,0564761896E-5
794	7,3292350484E-5	5,0579606212E-5
795	7,3327080364E-5	5,0594225281E-5
796	7,3361889711E-5	5,0608829251E-5
797	7,3396559451E-5	5,0623217049E-5
798	7,3431310251E-5	5,0637611175E-5
799	7,3465906204E-5	5,0651793183E-5
800	7,3500593795E-5	5,0665985817E-5
801	7,3535151589E-5	5,0679965493E-5
802	7,356985777E-5	5,0693963478E-5
803	7,3604384808E-5	5,0707752344E-5
804	7,3639034799E-5	5,0721560507E-5
805	7,367352595E-5	5,0735158236E-5
806	7,3708121202E-5	5,0748777651E-5
807	7,3742550514E-5	5,0762195917E-5
808	7,3777073904E-5	5,0775650876E-5
809	7,3811429404E-5	5,0788907535E-5
810	7,3845878443E-5	5,0802202485E-5
811	7,3880161668E-5	5,0815298503E-5
812	7,3914538013E-5	5,0828433397E-5
813	7,3948746274E-5	5,0841369292E-5
814	7,3983047169E-5	5,0854344788E-5
815	7,4017179887E-5	5,0867121137E-5
816	7,4051405017E-5	5,0879938249E-5
817	7,4085462237E-5	5,0892555812E-5
818	7,4119611629E-5	5,0905214724E-5
819	7,415362211E-5	5,0917673898E-5
820	7,4187724639E-5	5,0930176257E-5
821	7,4221688652E-5	5,094247879E-5
822	7,4255743789E-5	5,0954826241E-5
823	7,4289625442E-5	5,0966983381E-5
824	7,4323589791E-5	5,0979198216E-5
825	7,435741033E-5	5,0991223193E-5
826	7,4391296513E-5	5,1003297215E-5
827	7,4425018871E-5	5,1015189646E-5
828	7,4458809256E-5	5,1027131178E-5
829	7,4492439938E-5	5,1038893737E-5
830	7,4526139246E-5	5,1050707178E-5
831	7,4559682429E-5	5,1062340993E-5
832	7,4593288634E-5	5,1074035027E-5
833	7,4626760471E-5	5,1085561991E-5
834	7,4660258796E-5	5,1097156155E-5
835	7,4693625624E-5	5,1108581833E-5
836	7,4727045965E-5	5,1120075443E-5
837	7,4760309624E-5	5,1131403058E-5
838	7,4795804007E-5	5,1144835911E-5
839	7,4835052355E-5	5,1159574193E-5
840	7,4880173064E-5	5,1178511991E-5
841	7,4929398894E-5	5,1200731214E-5
842	7,4981079634E-5	5,1225308349E-5
843	7,5036036112E-5	5,1252366624E-5
844	7,5077560918E-5	5,1267581829E-5
845	7,5114091907E-5	5,1279130362E-5
846	7,5149133827E-5	5,1289690247E-5
847	7,5183636097E-5	5,1299921601E-5
848	7,5217978679E-5	5,131007974E-5
849	7,5252184343E-5	5,1320133153E-5
850	7,5286412341E-5	5,1330176394E-5
851	7,5320502478E-5	5,1340144268E-5
852	7,5353699674E-5	5,1350842421E-5
853	7,5387560597E-5	5,1362655037E-5
854	7,5423266981E-5	5,1374825455E-5
855	7,5462308165E-5	5,1389355895E-5
856	7,5503654193E-5	5,1405817483E-5
857	7,5545351817E-5	5,1422932782E-5
858	7,5587286518E-5	5,1440328154E-5
859	7,5629106118E-5	5,1457645953E-5
860	7,5671011934E-5	5,1475031018E-5
861	7,571274638E-5	5,1492271892E-5
862	7,5754518792E-5	5,1509557815E-5
863	7,5796119416E-5	5,1526695452E-5
864	7,5837613459E-5	5,1543780886E-5
865	7,5878918026E-5	5,1560701106E-5
866	7,5919586555E-5	5,1577108343E-5
867	7,5960676981E-5	5,1593787192E-5
868	7,6004337231E-5	5,1612265831E-5
869	7,6039906461E-5	5,162340117E-5
870	7,6073776376E-5	5,1633330826E-5
871	7,6107092172E-5	5,1642763138E-5
872	7,6139535221E-5	5,1651599245E-5
873	7,6171742842E-5	5,1660185716E-5
874	7,6203835677E-5	5,1668689779E-5
875	7,6235832049E-5	5,167715982E-5
876	7,6268821081E-5	5,1686557893E-5
877	7,6302800244E-5	5,169690111E-5
878	7,6340505119E-5	5,1710134619E-5
879	7,637859157E-5	5,1723873258E-5
880	7,641940812E-5	5,1739899423E-5
881	7,6459910178E-5	5,1755940906E-5
882	7,6500223084E-5	5,1771916315E-5
883	7,6540430736E-5	5,178789932E-5
884	7,6580513106E-5	5,1803733819E-5
885	7,6620562427E-5	5,1819525677E-5
886	7,6660568238E-5	5,1835276736E-5
887	7,6700541192E-5	5,1850983471E-5
888	7,6740457597E-5	5,1866644327E-5
889	7,6780315598E-5	5,1882257914E-5
890	7,6820114697E-5	5,1897823831E-5
891	7,6859909149E-5	5,1913351429E-5
892	7,6899596767E-5	5,1928822723E-5
893	7,693922781E-5	5,1944252136E-5
894	7,6978802929E-5	5,1959637515E-5
895	7,7018323508E-5	5,1974979196E-5
896	7,7057789521E-5	5,1990277E-5
897	7,7097200867E-5	5,2005530915E-5
898	7,7138030391E-5	5,2021953786E-5
899	7,717751577E-5	5,2037310978E-5
900	7,7225039297E-5	5,2058627961E-5
901	7,7275490798E-5	5,2082196218E-5
902	7,7326576473E-5	5,2106386237E-5
903	7,7377600806E-5	5,2130525845E-5
904	7,742859992E-5	5,215465274E-5
905	7,747971857E-5	5,2178876851E-5
906	7,7530610701E-5	5,2202882941E-5
907	7,758151209E-5	5,2226976627E-5
908	7,7632202565E-5	5,2250868623E-5
909	7,7683013003E-5	5,2274761112E-5
910	7,7733767746E-5	5,229857873E-5
911	7,778451647E-5	5,2322475301E-5
912	7,7835039097E-5	5,2346162843E-5
913	7,7881759017E-5	5,2366900274E-5
914	7,7924466879E-5	5,2384501716E-5
915	7,7966330909E-5	5,2401593569E-5
916	7,800937007E-5	5,2419655246E-5
917	7,80569639E-5	5,244103724E-5
918	7,8106976942E-5	5,2464425551E-5
919	7,8156931644E-5	5,2487652345E-5
920	7,8207023137E-5	5,2510859043E-5
921	7,8257665204E-5	5,2534590968E-5
922	7,8307950315E-5	5,2557929901E-5
923	7,8358439438E-5	5,2581604415E-5
924	7,8408504315E-5	5,2605027966E-5
925	7,8458471864E-5	5,262838393E-5
926	7,8508396097E-5	5,2651651558E-5
927	7,8558465997E-5	5,2675052105E-5
928	7,8608179313E-5	5,2698128429E-5
929	7,8658004694E-5	5,2721391067E-5
930	7,8707468092E-5	5,2744261941E-5
931	7,8757227521E-5	5,2767472447E-5
932	7,8806607786E-5	5,2790335138E-5
933	7,8856110908E-5	5,2813287096E-5
934	7,8905492997E-5	5,2836101421E-5
935	7,8954973514E-5	5,2859085692E-5
936	7,9004134512E-5	5,2881733927E-5
937	7,9053478013E-5	5,2904607568E-5
938	7,9102644156E-5	5,2927020214E-5
939	7,9152245168E-5	5,2949934489E-5
940	7,9201881457E-5	5,2972946037E-5
941	7,925132597E-5	5,299575624E-5
942	7,9300831975E-5	5,3018666952E-5
943	7,9350016607E-5	5,3041269152E-5
944	7,9399415097E-5	5,3064023783E-5
945	7,9448645235E-5	5,3086707188E-5
946	7,9497824343E-5	5,3109229773E-5
947	7,9547068526E-5	5,3131765957E-5
948	7,9596281186E-5	5,3154398565E-5
949	7,9645243672E-5	5,3176879132E-5
950	7,9694172264E-5	5,3199204902E-5
951	7,9743099811E-5	5,3221423307E-5
952	7,9792270665E-5	5,3244060102E-5
953	7,9840911548E-5	5,326622542E-5
954	7,9889546384E-5	5,3288370058E-5
955	7,9938150031E-5	5,3310483896E-5
956	7,9986645711E-5	5,3332442922E-5
957	8,0035243027E-5	5,3354527233E-5
958	8,0083730811E-5	5,337653707E-5
959	8,013208037E-5	5,3398373984E-5
960	8,0180521457E-5	5,3420329734E-5
961	8,0228849173E-5	5,3442208919E-5
962	8,02770997E-5	5,3464030051E-5
963	8,0325226492E-5	5,3485686644E-5
964	8,0373366266E-5	5,3507335779E-5
965	8,0421480036E-5	5,3528957732E-5
966	8,0469550893E-5	5,355054208E-5
967	8,0517571604E-5	5,3572084921E-5
968	8,056554002E-5	5,3593584866E-5
969	8,0613455571E-5	5,3615041508E-5
970	8,0661316811E-5	5,363645466E-5
971	8,0709125061E-5	5,3657824358E-5
972	8,0756879302E-5	5,3679150491E-5
973	8,0804655884E-5	5,3700557447E-5
974	8,0852236013E-5	5,3721760809E-5
975	8,0899876778E-5	5,3743063972E-5
976	8,0947408635E-5	5,3764294424E-5
977	8,0994869456E-5	5,3785471402E-5
978	8,1042348441E-5	5,3806712466E-5
979	8,1089654755E-5	5,3827840465E-5
980	8,1136864441E-5	5,3848898588E-5
981	8,1184005515E-5	5,3869904231E-5
982	8,1231088188E-5	5,3890863445E-5
983	8,1278092787E-5	5,3911670835E-5
984	8,1325174858E-5	5,3932604874E-5
985	8,1372162253E-5	5,3953457928E-5
986	8,1419070301E-5	5,3974252363E-5
987	8,1465883909E-5	5,3994903073E-5
988	8,1512866215E-5	5,4015595979E-5
989	8,1559859112E-5	5,4036397957E-5
990	8,160664533E-5	5,4057074666E-5
991	8,1653311609E-5	5,4077670436E-5
992	8,1699899117E-5	5,4098208693E-5
993	8,1746392733E-5	5,4118591448E-5
994	8,179296981E-5	5,4139098882E-5
995	8,1839442064E-5	5,4159525526E-5
996	8,1885834533E-5	5,4179894142E-5
997	8,1932164803E-5	5,420021465E-5
998	8,1978437859E-5	5,4220490733E-5
999	8,2024657097E-5	5,4240723927E-5
1000	8,2070822845E-5	5,4260914516E-5
