0 4 2 iAF1260.cmd 1E-8
0 4 2 iJN1463.cmd 0E0
0 4 2 iMM904.cmd 0E0
0 3 4 iAF1260.cmd 1E-8
0 3 4 iJN1463.cmd 0E0
0 3 4 iMM904.cmd 0E0
0 14 5 iAF1260.cmd 1E-8
0 14 5 iJN1463.cmd 0E0
0 14 5 iMM904.cmd 0E0
0 1 14 iAF1260.cmd 1E-8
0 1 14 iJN1463.cmd 0E0
0 1 14 iMM904.cmd 0E0
0 2 3 iAF1260.cmd 1E-8
0 2 3 iJN1463.cmd 0E0
0 2 3 iMM904.cmd 0E0
0 4 3 iAF1260.cmd 1E-8
0 4 3 iJN1463.cmd 0E0
0 4 3 iMM904.cmd 0E0
0 9 10 iAF1260.cmd 1E-8
0 9 10 iJN1463.cmd 0E0
0 9 10 iMM904.cmd 0E0
0 6 10 iAF1260.cmd 1E-8
0 6 10 iJN1463.cmd 0E0
0 6 10 iMM904.cmd 0E0
0 14 7 iAF1260.cmd 1E-8
0 14 7 iJN1463.cmd 0E0
0 14 7 iMM904.cmd 0E0
0 11 13 iAF1260.cmd 1E-8
0 11 13 iJN1463.cmd 0E0
0 11 13 iMM904.cmd 0E0
0 9 13 iAF1260.cmd 0E0
0 9 13 iJN1463.cmd 1E-8
0 9 13 iMM904.cmd 0E0
0 10 10 iAF1260.cmd 0E0
0 10 10 iJN1463.cmd 1E-8
0 10 10 iMM904.cmd 0E0
0 13 12 iAF1260.cmd 0E0
0 13 12 iJN1463.cmd 1E-8
0 13 12 iMM904.cmd 0E0
0 2 14 iAF1260.cmd 0E0
0 2 14 iJN1463.cmd 1E-8
0 2 14 iMM904.cmd 0E0
0 13 14 iAF1260.cmd 0E0
0 13 14 iJN1463.cmd 1E-8
0 13 14 iMM904.cmd 0E0
0 10 4 iAF1260.cmd 0E0
0 10 4 iJN1463.cmd 1E-8
0 10 4 iMM904.cmd 0E0
0 14 8 iAF1260.cmd 0E0
0 14 8 iJN1463.cmd 1E-8
0 14 8 iMM904.cmd 0E0
0 8 12 iAF1260.cmd 0E0
0 8 12 iJN1463.cmd 1E-8
0 8 12 iMM904.cmd 0E0
0 6 13 iAF1260.cmd 0E0
0 6 13 iJN1463.cmd 1E-8
0 6 13 iMM904.cmd 0E0
0 4 14 iAF1260.cmd 0E0
0 4 14 iJN1463.cmd 1E-8
0 4 14 iMM904.cmd 0E0
0 13 6 iAF1260.cmd 0E0
0 13 6 iJN1463.cmd 0E0
0 13 6 iMM904.cmd 1E-8
0 3 3 iAF1260.cmd 0E0
0 3 3 iJN1463.cmd 0E0
0 3 3 iMM904.cmd 1E-8
0 8 11 iAF1260.cmd 0E0
0 8 11 iJN1463.cmd 0E0
0 8 11 iMM904.cmd 1E-8
0 14 6 iAF1260.cmd 0E0
0 14 6 iJN1463.cmd 0E0
0 14 6 iMM904.cmd 1E-8
0 12 14 iAF1260.cmd 0E0
0 12 14 iJN1463.cmd 0E0
0 12 14 iMM904.cmd 1E-8
0 2 4 iAF1260.cmd 0E0
0 2 4 iJN1463.cmd 0E0
0 2 4 iMM904.cmd 1E-8
0 2 8 iAF1260.cmd 0E0
0 2 8 iJN1463.cmd 0E0
0 2 8 iMM904.cmd 1E-8
0 9 14 iAF1260.cmd 0E0
0 9 14 iJN1463.cmd 0E0
0 9 14 iMM904.cmd 1E-8
0 12 12 iAF1260.cmd 0E0
0 12 12 iJN1463.cmd 0E0
0 12 12 iMM904.cmd 1E-8
0 6 4 iAF1260.cmd 0E0
0 6 4 iJN1463.cmd 0E0
0 6 4 iMM904.cmd 1E-8
500 4 2 iAF1260.cmd 9,4918516682E0
500 4 2 iJN1463.cmd 0E0
500 4 2 iMM904.cmd 1,3029092922E-4
500 3 4 iAF1260.cmd 8,9061295805E0
500 3 4 iJN1463.cmd 0E0
500 3 4 iMM904.cmd 1,0127051909E-4
500 14 5 iAF1260.cmd 2,1930228479E0
500 14 5 iJN1463.cmd 2,2512215986E-8
500 14 5 iMM904.cmd 3,9788147916E-8
500 1 14 iAF1260.cmd 6,7641090463E-1
500 1 14 iJN1463.cmd 1,0786094136E-3
500 1 14 iMM904.cmd 0E0
500 2 3 iAF1260.cmd 6,2671660059E0
500 2 3 iJN1463.cmd 0E0
500 2 3 iMM904.cmd 1,152156817E-4
500 4 3 iAF1260.cmd 9,5848537216E0
500 4 3 iJN1463.cmd 0E0
500 4 3 iMM904.cmd 9,5399932724E-5
500 9 10 iAF1260.cmd 9,8095214193E-1
500 9 10 iJN1463.cmd 4,351286342E-5
500 9 10 iMM904.cmd 9,7254583044E-8
500 6 10 iAF1260.cmd 2,6875001189E0
500 6 10 iJN1463.cmd 0E0
500 6 10 iMM904.cmd 0E0
500 14 7 iAF1260.cmd 1,6507655172E0
500 14 7 iJN1463.cmd 1,1389303579E-7
500 14 7 iMM904.cmd 2,9801242057E-8
500 11 13 iAF1260.cmd 4,8780484366E-1
500 11 13 iJN1463.cmd 6,4437563466E-5
500 11 13 iMM904.cmd 4,559240316E-8
500 9 13 iAF1260.cmd 2,4176931581E-1
500 9 13 iJN1463.cmd 1,9615404171E-4
500 9 13 iMM904.cmd 5,0941160404E-8
500 10 10 iAF1260.cmd 1,0174869481E0
500 10 10 iJN1463.cmd 3,5491571467E-5
500 10 10 iMM904.cmd 5,0975827963E-8
500 13 12 iAF1260.cmd 1,2618981714E-1
500 13 12 iJN1463.cmd 1,9873386747E-5
500 13 12 iMM904.cmd 7,1924052117E-8
500 2 14 iAF1260.cmd 4,5378638458E-1
500 2 14 iJN1463.cmd 1,0240067602E-3
500 2 14 iMM904.cmd 0E0
500 13 14 iAF1260.cmd 1,605808882E-1
500 13 14 iJN1463.cmd 1,9287374639E-5
500 13 14 iMM904.cmd 3,4562302298E-8
500 10 4 iAF1260.cmd 0E0
500 10 4 iJN1463.cmd 9,1808144491E-7
500 10 4 iMM904.cmd 0E0
500 14 8 iAF1260.cmd 1,5053334726E0
500 14 8 iJN1463.cmd 1,7306687726E-7
500 14 8 iMM904.cmd 1,8062765407E-8
500 8 12 iAF1260.cmd 1,5958037722E-1
500 8 12 iJN1463.cmd 2,0405278535E-4
500 8 12 iMM904.cmd 1,8544375117E-7
500 6 13 iAF1260.cmd 1,3014703698E-2
500 6 13 iJN1463.cmd 6,2518349002E-4
500 6 13 iMM904.cmd 1,7871194211E-8
500 4 14 iAF1260.cmd 8,4339112967E-2
500 4 14 iJN1463.cmd 9,1038407446E-4
500 4 14 iMM904.cmd 0E0
500 13 6 iAF1260.cmd 1,119228211E0
500 13 6 iJN1463.cmd 2,2168136327E-8
500 13 6 iMM904.cmd 6,4962420125E-8
500 3 3 iAF1260.cmd 8,3972280453E0
500 3 3 iJN1463.cmd 0E0
500 3 3 iMM904.cmd 1,170295175E-4
500 8 11 iAF1260.cmd 3,1547441458E-1
500 8 11 iJN1463.cmd 1,1113439654E-4
500 8 11 iMM904.cmd 2,2628271356E-7
500 14 6 iAF1260.cmd 1,6742288372E0
500 14 6 iJN1463.cmd 4,6337303249E-8
500 14 6 iMM904.cmd 4,6778104118E-8
500 12 14 iAF1260.cmd 3,0522938818E-1
500 12 14 iJN1463.cmd 3,1984878295E-5
500 12 14 iMM904.cmd 4,2274883519E-8
500 2 4 iAF1260.cmd 6,9279837952E0
500 2 4 iJN1463.cmd 2,6938982728E-11
500 2 4 iMM904.cmd 1,0431691348E-4
500 2 8 iAF1260.cmd 0E0
500 2 8 iJN1463.cmd 0E0
500 2 8 iMM904.cmd 3,369705072E-7
500 9 14 iAF1260.cmd 2,0757604212E-1
500 9 14 iJN1463.cmd 1,876945286E-4
500 9 14 iMM904.cmd 3,5836941196E-8
500 12 12 iAF1260.cmd 2,1230857571E-1
500 12 12 iJN1463.cmd 2,5034872364E-5
500 12 12 iMM904.cmd 9,8681961199E-8
500 6 4 iAF1260.cmd 0E0
500 6 4 iJN1463.cmd 0E0
500 6 4 iMM904.cmd 1,9043540859E-7
500 0 14 iAF1260.cmd 6,4241060057E-1
500 0 14 iJN1463.cmd 1,1009168007E-3
500 0 14 iMM904.cmd 0E0
500 1 3 iAF1260.cmd 3,8770690759E0
500 1 3 iJN1463.cmd 2,9731821928E-10
500 1 3 iMM904.cmd 9,7286270262E-5
500 1 4 iAF1260.cmd 4,192367436E0
500 1 4 iJN1463.cmd 1,1330550609E-8
500 1 4 iMM904.cmd 8,7326856044E-5
500 1 13 iAF1260.cmd 7,7431553045E-1
500 1 13 iJN1463.cmd 1,1041386702E-3
500 1 13 iMM904.cmd 0E0
500 2 2 iAF1260.cmd 4,745602763E0
500 2 2 iJN1463.cmd 0E0
500 2 2 iMM904.cmd 1,6378770262E-4
500 2 9 iAF1260.cmd 0E0
500 2 9 iJN1463.cmd 0E0
500 2 9 iMM904.cmd 2,2915388287E-7
500 3 2 iAF1260.cmd 6,8602337239E0
500 3 2 iJN1463.cmd 0E0
500 3 2 iMM904.cmd 1,8542474355E-4
500 3 14 iAF1260.cmd 2,2314452739E-1
500 3 14 iJN1463.cmd 9,6386761185E-4
500 3 14 iMM904.cmd 0E0
500 5 3 iAF1260.cmd 9,1698443589E0
500 5 3 iJN1463.cmd 0E0
500 5 3 iMM904.cmd 7,6840414592E-5
500 5 14 iAF1260.cmd 2,7220353145E-2
500 5 14 iJN1463.cmd 8,211112433E-4
500 5 14 iMM904.cmd 3,7122887999E-10
500 6 14 iAF1260.cmd 1,4041491308E-2
500 6 14 iJN1463.cmd 6,5764189003E-4
500 6 14 iMM904.cmd 9,7942858021E-9
500 7 11 iAF1260.cmd 1,7542743749E-1
500 7 11 iJN1463.cmd 7,8568465127E-5
500 7 11 iMM904.cmd 2,592447435E-7
500 7 13 iAF1260.cmd 3,7009970694E-2
500 7 13 iJN1463.cmd 4,7151587475E-4
500 7 13 iMM904.cmd 3,7432335691E-8
500 8 13 iAF1260.cmd 1,1352030171E-1
500 8 13 iJN1463.cmd 2,9119755675E-4
500 8 13 iMM904.cmd 8,1315946349E-8
500 8 14 iAF1260.cmd 8,9942637499E-2
500 8 14 iJN1463.cmd 2,9770303566E-4
500 8 14 iMM904.cmd 4,2042452465E-8
500 9 11 iAF1260.cmd 6,9421742906E-1
500 9 11 iJN1463.cmd 6,6836002492E-5
500 9 11 iMM904.cmd 1,7259743391E-7
500 10 13 iAF1260.cmd 4,2009235989E-1
500 10 13 iJN1463.cmd 1,1842528315E-4
500 10 13 iMM904.cmd 3,9289811259E-8
500 10 14 iAF1260.cmd 3,6203644816E-1
500 10 14 iJN1463.cmd 1,1064291496E-4
500 10 14 iMM904.cmd 3,049295043E-8
500 11 14 iAF1260.cmd 4,2419282799E-1
500 11 14 iJN1463.cmd 6,0014773252E-5
500 11 14 iMM904.cmd 3,4585493678E-8
500 12 13 iAF1260.cmd 3,1859043694E-1
500 12 13 iJN1463.cmd 3,3025901439E-5
500 12 13 iMM904.cmd 6,4547808627E-8
500 13 13 iAF1260.cmd 1,6376171537E-1
500 13 13 iJN1463.cmd 2,0703279104E-5
500 13 13 iMM904.cmd 5,1979562283E-8
500 14 12 iAF1260.cmd 5,632054161E-2
500 14 12 iJN1463.cmd 1,4562642965E-5
500 14 12 iMM904.cmd 4,0719581753E-8
500 14 14 iAF1260.cmd 7,9260708912E-2
500 14 14 iJN1463.cmd 1,3913332079E-5
500 14 14 iMM904.cmd 2,3753620687E-8
500 1 2 iAF1260.cmd 2,8954104083E0
500 1 2 iJN1463.cmd 0E0
500 1 2 iMM904.cmd 1,2460274085E-4
500 0 13 iAF1260.cmd 5,9328386281E-1
500 0 13 iJN1463.cmd 1,2417136092E-3
500 0 13 iMM904.cmd 4,2306580474E-9
500 3 1 iAF1260.cmd 3,4739540828E0
500 3 1 iJN1463.cmd 0E0
500 3 1 iMM904.cmd 2,8781346887E-4
500 0 3 iAF1260.cmd 2,2930427852E0
500 0 3 iJN1463.cmd 1,2125699228E-8
500 0 3 iMM904.cmd 8,4561805887E-5
500 2 1 iAF1260.cmd 2,6319806444E0
500 2 1 iJN1463.cmd 0E0
500 2 1 iMM904.cmd 2,5103537333E-4
500 14 13 iAF1260.cmd 7,9520513722E-2
500 14 13 iJN1463.cmd 1,513419989E-5
500 14 13 iMM904.cmd 3,4110953465E-8
500 7 14 iAF1260.cmd 3,1108358923E-2
500 7 14 iJN1463.cmd 4,6699347174E-4
500 7 14 iMM904.cmd 2,3774416869E-8
500 0 4 iAF1260.cmd 2,1128811489E0
500 0 4 iJN1463.cmd 2,1585301683E-7
500 0 4 iMM904.cmd 7,0797671897E-5
500 0 2 iAF1260.cmd 1,7636151877E0
500 0 2 iJN1463.cmd 2,8861988145E-11
500 0 2 iMM904.cmd 9,3407058386E-5
500 1 1 iAF1260.cmd 1,6499595644E0
500 1 1 iJN1463.cmd 0E0
500 1 1 iMM904.cmd 1,5290158528E-4
500 14 11 iAF1260.cmd 2,0788627154E-2
500 14 11 iJN1463.cmd 1,0691157243E-5
500 14 11 iMM904.cmd 2,2988991518E-8
500 0 12 iAF1260.cmd 3,1445974842E-1
500 0 12 iJN1463.cmd 1,6379666087E-3
500 0 12 iMM904.cmd 3,8812605836E-8
500 2 0 iAF1260.cmd 1,3683287712E0
500 2 0 iJN1463.cmd 0E0
500 2 0 iMM904.cmd 6,2161740492E-4
500 3 0 iAF1260.cmd 1,483620682E0
500 3 0 iJN1463.cmd 0E0
500 3 0 iMM904.cmd 5,150023954E-4
500 3 9 iAF1260.cmd 0E0
500 3 9 iJN1463.cmd 0E0
500 3 9 iMM904.cmd 1,1453696821E-7
500 0 1 iAF1260.cmd 1,0352400216E0
500 0 1 iJN1463.cmd 0E0
500 0 1 iMM904.cmd 1,1134463956E-4
500 0 5 iAF1260.cmd 7,8239652953E-1
500 0 5 iJN1463.cmd 1,9547348358E-6
500 0 5 iMM904.cmd 3,8551127756E-5
500 1 0 iAF1260.cmd 9,1491956762E-1
500 1 0 iJN1463.cmd 0E0
500 1 0 iMM904.cmd 4,1124095847E-4
500 0 11 iAF1260.cmd 1,3280632031E-1
500 0 11 iJN1463.cmd 1,7349564628E-3
500 0 11 iMM904.cmd 1,9891887131E-7
500 4 0 iAF1260.cmd 5,4989580256E-1
500 4 0 iJN1463.cmd 0E0
500 4 0 iMM904.cmd 4,9005812407E-4
500 0 0 iAF1260.cmd 5,8844793046E-1
500 0 0 iJN1463.cmd 0E0
500 0 0 iMM904.cmd 2,8295832786E-4
500 0 6 iAF1260.cmd 2,3929839298E-1
500 0 6 iJN1463.cmd 1,2769107851E-5
500 0 6 iMM904.cmd 1,9747175943E-5
500 0 10 iAF1260.cmd 4,578151147E-2
500 0 10 iJN1463.cmd 8,6534825213E-4
500 0 10 iMM904.cmd 5,8070983262E-7
500 5 0 iAF1260.cmd 1,7504129914E-1
500 5 0 iJN1463.cmd 0E0
500 5 0 iMM904.cmd 2,9470572884E-4
500 0 7 iAF1260.cmd 6,2838592327E-2
500 0 7 iJN1463.cmd 4,2514060264E-5
500 0 7 iMM904.cmd 9,9656962254E-6
500 0 9 iAF1260.cmd 1,5628145439E-2
500 0 9 iJN1463.cmd 2,990266026E-4
500 0 9 iMM904.cmd 1,7307689311E-6
500 3 10 iAF1260.cmd 0E0
500 3 10 iJN1463.cmd 0E0
500 3 10 iMM904.cmd 5,3757394352E-8
500 6 0 iAF1260.cmd 4,907867522E-2
500 6 0 iJN1463.cmd 0E0
500 6 0 iMM904.cmd 1,1752834799E-4
500 0 8 iAF1260.cmd 1,7186933045E-2
500 0 8 iJN1463.cmd 1,0426517347E-4
500 0 8 iMM904.cmd 4,7092230283E-6
500 7 0 iAF1260.cmd 1,2449235466E-2
500 7 0 iJN1463.cmd 0E0
500 7 0 iMM904.cmd 4,7690055555E-5
500 8 0 iAF1260.cmd 2,8438316696E-3
500 8 0 iJN1463.cmd 0E0
500 8 0 iMM904.cmd 1,1854246665E-5
500 9 0 iAF1260.cmd 5,8614755176E-4
500 9 0 iJN1463.cmd 0E0
500 9 0 iMM904.cmd 2,3564481098E-6
500 10 0 iAF1260.cmd 1,0892108886E-4
500 10 0 iJN1463.cmd 0E0
500 10 0 iMM904.cmd 4,1943143856E-7
500 11 0 iAF1260.cmd 1,8116359124E-5
500 11 0 iJN1463.cmd 0E0
500 11 0 iMM904.cmd 4,6237892099E-8
500 12 0 iAF1260.cmd 2,70567191E-6
500 12 0 iJN1463.cmd 0E0
500 12 0 iMM904.cmd 1,9977051002E-9
500 13 0 iAF1260.cmd 3,6314154958E-7
500 13 0 iJN1463.cmd 0E0
500 13 0 iMM904.cmd 0E0
500 14 0 iAF1260.cmd 4,8380307078E-8
500 14 0 iJN1463.cmd 0E0
500 14 0 iMM904.cmd 0E0
1000 4 2 iAF1260.cmd 8,0690135927E0
1000 4 2 iJN1463.cmd 1,5821863343E-3
1000 4 2 iMM904.cmd 1,8629890028E-3
1000 3 4 iAF1260.cmd 7,3600872043E0
1000 3 4 iJN1463.cmd 1,0804426811E-3
1000 3 4 iMM904.cmd 6,3815867611E-4
1000 14 5 iAF1260.cmd 1,9897557101E0
1000 14 5 iJN1463.cmd 4,802340637E-8
1000 14 5 iMM904.cmd 4,2762279925E-8
1000 1 14 iAF1260.cmd 6,025539878E-1
1000 1 14 iJN1463.cmd 1,2379045006E-3
1000 1 14 iMM904.cmd 1,0261743289E-7
1000 2 3 iAF1260.cmd 5,8281295395E0
1000 2 3 iJN1463.cmd 2,2141162918E-3
1000 2 3 iMM904.cmd 1,7743801692E-3
1000 4 3 iAF1260.cmd 8,6767467365E0
1000 4 3 iJN1463.cmd 7,8378276555E-4
1000 4 3 iMM904.cmd 8,0086136381E-4
1000 9 10 iAF1260.cmd 8,8162828993E-1
1000 9 10 iJN1463.cmd 6,2878065629E-5
1000 9 10 iMM904.cmd 1,2004054783E-7
1000 6 10 iAF1260.cmd 3,0020420791E0
1000 6 10 iJN1463.cmd 0E0
1000 6 10 iMM904.cmd 0E0
1000 14 7 iAF1260.cmd 1,7897684279E0
1000 14 7 iJN1463.cmd 9,6977469549E-8
1000 14 7 iMM904.cmd 3,4593087751E-8
1000 11 13 iAF1260.cmd 3,353833038E-1
1000 11 13 iJN1463.cmd 8,7757590232E-5
1000 11 13 iMM904.cmd 4,9277530324E-8
1000 9 13 iAF1260.cmd 2,6468937879E-1
1000 9 13 iJN1463.cmd 2,1592154277E-4
1000 9 13 iMM904.cmd 5,8482078468E-8
1000 10 10 iAF1260.cmd 9,9338267716E-1
1000 10 10 iJN1463.cmd 5,0151052317E-5
1000 10 10 iMM904.cmd 9,7275230023E-8
1000 13 12 iAF1260.cmd 1,8411322297E-1
1000 13 12 iJN1463.cmd 2,5021572328E-5
1000 13 12 iMM904.cmd 5,3965321865E-8
1000 2 14 iAF1260.cmd 4,7370485061E-1
1000 2 14 iJN1463.cmd 1,0948348701E-3
1000 2 14 iMM904.cmd 2,2797469848E-8
1000 13 14 iAF1260.cmd 2,1912379982E-1
1000 13 14 iJN1463.cmd 3,153345977E-5
1000 13 14 iMM904.cmd 4,4272533724E-8
1000 10 4 iAF1260.cmd 0E0
1000 10 4 iJN1463.cmd 9,1350247176E-7
1000 10 4 iMM904.cmd 0E0
1000 14 8 iAF1260.cmd 1,7626471519E0
1000 14 8 iJN1463.cmd 1,2121368083E-7
1000 14 8 iMM904.cmd 2,9045247938E-8
1000 8 12 iAF1260.cmd 2,8686817442E-1
1000 8 12 iJN1463.cmd 2,0946781111E-4
1000 8 12 iMM904.cmd 1,3694534672E-7
1000 6 13 iAF1260.cmd 6,9568877079E-2
1000 6 13 iJN1463.cmd 5,3316463245E-4
1000 6 13 iMM904.cmd 3,8061662381E-8
1000 4 14 iAF1260.cmd 1,8729547006E-1
1000 4 14 iJN1463.cmd 8,7969470126E-4
1000 4 14 iMM904.cmd 2,0146875983E-9
1000 13 6 iAF1260.cmd 1,6762190783E0
1000 13 6 iJN1463.cmd 4,7934651085E-8
1000 13 6 iMM904.cmd 4,9255915293E-8
1000 3 3 iAF1260.cmd 7,2844072483E0
1000 3 3 iJN1463.cmd 1,7351766927E-3
1000 3 3 iMM904.cmd 1,6679154913E-3
1000 8 11 iAF1260.cmd 4,2397332179E-1
1000 8 11 iJN1463.cmd 1,3197681964E-4
1000 8 11 iMM904.cmd 1,7492997736E-7
1000 14 6 iAF1260.cmd 1,8217475252E0
1000 14 6 iJN1463.cmd 6,1943180385E-8
1000 14 6 iMM904.cmd 4,2741671324E-8
1000 12 14 iAF1260.cmd 2,8813964197E-1
1000 12 14 iJN1463.cmd 5,1500327707E-5
1000 12 14 iMM904.cmd 4,6658022482E-8
1000 2 4 iAF1260.cmd 6,1948697806E0
1000 2 4 iJN1463.cmd 1,2805580669E-3
1000 2 4 iMM904.cmd 6,2129651326E-4
1000 2 8 iAF1260.cmd 0E0
1000 2 8 iJN1463.cmd 0E0
1000 2 8 iMM904.cmd 2,4716013631E-7
1000 9 14 iAF1260.cmd 2,5734194767E-1
1000 9 14 iJN1463.cmd 2,2284277619E-4
1000 9 14 iMM904.cmd 5,0473855834E-8
1000 12 12 iAF1260.cmd 2,3273701251E-1
1000 12 12 iJN1463.cmd 3,2439396272E-5
1000 12 12 iMM904.cmd 5,9778245387E-8
1000 6 4 iAF1260.cmd 0E0
1000 6 4 iJN1463.cmd 0E0
1000 6 4 iMM904.cmd 1,8948560329E-7
1000 0 14 iAF1260.cmd 6,2496918119E-1
1000 0 14 iJN1463.cmd 1,3361562741E-3
1000 0 14 iMM904.cmd 1,8516122359E-7
1000 1 3 iAF1260.cmd 4,3810703302E0
1000 1 3 iJN1463.cmd 2,5302898918E-3
1000 1 3 iMM904.cmd 1,6355169298E-3
1000 1 4 iAF1260.cmd 4,629774847E0
1000 1 4 iJN1463.cmd 1,4475286147E-3
1000 1 4 iMM904.cmd 5,4664746566E-4
1000 1 13 iAF1260.cmd 6,346571947E-1
1000 1 13 iJN1463.cmd 1,3374339128E-3
1000 1 13 iMM904.cmd 2,6498373678E-7
1000 2 2 iAF1260.cmd 4,8689077983E0
1000 2 2 iJN1463.cmd 9,699899265E-3
1000 2 2 iMM904.cmd 7,3163992103E-3
1000 2 9 iAF1260.cmd 0E0
1000 2 9 iJN1463.cmd 0E0
1000 2 9 iMM904.cmd 2,0826838918E-7
1000 3 2 iAF1260.cmd 6,2536075648E0
1000 3 2 iJN1463.cmd 8,0538086461E-3
1000 3 2 iMM904.cmd 7,0423505066E-3
1000 3 14 iAF1260.cmd 3,1915371722E-1
1000 3 14 iJN1463.cmd 9,8494165687E-4
1000 3 14 iMM904.cmd 3,5089422374E-9
1000 5 3 iAF1260.cmd 9,5446490811E0
1000 5 3 iJN1463.cmd 4,4392396412E-4
1000 5 3 iMM904.cmd 3,8594127698E-4
1000 5 14 iAF1260.cmd 1,0504048422E-1
1000 5 14 iJN1463.cmd 7,5405145979E-4
1000 5 14 iMM904.cmd 1,0381162828E-8
1000 6 14 iAF1260.cmd 7,6641347187E-2
1000 6 14 iJN1463.cmd 5,9285211231E-4
1000 6 14 iMM904.cmd 2,6697045787E-8
1000 7 11 iAF1260.cmd 3,4657646924E-1
1000 7 11 iJN1463.cmd 1,1191381114E-4
1000 7 11 iMM904.cmd 2,0937494219E-7
1000 7 13 iAF1260.cmd 1,0992502632E-1
1000 7 13 iJN1463.cmd 4,3498618764E-4
1000 7 13 iMM904.cmd 5,1136283694E-8
1000 8 13 iAF1260.cmd 2,0086504305E-1
1000 8 13 iJN1463.cmd 2,9544363533E-4
1000 8 13 iMM904.cmd 7,6326533519E-8
1000 8 14 iAF1260.cmd 1,7683984503E-1
1000 8 14 iJN1463.cmd 3,2356839039E-4
1000 8 14 iMM904.cmd 5,3974789259E-8
1000 9 11 iAF1260.cmd 6,7415237245E-1
1000 9 11 iJN1463.cmd 8,9740281207E-5
1000 9 11 iMM904.cmd 1,5267306296E-7
1000 10 13 iAF1260.cmd 3,2696069165E-1
1000 10 13 iJN1463.cmd 1,4352651182E-4
1000 10 13 iMM904.cmd 5,024558232E-8
1000 10 14 iAF1260.cmd 3,2425094122E-1
1000 10 14 iJN1463.cmd 1,4511961801E-4
1000 10 14 iMM904.cmd 4,6287318994E-8
1000 11 14 iAF1260.cmd 3,376545884E-1
1000 11 14 iJN1463.cmd 8,8818990979E-5
1000 11 14 iMM904.cmd 4,5748643967E-8
1000 12 13 iAF1260.cmd 2,7352304907E-1
1000 12 13 iJN1463.cmd 4,7474047852E-5
1000 12 13 iMM904.cmd 5,2072963675E-8
1000 13 13 iAF1260.cmd 2,0617636232E-1
1000 13 13 iJN1463.cmd 2,9491378597E-5
1000 13 13 iMM904.cmd 4,8857706067E-8
1000 14 12 iAF1260.cmd 1,2970985099E-1
1000 14 12 iJN1463.cmd 1,9161711332E-5
1000 14 12 iMM904.cmd 4,571074366E-8
1000 14 14 iAF1260.cmd 1,7049610259E-1
1000 14 14 iJN1463.cmd 2,3020607666E-5
1000 14 14 iMM904.cmd 4,0872697819E-8
1000 1 2 iAF1260.cmd 3,6869211749E0
1000 1 2 iJN1463.cmd 1,0689963294E-2
1000 1 2 iMM904.cmd 6,8393790166E-3
1000 0 13 iAF1260.cmd 5,7460397591E-1
1000 0 13 iJN1463.cmd 1,481990111E-3
1000 0 13 iMM904.cmd 5,5449021185E-7
1000 3 1 iAF1260.cmd 4,0985597991E0
1000 3 1 iJN1463.cmd 5,1698321497E-2
1000 3 1 iMM904.cmd 3,12575835E-2
1000 0 3 iAF1260.cmd 3,3761851537E0
1000 0 3 iJN1463.cmd 2,6893873547E-3
1000 0 3 iMM904.cmd 1,5044209369E-3
1000 2 1 iAF1260.cmd 3,512783083E0
1000 2 1 iJN1463.cmd 5,5398848459E-2
1000 2 1 iMM904.cmd 2,8888392562E-2
1000 14 13 iAF1260.cmd 1,5738209112E-1
1000 14 13 iJN1463.cmd 2,183613853E-5
1000 14 13 iMM904.cmd 4,4065050445E-8
1000 7 14 iAF1260.cmd 1,0556328569E-1
1000 7 14 iJN1463.cmd 4,561667204E-4
1000 7 14 iMM904.cmd 4,0975710097E-8
1000 0 4 iAF1260.cmd 3,1543574467E0
1000 0 4 iJN1463.cmd 1,4898547981E-3
1000 0 4 iMM904.cmd 4,455657658E-4
1000 0 2 iAF1260.cmd 2,9495977874E0
1000 0 2 iJN1463.cmd 1,1208360755E-2
1000 0 2 iMM904.cmd 6,491622862E-3
1000 1 1 iAF1260.cmd 2,7807183775E0
1000 1 1 iJN1463.cmd 5,8733920279E-2
1000 1 1 iMM904.cmd 2,7543609811E-2
1000 14 11 iAF1260.cmd 8,4784125699E-2
1000 14 11 iJN1463.cmd 1,5383224915E-5
1000 14 11 iMM904.cmd 3,9363066301E-8
1000 0 12 iAF1260.cmd 4,0668384003E-1
1000 0 12 iJN1463.cmd 1,7596361864E-3
1000 0 12 iMM904.cmd 1,577352648E-6
1000 2 0 iAF1260.cmd 2,5542514503E0
1000 2 0 iJN1463.cmd 2,5985253867E-1
1000 2 0 iMM904.cmd 9,3502497229E-2
1000 3 0 iAF1260.cmd 2,5351000629E0
1000 3 0 iJN1463.cmd 2,5032097566E-1
1000 3 0 iMM904.cmd 1,0246487387E-1
1000 3 9 iAF1260.cmd 0E0
1000 3 9 iJN1463.cmd 0E0
1000 3 9 iMM904.cmd 1,5553684631E-7
1000 0 1 iAF1260.cmd 2,2888578848E0
1000 0 1 iJN1463.cmd 6,0602599924E-2
1000 0 1 iMM904.cmd 2,7020055355E-2
1000 0 5 iAF1260.cmd 1,7684573862E0
1000 0 5 iJN1463.cmd 1,2561970051E-3
1000 0 5 iMM904.cmd 1,8251442475E-4
1000 1 0 iAF1260.cmd 2,1544970763E0
1000 1 0 iJN1463.cmd 2,6699561307E-1
1000 1 0 iMM904.cmd 9,1819913946E-2
1000 0 11 iAF1260.cmd 2,4858123734E-1
1000 0 11 iJN1463.cmd 1,8846786163E-3
1000 0 11 iMM904.cmd 3,5514126594E-6
1000 4 0 iAF1260.cmd 1,364193526E0
1000 4 0 iJN1463.cmd 2,7209815239E-1
1000 4 0 iMM904.cmd 1,2375528652E-1
1000 0 0 iAF1260.cmd 1,8268834038E0
1000 0 0 iJN1463.cmd 2,7209785358E-1
1000 0 0 iMM904.cmd 9,5580879014E-2
1000 0 6 iAF1260.cmd 8,6266369223E-1
1000 0 6 iJN1463.cmd 1,1613627369E-3
1000 0 6 iMM904.cmd 8,8908345845E-5
1000 0 10 iAF1260.cmd 1,4176075054E-1
1000 0 10 iJN1463.cmd 1,7956908389E-3
1000 0 10 iMM904.cmd 7,5484695997E-6
1000 5 0 iAF1260.cmd 6,4611359221E-1
1000 5 0 iJN1463.cmd 2,5148046922E-1
1000 5 0 iMM904.cmd 1,2934023789E-1
1000 0 7 iAF1260.cmd 3,7520832776E-1
1000 0 7 iJN1463.cmd 1,1840701144E-3
1000 0 7 iMM904.cmd 4,7538545724E-5
1000 0 9 iAF1260.cmd 1,0513549975E-1
1000 0 9 iJN1463.cmd 1,5694278586E-3
1000 0 9 iMM904.cmd 1,4638363843E-5
1000 3 10 iAF1260.cmd 0E0
1000 3 10 iJN1463.cmd 0E0
1000 3 10 iMM904.cmd 1,1979048058E-7
1000 6 0 iAF1260.cmd 2,7226995542E-1
1000 6 0 iJN1463.cmd 2,1893664671E-1
1000 6 0 iMM904.cmd 1,2317804844E-1
1000 0 8 iAF1260.cmd 1,6209711872E-1
1000 0 8 iJN1463.cmd 1,334815774E-3
1000 0 8 iMM904.cmd 2,6757270957E-5
1000 7 0 iAF1260.cmd 1,0319464576E-1
1000 7 0 iJN1463.cmd 1,8526910083E-1
1000 7 0 iMM904.cmd 1,1286459517E-1
1000 8 0 iAF1260.cmd 3,5571270247E-2
1000 8 0 iJN1463.cmd 1,4981938355E-1
1000 8 0 iMM904.cmd 1,0633437372E-1
1000 9 0 iAF1260.cmd 1,1223134692E-2
1000 9 0 iJN1463.cmd 1,1359193479E-1
1000 9 0 iMM904.cmd 9,6277738309E-2
1000 10 0 iAF1260.cmd 3,2667935401E-3
1000 10 0 iJN1463.cmd 7,684702397E-2
1000 10 0 iMM904.cmd 8,6419396079E-2
1000 11 0 iAF1260.cmd 8,8256930711E-4
1000 11 0 iJN1463.cmd 3,8969469167E-2
1000 11 0 iMM904.cmd 8,0438506524E-2
1000 12 0 iAF1260.cmd 2,2229236841E-4
1000 12 0 iJN1463.cmd 1,4907924627E-2
1000 12 0 iMM904.cmd 6,8500468697E-2
1000 13 0 iAF1260.cmd 5,2793077698E-5
1000 13 0 iJN1463.cmd 7,0385315611E-3
1000 13 0 iMM904.cmd 6,1046095615E-2
1000 14 0 iAF1260.cmd 1,3918954201E-5
1000 14 0 iJN1463.cmd 3,963278248E-3
1000 14 0 iMM904.cmd 5,4637251093E-2
