0 14 14 iAF1260.cmd 1E-8
0 14 14 iJN1463.cmd 0E0
0 14 14 iMM904.cmd 0E0
0 14 9 iAF1260.cmd 1E-8
0 14 9 iJN1463.cmd 0E0
0 14 9 iMM904.cmd 0E0
0 8 12 iAF1260.cmd 1E-8
0 8 12 iJN1463.cmd 0E0
0 8 12 iMM904.cmd 0E0
0 13 2 iAF1260.cmd 1E-8
0 13 2 iJN1463.cmd 0E0
0 13 2 iMM904.cmd 0E0
0 12 2 iAF1260.cmd 1E-8
0 12 2 iJN1463.cmd 0E0
0 12 2 iMM904.cmd 0E0
0 3 8 iAF1260.cmd 1E-8
0 3 8 iJN1463.cmd 0E0
0 3 8 iMM904.cmd 0E0
0 6 9 iAF1260.cmd 1E-8
0 6 9 iJN1463.cmd 0E0
0 6 9 iMM904.cmd 0E0
0 14 10 iAF1260.cmd 1E-8
0 14 10 iJN1463.cmd 0E0
0 14 10 iMM904.cmd 0E0
0 12 11 iAF1260.cmd 1E-8
0 12 11 iJN1463.cmd 0E0
0 12 11 iMM904.cmd 0E0
0 8 9 iAF1260.cmd 1E-8
0 8 9 iJN1463.cmd 0E0
0 8 9 iMM904.cmd 0E0
0 1 13 iAF1260.cmd 0E0
0 1 13 iJN1463.cmd 1E-8
0 1 13 iMM904.cmd 0E0
0 2 5 iAF1260.cmd 0E0
0 2 5 iJN1463.cmd 1E-8
0 2 5 iMM904.cmd 0E0
0 6 14 iAF1260.cmd 0E0
0 6 14 iJN1463.cmd 1E-8
0 6 14 iMM904.cmd 0E0
0 1 5 iAF1260.cmd 0E0
0 1 5 iJN1463.cmd 1E-8
0 1 5 iMM904.cmd 0E0
0 5 14 iAF1260.cmd 0E0
0 5 14 iJN1463.cmd 1E-8
0 5 14 iMM904.cmd 0E0
0 7 14 iAF1260.cmd 0E0
0 7 14 iJN1463.cmd 1E-8
0 7 14 iMM904.cmd 0E0
0 5 11 iAF1260.cmd 0E0
0 5 11 iJN1463.cmd 1E-8
0 5 11 iMM904.cmd 0E0
0 6 11 iAF1260.cmd 0E0
0 6 11 iJN1463.cmd 1E-8
0 6 11 iMM904.cmd 0E0
0 11 5 iAF1260.cmd 0E0
0 11 5 iJN1463.cmd 1E-8
0 11 5 iMM904.cmd 0E0
0 14 13 iAF1260.cmd 0E0
0 14 13 iJN1463.cmd 1E-8
0 14 13 iMM904.cmd 0E0
0 2 2 iAF1260.cmd 0E0
0 2 2 iJN1463.cmd 0E0
0 2 2 iMM904.cmd 1E-8
0 14 2 iAF1260.cmd 0E0
0 14 2 iJN1463.cmd 0E0
0 14 2 iMM904.cmd 1E-8
0 12 10 iAF1260.cmd 0E0
0 12 10 iJN1463.cmd 0E0
0 12 10 iMM904.cmd 1E-8
0 1 10 iAF1260.cmd 0E0
0 1 10 iJN1463.cmd 0E0
0 1 10 iMM904.cmd 1E-8
0 1 3 iAF1260.cmd 0E0
0 1 3 iJN1463.cmd 0E0
0 1 3 iMM904.cmd 1E-8
0 9 3 iAF1260.cmd 0E0
0 9 3 iJN1463.cmd 0E0
0 9 3 iMM904.cmd 1E-8
0 12 6 iAF1260.cmd 0E0
0 12 6 iJN1463.cmd 0E0
0 12 6 iMM904.cmd 1E-8
0 9 4 iAF1260.cmd 0E0
0 9 4 iJN1463.cmd 0E0
0 9 4 iMM904.cmd 1E-8
0 2 6 iAF1260.cmd 0E0
0 2 6 iJN1463.cmd 0E0
0 2 6 iMM904.cmd 1E-8
0 3 7 iAF1260.cmd 0E0
0 3 7 iJN1463.cmd 0E0
0 3 7 iMM904.cmd 1E-8
500 14 14 iAF1260.cmd 1,5274553882E0
500 14 14 iJN1463.cmd 4,6119193874E-6
500 14 14 iMM904.cmd 4,4929979275E-8
500 14 9 iAF1260.cmd 5,6090312354E0
500 14 9 iJN1463.cmd 4,0074127111E-6
500 14 9 iMM904.cmd 1,5885047765E-6
500 8 12 iAF1260.cmd 3,0240804853E0
500 8 12 iJN1463.cmd 9,8392801867E-6
500 8 12 iMM904.cmd 3,0540702441E-7
500 13 2 iAF1260.cmd 8,7769303498E0
500 13 2 iJN1463.cmd 9,8777970445E-5
500 13 2 iMM904.cmd 8,6849316299E-5
500 12 2 iAF1260.cmd 7,9525871251E0
500 12 2 iJN1463.cmd 1,5697016031E-4
500 12 2 iMM904.cmd 6,0870905889E-5
500 3 8 iAF1260.cmd 3,4946923719E0
500 3 8 iJN1463.cmd 1,8587761526E-4
500 3 8 iMM904.cmd 6,3072496536E-5
500 6 9 iAF1260.cmd 3,4546069029E0
500 6 9 iJN1463.cmd 3,2873647456E-5
500 6 9 iMM904.cmd 2,7267299944E-6
500 14 10 iAF1260.cmd 5,8537903197E0
500 14 10 iJN1463.cmd 3,3102874575E-6
500 14 10 iMM904.cmd 1,1478812622E-6
500 12 11 iAF1260.cmd 4,5042017323E0
500 12 11 iJN1463.cmd 1,6588690808E-6
500 12 11 iMM904.cmd 1,0799676366E-6
500 8 9 iAF1260.cmd 2,9509051502E0
500 8 9 iJN1463.cmd 8,8041293332E-6
500 8 9 iMM904.cmd 4,8740322244E-7
500 1 13 iAF1260.cmd 8,6825151883E-4
500 1 13 iJN1463.cmd 5,010877908E-5
500 1 13 iMM904.cmd 2,5135145773E-6
500 2 5 iAF1260.cmd 6,8393924721E-1
500 2 5 iJN1463.cmd 1,1565947365E-3
500 2 5 iMM904.cmd 1,1914370311E-4
500 6 14 iAF1260.cmd 3,176131104E-1
500 6 14 iJN1463.cmd 7,0307324932E-6
500 6 14 iMM904.cmd 3,5497336705E-8
500 1 5 iAF1260.cmd 3,7143346533E-1
500 1 5 iJN1463.cmd 1,4536987374E-3
500 1 5 iMM904.cmd 1,3470731091E-4
500 5 14 iAF1260.cmd 1,557026259E-1
500 5 14 iJN1463.cmd 6,723121021E-6
500 5 14 iMM904.cmd 4,8078246293E-8
500 7 14 iAF1260.cmd 4,8803364412E-1
500 7 14 iJN1463.cmd 6,1278586292E-6
500 7 14 iMM904.cmd 2,2068285618E-8
500 5 11 iAF1260.cmd 1,3454039889E0
500 5 11 iJN1463.cmd 5,064469023E-5
500 5 11 iMM904.cmd 3,2197717491E-6
500 6 11 iAF1260.cmd 1,8520822934E0
500 6 11 iJN1463.cmd 3,5692814679E-5
500 6 11 iMM904.cmd 1,2575108054E-6
500 11 5 iAF1260.cmd 5,2244306069E-1
500 11 5 iJN1463.cmd 1,6268073836E-4
500 11 5 iMM904.cmd 1,8416397075E-5
500 14 13 iAF1260.cmd 1,8594954306E0
500 14 13 iJN1463.cmd 5,6141032678E-6
500 14 13 iMM904.cmd 1,37833144E-7
500 2 2 iAF1260.cmd 1,6250095436E-4
500 2 2 iJN1463.cmd 3,5386163595E-4
500 2 2 iMM904.cmd 6,6989634322E-4
500 14 2 iAF1260.cmd 7,9825713163E0
500 14 2 iJN1463.cmd 5,8266333827E-5
500 14 2 iMM904.cmd 9,3876039247E-5
500 12 10 iAF1260.cmd 4,3277864312E0
500 12 10 iJN1463.cmd 1,6212867029E-6
500 12 10 iMM904.cmd 1,2123705567E-6
500 1 10 iAF1260.cmd 8,0864906411E-1
500 1 10 iJN1463.cmd 6,8622720403E-5
500 1 10 iMM904.cmd 5,2738971576E-5
500 1 3 iAF1260.cmd 1,5872231333E-3
500 1 3 iJN1463.cmd 8,4150720654E-4
500 1 3 iMM904.cmd 6,7526307104E-4
500 9 3 iAF1260.cmd 3,6501191066E-1
500 9 3 iJN1463.cmd 9,8892840569E-5
500 9 3 iMM904.cmd 2,9714580636E-5
500 12 6 iAF1260.cmd 4,0228822068E-1
500 12 6 iJN1463.cmd 1,2359516039E-4
500 12 6 iMM904.cmd 1,6836781886E-5
500 9 4 iAF1260.cmd 2,6236949138E-1
500 9 4 iJN1463.cmd 9,6099932571E-5
500 9 4 iMM904.cmd 2,701086477E-5
500 2 6 iAF1260.cmd 1,2020439976E0
500 2 6 iJN1463.cmd 8,6531754067E-4
500 2 6 iMM904.cmd 1,1214992211E-4
500 3 7 iAF1260.cmd 2,8695168064E0
500 3 7 iJN1463.cmd 4,0071326583E-4
500 3 7 iMM904.cmd 9,0994810974E-5
500 0 3 iAF1260.cmd 8,4886932206E-3
500 0 3 iJN1463.cmd 1,3682413601E-3
500 0 3 iMM904.cmd 5,4601541127E-4
500 0 5 iAF1260.cmd 1,7140286972E-1
500 0 5 iJN1463.cmd 1,623905776E-3
500 0 5 iMM904.cmd 1,7147706383E-4
500 0 10 iAF1260.cmd 3,6346245944E-1
500 0 10 iJN1463.cmd 7,229585173E-5
500 0 10 iMM904.cmd 4,7861518491E-5
500 0 13 iAF1260.cmd 4,4940316538E-3
500 0 13 iJN1463.cmd 5,4313772122E-5
500 0 13 iMM904.cmd 5,8582905389E-6
500 1 2 iAF1260.cmd 5,4808689914E-4
500 1 2 iJN1463.cmd 6,7239856936E-4
500 1 2 iMM904.cmd 7,060743794E-4
500 1 6 iAF1260.cmd 6,6488010706E-1
500 1 6 iJN1463.cmd 1,0828010205E-3
500 1 6 iMM904.cmd 1,1772352836E-4
500 1 9 iAF1260.cmd 1,1354849758E0
500 1 9 iJN1463.cmd 1,3202005351E-4
500 1 9 iMM904.cmd 5,9652083065E-5
500 1 14 iAF1260.cmd 2,9760790098E-4
500 1 14 iJN1463.cmd 3,5336022909E-5
500 1 14 iMM904.cmd 1,0382903606E-6
500 2 3 iAF1260.cmd 3,3706922632E-4
500 2 3 iJN1463.cmd 4,5975044343E-4
500 2 3 iMM904.cmd 6,8794375637E-4
500 2 7 iAF1260.cmd 1,9904554567E0
500 2 7 iJN1463.cmd 4,9731309207E-4
500 2 7 iMM904.cmd 9,0907985631E-5
500 2 8 iAF1260.cmd 2,4388512196E0
500 2 8 iJN1463.cmd 2,4666844394E-4
500 2 8 iMM904.cmd 7,1461280144E-5
500 2 10 iAF1260.cmd 1,5156691087E0
500 2 10 iJN1463.cmd 7,2952296504E-5
500 2 10 iMM904.cmd 4,9809051607E-5
500 3 5 iAF1260.cmd 9,6303976031E-1
500 3 5 iJN1463.cmd 9,1940143114E-4
500 3 5 iMM904.cmd 1,096350984E-4
500 3 6 iAF1260.cmd 1,6955936579E0
500 3 6 iJN1463.cmd 6,9288546635E-4
500 3 6 iMM904.cmd 1,083711681E-4
500 3 9 iAF1260.cmd 2,8972534496E0
500 3 9 iJN1463.cmd 1,0135550832E-4
500 3 9 iMM904.cmd 4,4421241125E-5
500 4 8 iAF1260.cmd 3,993400908E0
500 4 8 iJN1463.cmd 9,5606771292E-5
500 4 8 iMM904.cmd 3,906200635E-5
500 4 11 iAF1260.cmd 1,1847933993E0
500 4 11 iJN1463.cmd 6,712998207E-5
500 4 11 iMM904.cmd 7,1840000877E-6
500 4 14 iAF1260.cmd 5,0159686581E-2
500 4 14 iJN1463.cmd 3,7941246126E-6
500 4 14 iMM904.cmd 1,618470517E-8
500 5 9 iAF1260.cmd 3,2114263845E0
500 5 9 iJN1463.cmd 5,5328325879E-5
500 5 9 iMM904.cmd 9,2902570966E-6
500 5 10 iAF1260.cmd 2,2659970128E0
500 5 10 iJN1463.cmd 5,6548258475E-5
500 5 10 iMM904.cmd 6,6758009435E-6
500 5 12 iAF1260.cmd 7,7849510137E-1
500 5 12 iJN1463.cmd 3,1428159677E-5
500 5 12 iMM904.cmd 9,289538078E-7
500 5 13 iAF1260.cmd 3,3546906518E-1
500 5 13 iJN1463.cmd 1,4252522226E-5
500 5 13 iMM904.cmd 2,2133120431E-7
500 6 8 iAF1260.cmd 3,6540297502E0
500 6 8 iJN1463.cmd 1,9584764749E-5
500 6 8 iMM904.cmd 1,0333950382E-6
500 6 10 iAF1260.cmd 2,6808851439E0
500 6 10 iJN1463.cmd 3,8604566124E-5
500 6 10 iMM904.cmd 2,3388170832E-6
500 6 12 iAF1260.cmd 1,2627845071E0
500 6 12 iJN1463.cmd 2,4898636646E-5
500 6 12 iMM904.cmd 4,8408788534E-7
500 6 13 iAF1260.cmd 6,4255862276E-1
500 6 13 iJN1463.cmd 1,3794352944E-5
500 6 13 iMM904.cmd 1,4944997581E-7
500 7 9 iAF1260.cmd 3,2610675945E0
500 7 9 iJN1463.cmd 1,791435077E-5
500 7 9 iMM904.cmd 8,5442596801E-7
500 7 11 iAF1260.cmd 2,5575514662E0
500 7 11 iJN1463.cmd 2,1843917944E-5
500 7 11 iMM904.cmd 5,624346604E-7
500 7 12 iAF1260.cmd 2,0742916197E0
500 7 12 iJN1463.cmd 1,6580389587E-5
500 7 12 iMM904.cmd 2,7814886199E-7
500 7 13 iAF1260.cmd 1,0100443971E0
500 7 13 iJN1463.cmd 1,1049054911E-5
500 7 13 iMM904.cmd 9,2551035535E-8
500 8 8 iAF1260.cmd 2,4352370728E0
500 8 8 iJN1463.cmd 5,5290282582E-6
500 8 8 iMM904.cmd 2,9205071512E-7
500 8 10 iAF1260.cmd 2,8651484631E0
500 8 10 iJN1463.cmd 1,1288268848E-5
500 8 10 iMM904.cmd 5,6086960331E-7
500 8 11 iAF1260.cmd 2,8397836156E0
500 8 11 iJN1463.cmd 1,144721019E-5
500 8 11 iMM904.cmd 4,4296174033E-7
500 9 9 iAF1260.cmd 2,2679204431E0
500 9 9 iJN1463.cmd 4,0720190133E-6
500 9 9 iMM904.cmd 5,1926827886E-7
500 9 12 iAF1260.cmd 2,5110768724E0
500 9 12 iJN1463.cmd 4,7571114797E-6
500 9 12 iMM904.cmd 3,7349424949E-7
500 10 3 iAF1260.cmd 9,0926956798E-1
500 10 3 iJN1463.cmd 1,415105786E-4
500 10 3 iMM904.cmd 2,8615529715E-5
500 10 4 iAF1260.cmd 5,5946473829E-1
500 10 4 iJN1463.cmd 1,4902720559E-4
500 10 4 iMM904.cmd 2,4860931562E-5
500 10 5 iAF1260.cmd 2,7742081414E-1
500 10 5 iJN1463.cmd 1,610045335E-4
500 10 5 iMM904.cmd 1,8356569227E-5
500 11 4 iAF1260.cmd 1,2903673553E0
500 11 4 iJN1463.cmd 1,7974426712E-4
500 11 4 iMM904.cmd 2,3999250996E-5
500 11 6 iAF1260.cmd 2,2958837515E-1
500 11 6 iJN1463.cmd 1,5605553268E-4
500 11 6 iMM904.cmd 1,6586161919E-5
500 11 10 iAF1260.cmd 3,0502858288E0
500 11 10 iJN1463.cmd 1,3880840667E-6
500 11 10 iMM904.cmd 1,0494984227E-6
500 11 11 iAF1260.cmd 3,26620371E0
500 11 11 iJN1463.cmd 1,4693149396E-6
500 11 11 iMM904.cmd 9,6922900676E-7
500 12 1 iAF1260.cmd 6,9390782763E0
500 12 1 iJN1463.cmd 1,4300385419E-4
500 12 1 iMM904.cmd 8,5123663956E-5
500 12 3 iAF1260.cmd 4,5840476828E0
500 12 3 iJN1463.cmd 1,9193282628E-4
500 12 3 iMM904.cmd 3,7489850761E-5
500 12 5 iAF1260.cmd 7,6050350851E-1
500 12 5 iJN1463.cmd 1,4411770669E-4
500 12 5 iMM904.cmd 1,8068251117E-5
500 13 1 iAF1260.cmd 6,7372674581E0
500 13 1 iJN1463.cmd 8,965645836E-5
500 13 1 iMM904.cmd 1,0922603158E-4
500 13 6 iAF1260.cmd 6,5463300895E-1
500 13 6 iJN1463.cmd 6,6313686264E-5
500 13 6 iMM904.cmd 1,068848622E-5
500 13 9 iAF1260.cmd 5,043212788E0
500 13 9 iJN1463.cmd 4,3573723915E-6
500 13 9 iMM904.cmd 1,8118551969E-6
500 13 10 iAF1260.cmd 5,4206042101E0
500 13 10 iJN1463.cmd 2,6562439946E-6
500 13 10 iMM904.cmd 1,2586472969E-6
500 13 11 iAF1260.cmd 5,1706635909E0
500 13 11 iJN1463.cmd 2,7005781687E-6
500 13 11 iMM904.cmd 1,0111157704E-6
500 14 1 iAF1260.cmd 6,0682440098E0
500 14 1 iJN1463.cmd 6,0758883284E-5
500 14 1 iMM904.cmd 1,2640610938E-4
500 14 8 iAF1260.cmd 3,6879961208E0
500 14 8 iJN1463.cmd 7,6767362662E-6
500 14 8 iMM904.cmd 2,4621533897E-6
500 14 11 iAF1260.cmd 4,7814859345E0
500 14 11 iJN1463.cmd 4,1962121027E-6
500 14 11 iMM904.cmd 7,8780811894E-7
500 14 12 iAF1260.cmd 2,9691938902E0
500 14 12 iJN1463.cmd 5,734287898E-6
500 14 12 iMM904.cmd 3,503007919E-7
500 7 8 iAF1260.cmd 2,7603545375E0
500 7 8 iJN1463.cmd 1,0706542289E-5
500 7 8 iMM904.cmd 4,2869563755E-7
500 7 10 iAF1260.cmd 2,8891127198E0
500 7 10 iJN1463.cmd 2,2528387163E-5
500 7 10 iMM904.cmd 8,7498471817E-7
500 4 9 iAF1260.cmd 3,1061293882E0
500 4 9 iJN1463.cmd 7,3916021552E-5
500 4 9 iMM904.cmd 2,4625556863E-5
500 2 9 iAF1260.cmd 2,1000176815E0
500 2 9 iJN1463.cmd 1,2064501846E-4
500 2 9 iMM904.cmd 5,7143050574E-5
500 9 8 iAF1260.cmd 2,2163675097E0
500 9 8 iJN1463.cmd 3,2778370115E-6
500 9 8 iMM904.cmd 3,5318816676E-7
500 9 10 iAF1260.cmd 2,3053796842E0
500 9 10 iJN1463.cmd 5,0439010032E-6
500 9 10 iMM904.cmd 6,007032768E-7
500 9 11 iAF1260.cmd 2,4123842959E0
500 9 11 iJN1463.cmd 5,243040364E-6
500 9 11 iMM904.cmd 5,1575399535E-7
500 13 8 iAF1260.cmd 3,4153142441E0
500 13 8 iJN1463.cmd 9,4736378179E-6
500 13 8 iMM904.cmd 2,7973566307E-6
500 1 8 iAF1260.cmd 1,3066895139E0
500 1 8 iJN1463.cmd 3,0072432061E-4
500 1 8 iMM904.cmd 7,2035090017E-5
500 3 10 iAF1260.cmd 2,0748488695E0
500 3 10 iJN1463.cmd 7,5126602601E-5
500 3 10 iMM904.cmd 3,5466550087E-5
500 8 7 iAF1260.cmd 1,3859069717E0
500 8 7 iJN1463.cmd 2,7568590141E-6
500 8 7 iMM904.cmd 1,1250896922E-7
500 10 9 iAF1260.cmd 1,8024968982E0
500 10 9 iJN1463.cmd 2,1268098614E-6
500 10 9 iMM904.cmd 6,7808249491E-7
500 10 12 iAF1260.cmd 1,5931615333E0
500 10 12 iJN1463.cmd 2,0234630736E-6
500 10 12 iMM904.cmd 3,784986225E-7
500 10 11 iAF1260.cmd 2,168970333E0
500 10 11 iJN1463.cmd 2,3661353161E-6
500 10 11 iMM904.cmd 6,6733328403E-7
500 11 3 iAF1260.cmd 2,2503843948E0
500 11 3 iJN1463.cmd 1,6898575036E-4
500 11 3 iMM904.cmd 2,7860509632E-5
500 12 0 iAF1260.cmd 4,2678938349E0
500 12 0 iJN1463.cmd 2,8317082145E-4
500 12 0 iMM904.cmd 1,8619282783E-4
500 12 4 iAF1260.cmd 2,14120417E0
500 12 4 iJN1463.cmd 1,8040759903E-4
500 12 4 iMM904.cmd 2,35893754E-5
500 13 0 iAF1260.cmd 4,6426989251E0
500 13 0 iJN1463.cmd 2,2510878619E-4
500 13 0 iMM904.cmd 2,7140298313E-4
500 14 7 iAF1260.cmd 1,8843689158E0
500 14 7 iJN1463.cmd 1,884468079E-5
500 14 7 iMM904.cmd 4,5844122549E-6
500 0 2 iAF1260.cmd 1,5920263278E-3
500 0 2 iJN1463.cmd 9,3018732231E-4
500 0 2 iMM904.cmd 5,9156918588E-4
500 1 7 iAF1260.cmd 1,0578342522E0
500 1 7 iJN1463.cmd 6,1787142306E-4
500 1 7 iMM904.cmd 8,9609390661E-5
500 0 6 iAF1260.cmd 3,5530935439E-1
500 0 6 iJN1463.cmd 1,1911729223E-3
500 0 6 iMM904.cmd 1,2263563129E-4
500 4 10 iAF1260.cmd 2,0199630124E0
500 4 10 iJN1463.cmd 6,9662824171E-5
500 4 10 iMM904.cmd 1,6703402151E-5
500 10 6 iAF1260.cmd 1,2854348786E-1
500 10 6 iJN1463.cmd 1,5888021469E-4
500 10 6 iMM904.cmd 1,5294693407E-5
500 7 7 iAF1260.cmd 1,4096431608E0
500 7 7 iJN1463.cmd 3,9629066472E-6
500 7 7 iMM904.cmd 1,2434839591E-7
500 0 9 iAF1260.cmd 5,7452381246E-1
500 0 9 iJN1463.cmd 1,3776178678E-4
500 0 9 iMM904.cmd 5,8184140579E-5
500 0 14 iAF1260.cmd 9,0454718348E-4
500 0 14 iJN1463.cmd 3,5895819621E-5
500 0 14 iMM904.cmd 1,8509667632E-6
500 10 10 iAF1260.cmd 2,1299084992E0
500 10 10 iJN1463.cmd 2,2840176064E-6
500 10 10 iMM904.cmd 7,7330977983E-7
500 0 4 iAF1260.cmd 4,2784178057E-2
500 0 4 iJN1463.cmd 1,8361809629E-3
500 0 4 iMM904.cmd 3,2562908076E-4
500 13 5 iAF1260.cmd 4,1834339489E-1
500 13 5 iJN1463.cmd 8,6057765042E-5
500 13 5 iMM904.cmd 1,2080435058E-5
500 13 7 iAF1260.cmd 1,7112832846E0
500 13 7 iJN1463.cmd 2,5265188376E-5
500 13 7 iMM904.cmd 5,5215737056E-6
500 14 0 iAF1260.cmd 4,3082084599E0
500 14 0 iJN1463.cmd 1,9377236482E-4
500 14 0 iMM904.cmd 3,6928328619E-4
500 0 12 iAF1260.cmd 2,4984368946E-2
500 0 12 iJN1463.cmd 6,9084298512E-5
500 0 12 iMM904.cmd 1,6674057789E-5
500 0 8 iAF1260.cmd 7,0804351924E-1
500 0 8 iJN1463.cmd 3,222309089E-4
500 0 8 iMM904.cmd 6,8762990563E-5
500 8 6 iAF1260.cmd 6,7357934025E-1
500 8 6 iJN1463.cmd 1,2069629132E-6
500 8 6 iMM904.cmd 4,0349313231E-8
500 10 13 iAF1260.cmd 5,3881670314E-1
500 10 13 iJN1463.cmd 5,7777914541E-7
500 10 13 iMM904.cmd 1,4431228533E-7
500 11 0 iAF1260.cmd 1,9753262469E0
500 11 0 iJN1463.cmd 2,7196906905E-4
500 11 0 iMM904.cmd 1,1940345528E-4
500 14 6 iAF1260.cmd 7,6924185717E-1
500 14 6 iJN1463.cmd 3,5776302443E-5
500 14 6 iMM904.cmd 6,9506387629E-6
500 0 11 iAF1260.cmd 1,0283281444E-1
500 0 11 iJN1463.cmd 6,9971492462E-5
500 0 11 iMM904.cmd 3,2124620195E-5
500 4 13 iAF1260.cmd 8,5837631624E-2
500 4 13 iJN1463.cmd 6,3692424877E-6
500 4 13 iMM904.cmd 5,437278693E-8
500 7 6 iAF1260.cmd 5,0379025582E-1
500 7 6 iJN1463.cmd 1,2074611628E-6
500 7 6 iMM904.cmd 2,928207656E-8
500 0 7 iAF1260.cmd 5,8507204732E-1
500 0 7 iJN1463.cmd 6,7758736422E-4
500 0 7 iMM904.cmd 8,6968332095E-5
500 10 0 iAF1260.cmd 7,7132565255E-1
500 10 0 iJN1463.cmd 2,2742323749E-4
500 10 0 iMM904.cmd 8,0945943978E-5
500 10 14 iAF1260.cmd 1,9298031182E-1
500 10 14 iJN1463.cmd 1,7070043745E-7
500 10 14 iMM904.cmd 5,0385525341E-8
500 11 13 iAF1260.cmd 1,9543738092E-1
500 11 13 iJN1463.cmd 1,8829516538E-7
500 11 13 iMM904.cmd 6,0437374831E-8
500 14 5 iAF1260.cmd 3,5017662318E-1
500 14 5 iJN1463.cmd 5,1134172288E-5
500 14 5 iMM904.cmd 8,4269401278E-6
500 0 1 iAF1260.cmd 3,1913514338E-4
500 0 1 iJN1463.cmd 6,2665496928E-4
500 0 1 iMM904.cmd 4,3933013048E-4
500 6 6 iAF1260.cmd 1,8319030678E-1
500 6 6 iJN1463.cmd 4,5761424478E-7
500 6 6 iMM904.cmd 6,0123994946E-9
500 7 5 iAF1260.cmd 1,8843398035E-1
500 7 5 iJN1463.cmd 4,9533226953E-7
500 7 5 iMM904.cmd 6,1558570988E-9
500 11 14 iAF1260.cmd 1,0104442135E-1
500 11 14 iJN1463.cmd 8,2201465741E-8
500 11 14 iMM904.cmd 2,7496274323E-8
500 9 0 iAF1260.cmd 2,4218583126E-1
500 9 0 iJN1463.cmd 7,1811430523E-5
500 9 0 iMM904.cmd 3,0243334236E-5
500 3 13 iAF1260.cmd 2,3616299175E-2
500 3 13 iJN1463.cmd 3,2834264994E-6
500 3 13 iMM904.cmd 1,4271811077E-8
500 8 0 iAF1260.cmd 5,9521566992E-2
500 8 0 iJN1463.cmd 2,5358746193E-5
500 8 0 iMM904.cmd 1,8041993686E-5
500 0 0 iAF1260.cmd 6,0164225275E-5
500 0 0 iJN1463.cmd 8,5158720109E-4
500 0 0 iMM904.cmd 5,0720833233E-4
500 3 14 iAF1260.cmd 1,5572085666E-2
500 3 14 iJN1463.cmd 2,1255345468E-6
500 3 14 iMM904.cmd 3,9324771238E-9
500 7 0 iAF1260.cmd 1,5829659323E-2
500 7 0 iJN1463.cmd 7,4666914236E-6
500 7 0 iMM904.cmd 1,1434209572E-5
500 8 1 iAF1260.cmd 1,9298970748E-2
500 8 1 iJN1463.cmd 2,9751175284E-6
500 8 1 iMM904.cmd 3,8023909022E-6
500 6 0 iAF1260.cmd 3,8319947096E-3
500 6 0 iJN1463.cmd 2,8988030781E-6
500 6 0 iMM904.cmd 6,134296069E-6
500 1 0 iAF1260.cmd 1,1245276076E-5
500 1 0 iJN1463.cmd 6,4395825825E-4
500 1 0 iMM904.cmd 3,7930271112E-4
500 5 0 iAF1260.cmd 7,2528615993E-4
500 5 0 iJN1463.cmd 6,6728631666E-6
500 5 0 iMM904.cmd 8,5078224157E-6
500 4 0 iAF1260.cmd 1,4571805109E-4
500 4 0 iJN1463.cmd 4,0535155935E-5
500 4 0 iMM904.cmd 2,9064196364E-5
500 5 1 iAF1260.cmd 1,7730887387E-4
500 5 1 iJN1463.cmd 6,7808530852E-7
500 5 1 iMM904.cmd 1,3909226638E-6
500 2 0 iAF1260.cmd 5,8888880831E-6
500 2 0 iJN1463.cmd 5,8630070155E-4
500 2 0 iMM904.cmd 3,2528126897E-4
500 3 0 iAF1260.cmd 2,421546907E-5
500 3 0 iJN1463.cmd 2,1017046408E-4
500 3 0 iMM904.cmd 1,1346490123E-4
500 3 1 iAF1260.cmd 4,5579083309E-6
500 3 1 iJN1463.cmd 2,5356226036E-5
500 3 1 iMM904.cmd 1,8709757486E-5
1000 14 14 iAF1260.cmd 3,1750944274E0
1000 14 14 iJN1463.cmd 5,3298416201E-6
1000 14 14 iMM904.cmd 2,1458619263E-7
1000 14 9 iAF1260.cmd 6,0089882262E0
1000 14 9 iJN1463.cmd 1,6993352378E-5
1000 14 9 iMM904.cmd 3,2751522163E-6
1000 8 12 iAF1260.cmd 3,1390883388E0
1000 8 12 iJN1463.cmd 1,2593652728E-5
1000 8 12 iMM904.cmd 7,0037507322E-7
1000 13 2 iAF1260.cmd 9,0656285787E0
1000 13 2 iJN1463.cmd 1,9109063151E-3
1000 13 2 iMM904.cmd 7,4122680178E-4
1000 12 2 iAF1260.cmd 7,7488372454E0
1000 12 2 iJN1463.cmd 1,9966335122E-3
1000 12 2 iMM904.cmd 6,1737496754E-4
1000 3 8 iAF1260.cmd 3,3253002981E0
1000 3 8 iJN1463.cmd 3,013041459E-4
1000 3 8 iMM904.cmd 6,2446137497E-5
1000 6 9 iAF1260.cmd 3,8905082857E0
1000 6 9 iJN1463.cmd 3,5492498656E-5
1000 6 9 iMM904.cmd 6,1947268258E-6
1000 14 10 iAF1260.cmd 6,3881902408E0
1000 14 10 iJN1463.cmd 8,750085319E-6
1000 14 10 iMM904.cmd 1,8681538996E-6
1000 12 11 iAF1260.cmd 5,6775490797E0
1000 12 11 iJN1463.cmd 3,7765679896E-6
1000 12 11 iMM904.cmd 1,1379770088E-6
1000 8 9 iAF1260.cmd 3,5524540069E0
1000 8 9 iJN1463.cmd 1,2437138625E-5
1000 8 9 iMM904.cmd 1,14404542E-6
1000 1 13 iAF1260.cmd 2,4356912006E-2
1000 1 13 iJN1463.cmd 4,8252920108E-5
1000 1 13 iMM904.cmd 5,8901672488E-6
1000 2 5 iAF1260.cmd 1,5528128769E0
1000 2 5 iJN1463.cmd 9,6997574994E-4
1000 2 5 iMM904.cmd 1,2456868147E-4
1000 6 14 iAF1260.cmd 1,0023340685E0
1000 6 14 iJN1463.cmd 1,2161397377E-5
1000 6 14 iMM904.cmd 3,4178322239E-7
1000 1 5 iAF1260.cmd 1,1357933736E0
1000 1 5 iJN1463.cmd 1,0989431558E-3
1000 1 5 iMM904.cmd 1,5391620362E-4
1000 5 14 iAF1260.cmd 6,939643612E-1
1000 5 14 iJN1463.cmd 1,1169086726E-5
1000 5 14 iMM904.cmd 3,6256829391E-7
1000 7 14 iAF1260.cmd 1,2160006775E0
1000 7 14 iJN1463.cmd 1,1858764676E-5
1000 7 14 iMM904.cmd 2,7570288218E-7
1000 5 11 iAF1260.cmd 2,6685154385E0
1000 5 11 iJN1463.cmd 4,4022527031E-5
1000 5 11 iMM904.cmd 7,4567882764E-6
1000 6 11 iAF1260.cmd 2,8617125342E0
1000 6 11 iJN1463.cmd 3,1161310156E-5
1000 6 11 iMM904.cmd 3,6898569765E-6
1000 11 5 iAF1260.cmd 1,4353414354E0
1000 11 5 iJN1463.cmd 2,2227731265E-4
1000 11 5 iMM904.cmd 2,7218678744E-5
1000 14 13 iAF1260.cmd 3,8184196268E0
1000 14 13 iJN1463.cmd 5,5362278563E-6
1000 14 13 iMM904.cmd 3,7854858528E-7
1000 2 2 iAF1260.cmd 6,7338409714E-3
1000 2 2 iJN1463.cmd 9,0881291083E-4
1000 2 2 iMM904.cmd 6,8739071701E-4
1000 14 2 iAF1260.cmd 9,5708789418E0
1000 14 2 iJN1463.cmd 1,8919241737E-3
1000 14 2 iMM904.cmd 8,1909968555E-4
1000 12 10 iAF1260.cmd 5,7174257468E0
1000 12 10 iJN1463.cmd 4,5261830342E-6
1000 12 10 iMM904.cmd 1,3386066891E-6
1000 1 10 iAF1260.cmd 1,8063343293E0
1000 1 10 iJN1463.cmd 1,6558622948E-4
1000 1 10 iMM904.cmd 5,3384063457E-5
1000 1 3 iAF1260.cmd 2,9079717401E-2
1000 1 3 iJN1463.cmd 1,1347826689E-3
1000 1 3 iMM904.cmd 6,6341393805E-4
1000 9 3 iAF1260.cmd 1,2779386443E0
1000 9 3 iJN1463.cmd 2,2018901086E-4
1000 9 3 iMM904.cmd 3,3375726375E-5
1000 12 6 iAF1260.cmd 1,4169333355E0
1000 12 6 iJN1463.cmd 1,7589700717E-4
1000 12 6 iMM904.cmd 2,0777856387E-5
1000 9 4 iAF1260.cmd 1,1464253981E0
1000 9 4 iJN1463.cmd 2,1147942522E-4
1000 9 4 iMM904.cmd 3,3055198744E-5
1000 2 6 iAF1260.cmd 1,882752589E0
1000 2 6 iJN1463.cmd 8,1944829393E-4
1000 2 6 iMM904.cmd 1,1077495903E-4
1000 3 7 iAF1260.cmd 2,7951757689E0
1000 3 7 iJN1463.cmd 5,3238916123E-4
1000 3 7 iMM904.cmd 8,5878611549E-5
1000 0 3 iAF1260.cmd 9,6266437003E-2
1000 0 3 iJN1463.cmd 1,6646738992E-3
1000 0 3 iMM904.cmd 6,674265217E-4
1000 0 5 iAF1260.cmd 7,4102659938E-1
1000 0 5 iJN1463.cmd 1,2312115755E-3
1000 0 5 iMM904.cmd 2,2265026597E-4
1000 0 10 iAF1260.cmd 1,1685544304E0
1000 0 10 iJN1463.cmd 1,5675342898E-4
1000 0 10 iMM904.cmd 4,9569097277E-5
1000 0 13 iAF1260.cmd 6,8342575162E-2
1000 0 13 iJN1463.cmd 5,371421309E-5
1000 0 13 iMM904.cmd 9,9603902921E-6
1000 1 2 iAF1260.cmd 1,4690036732E-2
1000 1 2 iJN1463.cmd 1,4207771954E-3
1000 1 2 iMM904.cmd 7,6338395536E-4
1000 1 6 iAF1260.cmd 1,4131464521E0
1000 1 6 iJN1463.cmd 9,1857006833E-4
1000 1 6 iMM904.cmd 1,2528585572E-4
1000 1 9 iAF1260.cmd 1,9384228822E0
1000 1 9 iJN1463.cmd 2,5127345438E-4
1000 1 9 iMM904.cmd 6,2279800522E-5
1000 1 14 iAF1260.cmd 1,3419527414E-2
1000 1 14 iJN1463.cmd 4,5620218605E-5
1000 1 14 iMM904.cmd 4,4948797865E-6
1000 2 3 iAF1260.cmd 1,0224257867E-2
1000 2 3 iJN1463.cmd 8,9756820362E-4
1000 2 3 iMM904.cmd 6,7236355988E-4
1000 2 7 iAF1260.cmd 2,3324750133E0
1000 2 7 iJN1463.cmd 5,9158156731E-4
1000 2 7 iMM904.cmd 9,1744121929E-5
1000 2 8 iAF1260.cmd 2,6386527967E0
1000 2 8 iJN1463.cmd 3,7024965442E-4
1000 2 8 iMM904.cmd 7,2077411113E-5
1000 2 10 iAF1260.cmd 2,5046793975E0
1000 2 10 iJN1463.cmd 1,5144568645E-4
1000 2 10 iMM904.cmd 4,9673672669E-5
1000 3 5 iAF1260.cmd 1,8505879697E0
1000 3 5 iJN1463.cmd 8,8649120316E-4
1000 3 5 iMM904.cmd 1,1429123186E-4
1000 3 6 iAF1260.cmd 2,2335642206E0
1000 3 6 iJN1463.cmd 7,4889871054E-4
1000 3 6 iMM904.cmd 1,036433515E-4
1000 3 9 iAF1260.cmd 3,321071601E0
1000 3 9 iJN1463.cmd 1,7859548518E-4
1000 3 9 iMM904.cmd 4,7609553721E-5
1000 4 8 iAF1260.cmd 3,9443237202E0
1000 4 8 iJN1463.cmd 1,8285812522E-4
1000 4 8 iMM904.cmd 4,6157870223E-5
1000 4 11 iAF1260.cmd 2,8045295196E0
1000 4 11 iJN1463.cmd 6,2339044385E-5
1000 4 11 iMM904.cmd 1,3741993246E-5
1000 4 14 iAF1260.cmd 3,6857719175E-1
1000 4 14 iJN1463.cmd 7,9436685416E-6
1000 4 14 iMM904.cmd 1,8694407854E-7
1000 5 9 iAF1260.cmd 3,8302790307E0
1000 5 9 iJN1463.cmd 6,6039167235E-5
1000 5 9 iMM904.cmd 1,5924023763E-5
1000 5 10 iAF1260.cmd 3,35877381E0
1000 5 10 iJN1463.cmd 5,6134691244E-5
1000 5 10 iMM904.cmd 1,2356248912E-5
1000 5 12 iAF1260.cmd 1,8480121309E0
1000 5 12 iJN1463.cmd 2,784693907E-5
1000 5 12 iMM904.cmd 2,8810115072E-6
1000 5 13 iAF1260.cmd 1,0218119714E0
1000 5 13 iJN1463.cmd 1,5800961439E-5
1000 5 13 iMM904.cmd 9,1233445913E-7
1000 6 8 iAF1260.cmd 3,9706819155E0
1000 6 8 iJN1463.cmd 2,3690980048E-5
1000 6 8 iMM904.cmd 3,0314523421E-6
1000 6 10 iAF1260.cmd 3,4841105158E0
1000 6 10 iJN1463.cmd 3,5922078687E-5
1000 6 10 iMM904.cmd 5,6174389623E-6
1000 6 12 iAF1260.cmd 2,1346391511E0
1000 6 12 iJN1463.cmd 2,3240273942E-5
1000 6 12 iMM904.cmd 1,801034289E-6
1000 6 13 iAF1260.cmd 1,3985191594E0
1000 6 13 iJN1463.cmd 1,6095628207E-5
1000 6 13 iMM904.cmd 7,4616557193E-7
1000 7 9 iAF1260.cmd 3,6863393648E0
1000 7 9 iJN1463.cmd 2,0802560531E-5
1000 7 9 iMM904.cmd 2,5010877429E-6
1000 7 11 iAF1260.cmd 3,1474211384E0
1000 7 11 iJN1463.cmd 2,1231931981E-5
1000 7 11 iMM904.cmd 1,7589308065E-6
1000 7 12 iAF1260.cmd 2,5444181635E0
1000 7 12 iJN1463.cmd 1,7721919619E-5
1000 7 12 iMM904.cmd 1,0186171694E-6
1000 7 13 iAF1260.cmd 1,6781846471E0
1000 7 13 iJN1463.cmd 1,4567027037E-5
1000 7 13 iMM904.cmd 5,2304179466E-7
1000 8 8 iAF1260.cmd 3,1857188667E0
1000 8 8 iJN1463.cmd 9,5135202458E-6
1000 8 8 iMM904.cmd 7,9081690268E-7
1000 8 10 iAF1260.cmd 3,5924058804E0
1000 8 10 iJN1463.cmd 1,3844102745E-5
1000 8 10 iMM904.cmd 1,1660024103E-6
1000 8 11 iAF1260.cmd 3,4187836043E0
1000 8 11 iJN1463.cmd 1,364769935E-5
1000 8 11 iMM904.cmd 9,4687334468E-7
1000 9 9 iAF1260.cmd 3,49086703E0
1000 9 9 iJN1463.cmd 7,7123155609E-6
1000 9 9 iMM904.cmd 7,4451056001E-7
1000 9 12 iAF1260.cmd 3,1687129295E0
1000 9 12 iJN1463.cmd 7,785509719E-6
1000 9 12 iMM904.cmd 5,4994555149E-7
1000 10 3 iAF1260.cmd 1,8384985515E0
1000 10 3 iJN1463.cmd 2,3779885449E-4
1000 10 3 iMM904.cmd 3,7072342285E-5
1000 10 4 iAF1260.cmd 1,4844306025E0
1000 10 4 iJN1463.cmd 2,2445041089E-4
1000 10 4 iMM904.cmd 3,2166139062E-5
1000 10 5 iAF1260.cmd 1,1018862484E0
1000 10 5 iJN1463.cmd 2,222307924E-4
1000 10 5 iMM904.cmd 2,7458878012E-5
1000 11 4 iAF1260.cmd 2,1981771896E0
1000 11 4 iJN1463.cmd 2,5308472295E-4
1000 11 4 iMM904.cmd 3,7373694187E-5
1000 11 6 iAF1260.cmd 1,0603290854E0
1000 11 6 iJN1463.cmd 2,0493562136E-4
1000 11 6 iMM904.cmd 2,3757341662E-5
1000 11 10 iAF1260.cmd 4,7903228618E0
1000 11 10 iJN1463.cmd 3,8251080013E-6
1000 11 10 iMM904.cmd 1,0098148992E-6
1000 11 11 iAF1260.cmd 4,760456911E0
1000 11 11 iJN1463.cmd 3,6647347116E-6
1000 11 11 iMM904.cmd 9,6821677024E-7
1000 12 1 iAF1260.cmd 7,9841045578E0
1000 12 1 iJN1463.cmd 9,4223630804E-3
1000 12 1 iMM904.cmd 2,3745322375E-3
1000 12 3 iAF1260.cmd 4,8070668004E0
1000 12 3 iJN1463.cmd 5,5259223316E-4
1000 12 3 iMM904.cmd 1,4732458345E-4
1000 12 5 iAF1260.cmd 1,7471445138E0
1000 12 5 iJN1463.cmd 2,0670023539E-4
1000 12 5 iMM904.cmd 2,7213008682E-5
1000 13 1 iAF1260.cmd 8,6490639023E0
1000 13 1 iJN1463.cmd 7,3562148876E-3
1000 13 1 iMM904.cmd 2,3832128541E-3
1000 13 6 iAF1260.cmd 1,9472303785E0
1000 13 6 iJN1463.cmd 1,1015777567E-4
1000 13 6 iMM904.cmd 1,385526756E-5
1000 13 9 iAF1260.cmd 5,9393531428E0
1000 13 9 iJN1463.cmd 1,6815497953E-5
1000 13 9 iMM904.cmd 3,2775117611E-6
1000 13 10 iAF1260.cmd 6,2234838686E0
1000 13 10 iJN1463.cmd 7,753466876E-6
1000 13 10 iMM904.cmd 1,8144545507E-6
1000 13 11 iAF1260.cmd 6,187033679E0
1000 13 11 iJN1463.cmd 5,2205138665E-6
1000 13 11 iMM904.cmd 1,310809527E-6
1000 14 1 iAF1260.cmd 8,9443191522E0
1000 14 1 iJN1463.cmd 6,4943154356E-3
1000 14 1 iMM904.cmd 2,4858692035E-3
1000 14 8 iAF1260.cmd 4,8453688917E0
1000 14 8 iJN1463.cmd 3,0923807282E-5
1000 14 8 iMM904.cmd 4,9785554033E-6
1000 14 11 iAF1260.cmd 6,0376310523E0
1000 14 11 iJN1463.cmd 6,236076948E-6
1000 14 11 iMM904.cmd 1,2295027623E-6
1000 14 12 iAF1260.cmd 4,9225364457E0
1000 14 12 iJN1463.cmd 5,8124555151E-6
1000 14 12 iMM904.cmd 7,2362213075E-7
1000 7 8 iAF1260.cmd 3,3814499274E0
1000 7 8 iJN1463.cmd 1,4736296574E-5
1000 7 8 iMM904.cmd 1,491872456E-6
1000 7 10 iAF1260.cmd 3,5444868091E0
1000 7 10 iJN1463.cmd 2,267403027E-5
1000 7 10 iMM904.cmd 2,4350924329E-6
1000 4 9 iAF1260.cmd 3,7315220153E0
1000 4 9 iJN1463.cmd 1,1958692399E-4
1000 4 9 iMM904.cmd 3,2521372614E-5
1000 2 9 iAF1260.cmd 2,6445938143E0
1000 2 9 iJN1463.cmd 2,2142849504E-4
1000 2 9 iMM904.cmd 5,757649536E-5
1000 9 8 iAF1260.cmd 3,310324841E0
1000 9 8 iJN1463.cmd 7,2818525012E-6
1000 9 8 iMM904.cmd 6,1772204473E-7
1000 9 10 iAF1260.cmd 3,6271796713E0
1000 9 10 iJN1463.cmd 8,2033456211E-6
1000 9 10 iMM904.cmd 7,779149618E-7
1000 9 11 iAF1260.cmd 3,5029709787E0
1000 9 11 iJN1463.cmd 8,1950539376E-6
1000 9 11 iMM904.cmd 6,8887377094E-7
1000 13 8 iAF1260.cmd 4,7970073077E0
1000 13 8 iJN1463.cmd 3,3902286322E-5
1000 13 8 iMM904.cmd 5,470305343E-6
1000 1 8 iAF1260.cmd 1,956955861E0
1000 1 8 iJN1463.cmd 4,2290400937E-4
1000 1 8 iMM904.cmd 7,7326358263E-5
1000 3 10 iAF1260.cmd 3,0826626904E0
1000 3 10 iJN1463.cmd 1,2433929729E-4
1000 3 10 iMM904.cmd 3,9604680063E-5
1000 8 7 iAF1260.cmd 2,3726695605E0
1000 8 7 iJN1463.cmd 6,0768162338E-6
1000 8 7 iMM904.cmd 4,1117659519E-7
1000 10 9 iAF1260.cmd 3,5446701612E0
1000 10 9 iJN1463.cmd 5,2666580827E-6
1000 10 9 iMM904.cmd 7,1365139347E-7
1000 10 12 iAF1260.cmd 2,7082581969E0
1000 10 12 iJN1463.cmd 4,2896880101E-6
1000 10 12 iMM904.cmd 4,630010844E-7
1000 10 11 iAF1260.cmd 3,7050598886E0
1000 10 11 iJN1463.cmd 4,8772626114E-6
1000 10 11 iMM904.cmd 7,0075573455E-7
1000 11 3 iAF1260.cmd 2,9932751182E0
1000 11 3 iJN1463.cmd 2,9693066846E-4
1000 11 3 iMM904.cmd 5,6015010508E-5
1000 12 0 iAF1260.cmd 6,7047751398E0
1000 12 0 iJN1463.cmd 5,336838826E-2
1000 12 0 iMM904.cmd 1,0402907554E-2
1000 12 4 iAF1260.cmd 2,9512066563E0
1000 12 4 iJN1463.cmd 2,9969609653E-4
1000 12 4 iMM904.cmd 5,3571902937E-5
1000 13 0 iAF1260.cmd 7,8193650011E0
1000 13 0 iJN1463.cmd 3,6988585636E-2
1000 13 0 iMM904.cmd 9,2168727119E-3
1000 14 7 iAF1260.cmd 3,3466044222E0
1000 14 7 iJN1463.cmd 5,264184502E-5
1000 14 7 iMM904.cmd 7,5781485786E-6
1000 0 2 iAF1260.cmd 2,8885036681E-2
1000 0 2 iJN1463.cmd 4,063420853E-3
1000 0 2 iMM904.cmd 1,3650892301E-3
1000 1 7 iAF1260.cmd 1,7638638769E0
1000 1 7 iJN1463.cmd 6,6205218888E-4
1000 1 7 iMM904.cmd 9,8172402829E-5
1000 0 6 iAF1260.cmd 1,0746530014E0
1000 0 6 iJN1463.cmd 1,0033666873E-3
1000 0 6 iMM904.cmd 1,4700417561E-4
1000 4 10 iAF1260.cmd 3,269839783E0
1000 4 10 iJN1463.cmd 8,5426850106E-5
1000 4 10 iMM904.cmd 2,3659542219E-5
1000 10 6 iAF1260.cmd 8,297671425E-1
1000 10 6 iJN1463.cmd 2,0717937513E-4
1000 10 6 iMM904.cmd 2,3463415957E-5
1000 7 7 iAF1260.cmd 2,3615388871E0
1000 7 7 iJN1463.cmd 7,3190639093E-6
1000 7 7 iMM904.cmd 5,5721699279E-7
1000 0 9 iAF1260.cmd 1,4557267752E0
1000 0 9 iJN1463.cmd 2,6297164373E-4
1000 0 9 iMM904.cmd 6,2791227496E-5
1000 0 14 iAF1260.cmd 2,44473682E-2
1000 0 14 iJN1463.cmd 4,7332434518E-5
1000 0 14 iMM904.cmd 5,8289165451E-6
1000 10 10 iAF1260.cmd 3,885863609E0
1000 10 10 iJN1463.cmd 5,063370735E-6
1000 10 10 iMM904.cmd 7,8246586968E-7
1000 0 4 iAF1260.cmd 3,1647929225E-1
1000 0 4 iJN1463.cmd 1,4128663735E-3
1000 0 4 iMM904.cmd 3,9549992573E-4
1000 13 5 iAF1260.cmd 1,5318527667E0
1000 13 5 iJN1463.cmd 1,3442673397E-4
1000 13 5 iMM904.cmd 1,7353471668E-5
1000 13 7 iAF1260.cmd 3,3123800623E0
1000 13 7 iJN1463.cmd 6,1080506782E-5
1000 13 7 iMM904.cmd 8,5546063532E-6
1000 14 0 iAF1260.cmd 8,1904148688E0
1000 14 0 iJN1463.cmd 3,0248030576E-2
1000 14 0 iMM904.cmd 9,0991099999E-3
1000 0 12 iAF1260.cmd 2,265698332E-1
1000 0 12 iJN1463.cmd 7,0109954647E-5
1000 0 12 iMM904.cmd 2,0908200296E-5
1000 0 8 iAF1260.cmd 1,5297293163E0
1000 0 8 iJN1463.cmd 4,509695799E-4
1000 0 8 iMM904.cmd 8,0022730778E-5
1000 8 6 iAF1260.cmd 1,7240193047E0
1000 8 6 iJN1463.cmd 3,7053068411E-6
1000 8 6 iMM904.cmd 2,0595197502E-7
1000 10 13 iAF1260.cmd 1,3291603195E0
1000 10 13 iJN1463.cmd 1,684582922E-6
1000 10 13 iMM904.cmd 2,2529107811E-7
1000 11 0 iAF1260.cmd 4,26875505E0
1000 11 0 iJN1463.cmd 7,3005214741E-2
1000 11 0 iMM904.cmd 1,3577670046E-2
1000 14 6 iAF1260.cmd 2,0758666941E0
1000 14 6 iJN1463.cmd 8,1102789457E-5
1000 14 6 iMM904.cmd 1,0785634098E-5
1000 0 11 iAF1260.cmd 5,5653492505E-1
1000 0 11 iJN1463.cmd 9,7967729093E-5
1000 0 11 iMM904.cmd 3,4206501956E-5
1000 4 13 iAF1260.cmd 4,5539200404E-1
1000 4 13 iJN1463.cmd 9,3501513353E-6
1000 4 13 iMM904.cmd 3,1386412243E-7
1000 7 6 iAF1260.cmd 1,3999096813E0
1000 7 6 iJN1463.cmd 3,3084185873E-6
1000 7 6 iMM904.cmd 1,9076606376E-7
1000 0 7 iAF1260.cmd 1,3832086477E0
1000 0 7 iJN1463.cmd 7,1150422847E-4
1000 0 7 iMM904.cmd 1,0565628986E-4
1000 10 0 iAF1260.cmd 2,3564012041E0
1000 10 0 iJN1463.cmd 7,6190821147E-2
1000 10 0 iMM904.cmd 1,3940621142E-2
1000 10 14 iAF1260.cmd 7,8590212577E-1
1000 10 14 iJN1463.cmd 8,1653406291E-7
1000 10 14 iMM904.cmd 1,3525070587E-7
1000 11 13 iAF1260.cmd 7,8381157003E-1
1000 11 13 iJN1463.cmd 8,2255003138E-7
1000 11 13 iMM904.cmd 1,3782433153E-7
1000 14 5 iAF1260.cmd 1,4789756754E0
1000 14 5 iJN1463.cmd 9,9889749198E-5
1000 14 5 iMM904.cmd 1,3055084314E-5
1000 0 1 iAF1260.cmd 9,1078729287E-3
1000 0 1 iJN1463.cmd 1,9093552487E-2
1000 0 1 iMM904.cmd 4,9684503214E-3
1000 6 6 iAF1260.cmd 9,3710012845E-1
1000 6 6 iJN1463.cmd 1,9423768267E-6
1000 6 6 iMM904.cmd 8,9432683376E-8
1000 7 5 iAF1260.cmd 9,3496355009E-1
1000 7 5 iJN1463.cmd 1,9481328528E-6
1000 7 5 iMM904.cmd 8,8629743748E-8
1000 11 14 iAF1260.cmd 6,0340842317E-1
1000 11 14 iJN1463.cmd 5,6409288979E-7
1000 11 14 iMM904.cmd 1,0658288573E-7
1000 9 0 iAF1260.cmd 1,0945467131E0
1000 9 0 iJN1463.cmd 4,3658756614E-2
1000 9 0 iMM904.cmd 7,8348215867E-3
1000 3 13 iAF1260.cmd 2,2992342426E-1
1000 3 13 iJN1463.cmd 6,404589758E-6
1000 3 13 iMM904.cmd 1,3101601649E-7
1000 8 0 iAF1260.cmd 3,8628738145E-1
1000 8 0 iJN1463.cmd 2,2425636568E-2
1000 8 0 iMM904.cmd 5,047193592E-3
1000 0 0 iAF1260.cmd 2,6505461867E-3
1000 0 0 iJN1463.cmd 8,4676543168E-2
1000 0 0 iMM904.cmd 2,1425217106E-2
1000 3 14 iAF1260.cmd 2,0265104306E-1
1000 3 14 iJN1463.cmd 5,859070665E-6
1000 3 14 iMM904.cmd 9,5107577503E-8
1000 7 0 iAF1260.cmd 1,5020485404E-1
1000 7 0 iJN1463.cmd 2,896693184E-2
1000 7 0 iMM904.cmd 7,4525318359E-3
1000 8 1 iAF1260.cmd 1,9631543141E-1
1000 8 1 iJN1463.cmd 5,2274707291E-3
1000 8 1 iMM904.cmd 1,4000651108E-3
1000 6 0 iAF1260.cmd 5,2327226836E-2
1000 6 0 iJN1463.cmd 2,6812383187E-2
1000 6 0 iMM904.cmd 7,4531110935E-3
1000 1 0 iAF1260.cmd 7,6913174893E-4
1000 1 0 iJN1463.cmd 1,0105614094E-1
1000 1 0 iMM904.cmd 2,7485828402E-2
1000 5 0 iAF1260.cmd 1,4294704467E-2
1000 5 0 iJN1463.cmd 3,224725905E-2
1000 5 0 iMM904.cmd 7,7487520936E-3
1000 4 0 iAF1260.cmd 4,2894615292E-3
1000 4 0 iJN1463.cmd 5,5263985592E-2
1000 4 0 iMM904.cmd 1,1785238226E-2
1000 5 1 iAF1260.cmd 5,4659590129E-3
1000 5 1 iJN1463.cmd 6,226048385E-3
1000 5 1 iMM904.cmd 1,8355704096E-3
1000 2 0 iAF1260.cmd 4,3989795615E-4
1000 2 0 iJN1463.cmd 9,2020592927E-2
1000 2 0 iMM904.cmd 2,3617644219E-2
1000 3 0 iAF1260.cmd 1,0502379241E-3
1000 3 0 iJN1463.cmd 6,4522685757E-2
1000 3 0 iMM904.cmd 1,394728859E-2
1000 3 1 iAF1260.cmd 3,3952558481E-4
1000 3 1 iJN1463.cmd 1,4658039256E-2
1000 3 1 iMM904.cmd 3,4170359151E-3
