0	1E-7	1E-7	1E-7
1	1,2037044148E-7	1,0673872313E-7	1,0621238268E-7
2	1,4515006508E-7	1,1454203942E-7	1,130301035E-7
3	1,7677726941E-7	1,2319749857E-7	1,2070266098E-7
4	2,1542781495E-7	1,3277133362E-7	1,2907831378E-7
5	2,6269883937E-7	1,4337282746E-7	1,3821374526E-7
6	3,204354599E-7	1,5505429886E-7	1,4816059128E-7
7	3,8925843797E-7	1,6791867902E-7	1,5894019574E-7
8	4,7210335067E-7	1,8194263936E-7	1,6981775658E-7
9	5,7278929269E-7	1,9731277535E-7	1,8134871837E-7
10	6,9441018997E-7	2,1423601913E-7	1,938517363E-7
11	8,3830393402E-7	2,3286915425E-7	2,0740334622E-7
12	1,0087733584E-6	2,5337005085E-7	2,2208274587E-7
13	1,2108068259E-6	2,7589285712E-7	2,3774569631E-7
14	1,4506743607E-6	3,0058768977E-7	2,5408291793E-7
15	1,735737377E-6	3,2760148997E-7	2,7093243907E-7
16	2,0745026374E-6	3,5709763738E-7	2,8835357237E-7
17	2,4770895126E-6	3,8929193043E-7	3,0638150246E-7
18	2,9524556664E-6	4,2429459738E-7	3,2509382921E-7
19	3,5099725198E-6	4,6246651322E-7	3,445677082E-7
20	4,1610772081E-6	5,0417206647E-7	3,6378211035E-7
21	4,9222557838E-6	5,4978976655E-7	3,8267529734E-7
22	5,8130671691E-6	5,9972909852E-7	4,0225506341E-7
23	6,8563196074E-6	6,5451125834E-7	4,2220675384E-7
24	8,0780928241E-6	7,1453813508E-7	4,4278507497E-7
25	9,5080405465E-6	7,8029514925E-7	4,6409695408E-7
26	1,1179875762E-5	8,5231262994E-7	4,8626549661E-7
27	1,313227643E-5	9,2927546341E-7	5,0935665722E-7
28	1,5414509495E-5	1,0115140829E-6	5,33435836E-7
29	1,8083475765E-5	1,0995725137E-6	5,584303171E-7
30	2,1204377574E-5	1,193956891E-6	5,8437689852E-7
31	2,4813159806E-5	1,2954778289E-6	6,1120937434E-7
32	2,8951118527E-5	1,404861679E-6	6,3895968921E-7
33	3,3777024464E-5	1,5229139097E-6	6,6758134445E-7
34	3,9407894612E-5	1,6505854522E-6	6,9730538608E-7
35	4,5819561184E-5	1,7887616642E-6	7,2826604543E-7
36	5,3114844406E-5	1,9384260133E-6	7,6059988108E-7
37	6,143936775E-5	2,0905865058E-6	7,9371715077E-7
38	7,1046048038E-5	2,2474175645E-6	8,2505040349E-7
39	8,2188914167E-5	2,4019165435E-6	8,5217706547E-7
40	9,5121488442E-5	2,565877973E-6	8,8013712666E-7
41	1,1014546907E-4	2,7398636232E-6	9,0890605817E-7
42	1,2760739891E-4	2,9240932192E-6	9,3843492966E-7
43	1,4791708753E-4	3,1192284069E-6	9,6879436107E-7
44	1,7155169205E-4	3,3257045209E-6	1,0001428165E-6
45	1,9907096494E-4	3,5440749321E-6	1,0325400906E-6
46	2,3113633366E-4	3,775069778E-6	1,0660028203E-6
47	2,6850886152E-4	4,0195929244E-6	1,1009599195E-6
48	3,1209677981E-4	4,2812489083E-6	1,1376907571E-6
49	3,629558713E-4	4,5612957445E-6	1,1760317576E-6
50	4,2232843142E-4	4,854891653E-6	1,2160688961E-6
51	4,9057991824E-4	5,1564214288E-6	1,2577080009E-6
52	5,6758286031E-4	5,4540555926E-6	1,3009972204E-6
53	6,5420174676E-4	5,6891179741E-6	1,3459757845E-6
54	7,5148399322E-4	5,9243448368E-6	1,3824150656E-6
55	8,6080422873E-4	6,1595921976E-6	1,4199361566E-6
56	9,8387081323E-4	6,3961096246E-6	1,4588452759E-6
57	1,1221387361E-3	6,6371696327E-6	1,4994295669E-6
58	1,2769803453E-3	6,8813278176E-6	1,5417365939E-6
59	1,4501399149E-3	7,1386272724E-6	1,5858522233E-6
60	1,643191278E-3	7,4005575678E-6	1,6312687133E-6
61	1,8579839895E-3	7,6677480865E-6	1,678446676E-6
62	2,0972031429E-3	7,9406763526E-6	1,7275979463E-6
63	2,3638492087E-3	8,2194607476E-6	1,7792006118E-6
64	2,6611151647E-3	8,5011297366E-6	1,8328604507E-6
65	2,9925591111E-3	8,788968476E-6	1,8886523312E-6
66	3,3622605505E-3	9,0837034578E-6	1,9467030784E-6
67	3,7744459577E-3	9,38545288E-6	2,0072520476E-6
68	4,2338129959E-3	9,694600894E-6	2,0700315328E-6
69	4,745943802E-3	1,0011801112E-5	2,1356108262E-6
70	5,316845012E-3	1,0335886423E-5	2,2025280334E-6
71	5,9531386913E-3	1,0667347302E-5	2,2718554715E-6
72	6,6622362154E-3	1,1005955642E-5	2,3422112186E-6
73	7,4518217213E-3	1,1351482967E-5	2,4047673798E-6
74	8,3311674501E-3	1,1704534108E-5	2,4614875989E-6
75	9,3107403285E-3	1,2064538325E-5	2,5144497693E-6
76	1,0401997989E-2	1,2432782946E-5	2,5629612505E-6
77	1,1617732292E-2	1,2811476487E-5	2,6072102522E-6
78	1,2972020739E-2	1,320104376E-5	2,6502097075E-6
79	1,4480662326E-2	1,3602484322E-5	2,6928615812E-6
80	1,6161275231E-2	1,4014524371E-5	2,7354648635E-6
81	1,8033219316E-2	1,4438114596E-5	2,7785800008E-6
82	2,0118202247E-2	1,4873776777E-5	2,8220965815E-6
83	2,2440680341E-2	1,5321713236E-5	2,8670204649E-6
84	2,5027747117E-2	1,5778562848E-5	2,9102945378E-6
85	2,790957655E-2	1,6239544579E-5	2,953247691E-6
86	3,1119812217E-2	1,6703854825E-5	2,9926505646E-6
87	3,4695952605E-2	1,7163530198E-5	3,0287681105E-6
88	3,8679663533E-2	1,7607909514E-5	3,0611359432E-6
89	4,3117549582E-2	1,8053103196E-5	3,0918631757E-6
90	4,806096127E-2	1,8498892147E-5	3,1208590937E-6
91	5,3567526746E-2	1,8943426171E-5	3,1487386619E-6
92	5,9701708843E-2	1,9387065226E-5	3,1761284351E-6
93	6,6534192685E-2	1,9830633082E-5	3,2007266023E-6
94	7,4143616303E-2	2,0266402931E-5	3,2246644129E-6
95	8,2619035339E-2	2,069223243E-5	3,2482032616E-6
96	9,2059069179E-2	2,1111096487E-5	3,2698179992E-6
97	1,0257371533E-1	2,1489860425E-5	3,2897611348E-6
98	1,1428518101E-1	2,1815223727E-5	3,3078851028E-6
99	1,2732970556E-1	2,2061531866E-5	3,3222383151E-6
100	1,4185904591E-1	2,2274484921E-5	3,3345476217E-6
101	1,5804235081E-1	2,2461109886E-5	3,3451188273E-6
102	1,7606670314E-1	2,262480392E-5	3,3561248863E-6
103	1,9614247034E-1	2,2763566478E-5	3,3664214263E-6
104	2,1850295997E-1	2,2886414604E-5	3,3758352087E-6
105	2,4340859935E-1	2,2994303222E-5	3,3858289548E-6
106	2,7114873076E-1	2,3085187793E-5	3,3940064072E-6
107	3,0204504885E-1	2,3155794767E-5	3,400845361E-6
108	3,3645696712E-1	2,320208476E-5	3,405840582E-6
109	3,7478456659E-1	2,3226647879E-5	3,4085636717E-6
110	4,1747370535E-1	2,3245135403E-5	3,4107461261E-6
111	4,6502000807E-1	2,3258682738E-5	3,4124925168E-6
112	5,1797562564E-1	2,3266708952E-5	3,4136632885E-6
113	5,7695655215E-1	2,3270443798E-5	3,4143389504E-6
114	6,42648546E-1	2,3272035504E-5	3,4146892308E-6
115	7,1581512923E-1	2,3271830735E-5	3,4147402666E-6
116	7,9730667876E-1	2,3271622188E-5	3,4147977017E-6
117	8,8807059551E-1	2,3271408111E-5	3,4148689994E-6
118	9,8916190515E-1	2,3271197104E-5	3,4151087314E-6
119	1,101755575E0	2,3270970944E-5	3,4152190035E-6
120	1,2271607228E0	2,3270738374E-5	3,415302516E-6
121	1,3668347954E0	2,3270496735E-5	3,4153779331E-6
122	1,5224004378E0	2,3270263614E-5	3,4155145978E-6
123	1,6956656961E0	2,3270011955E-5	3,4156186796E-6
124	1,8886445851E0	2,3269765645E-5	3,4157172459E-6
125	2,103580068E0	2,3269512857E-5	3,4158432155E-6
126	2,3429706137E0	2,326927852E-5	3,415967097E-6
127	2,6095977891E0	2,3269024902E-5	3,4160811862E-6
128	2,9065610171E0	2,3268766055E-5	3,4162028968E-6
129	3,237312E0	2,3268513587E-5	3,416332949E-6
130	3,605695023E0	2,3268258569E-5	3,416460094E-6
131	4,0159917576E0	2,3268049817E-5	3,4166016341E-6
132	4,4729708168E0	2,3267835911E-5	3,4167410454E-6
133	4,9819435504E0	2,3267616498E-5	3,4168763803E-6
134	5,5488257933E0	2,3267398491E-5	3,4170073614E-6
135	6,1802065412E0	2,3267177339E-5	3,4171834002E-6
136	6,8834239798E0	2,3266955204E-5	3,4174127958E-6
137	7,6666502022E0	2,3266727738E-5	3,4176868346E-6
138	8,5389889029E0	2,3266501349E-5	3,4180018762E-6
139	9,510578629E0	2,3266277044E-5	3,4183380926E-6
140	1,059271222E1	2,3266047068E-5	3,418699832E-6
141	1,1797966729E1	2,3265818281E-5	3,4193260799E-6
142	1,3140350735E1	2,3265594548E-5	3,4197589189E-6
143	1,4635465805E1	2,3265364937E-5	3,4201919111E-6
144	1,6300689186E1	2,3265134393E-5	3,4206100676E-6
145	1,8155375325E1	2,3264903284E-5	3,4210192812E-6
146	2,0221080581E1	2,3264671954E-5	3,4214258273E-6
147	2,2521813688E1	2,3264441222E-5	3,4218172012E-6
148	2,508431533E1	2,3264208065E-5	3,422200589E-6
149	2,7938368726E1	2,3263974164E-5	3,4225861022E-6
150	3,1117145486E1	2,3263752417E-5	3,4229738257E-6
151	3,4657591229E1	2,32635183E-5	3,423393775E-6
152	3,8600853988E1	2,3263288448E-5	3,4238495403E-6
153	4,2992765345E1	2,3263051043E-5	3,4243012611E-6
154	4,7884370265E1	2,3262819334E-5	3,4247390845E-6
155	5,3332522048E1	2,3262581776E-5	3,4251754986E-6
156	5,9400542516E1	2,3262346858E-5	3,4256582125E-6
157	6,6158957659E1	2,3262109948E-5	3,4260771502E-6
158	7,3686317728E1	2,3261873957E-5	3,426462689E-6
159	8,0271294129E1	2,32616365E-5	3,4268417902E-6
160	8,6387277556E1	2,3261403957E-5	3,4488992711E-6
161	8,751914868E1	2,3261165981E-5	3,4620606785E-6
162	8,8461770361E1	2,326107349E-5	3,4805715801E-6
163	8,9838590046E1	2,3261131965E-5	3,5065088215E-6
164	9,1445415401E1	2,3260896984E-5	3,5441900998E-6
165	9,2998218778E1	2,3260658802E-5	3,5821004681E-6
166	9,3902828678E1	2,326049998E-5	3,6142755626E-6
167	9,4401342147E1	2,3277731524E-5	3,6484772163E-6
168	9,4551659959E1	2,3739491159E-5	3,6782847654E-6
169	9,4848423414E1	2,4653008919E-5	3,7553853953E-6
170	9,5097878136E1	2,5634353861E-5	3,8060606616E-6
171	9,5259006976E1	2,6658037383E-5	3,8472926884E-6
172	9,5418433838E1	2,7727383633E-5	3,8916182624E-6
173	9,5670374852E1	2,8841565702E-5	3,9412916086E-6
174	9,592060796E1	3,0005170303E-5	4,0127787107E-6
175	9,6264474985E1	3,1217034458E-5	4,088671938E-6
176	9,6511797564E1	3,2477278604E-5	4,1465953051E-6
177	9,6753414672E1	3,3789070499E-5	4,2329661996E-6
178	9,6967864897E1	3,5161739008E-5	4,308912841E-6
179	9,7178527598E1	3,6602431895E-5	4,3966974814E-6
180	9,7418109451E1	3,8105868957E-5	4,4826857665E-6
181	9,7649958829E1	3,967764952E-5	4,5730854967E-6
182	9,7888261317E1	4,1317573008E-5	4,6761110877E-6
183	9,8136539677E1	4,3023957329E-5	4,7915357881E-6
184	9,8358230736E1	4,4800459253E-5	4,9104594366E-6
185	9,8551200626E1	4,6650986476E-5	4,9949284863E-6
186	9,8673027913E1	4,8572641478E-5	5,1050099134E-6
187	9,8763325841E1	5,0572338713E-5	5,1834418327E-6
188	9,8876032908E1	5,2654438014E-5	5,2822175288E-6
189	9,8989670239E1	5,4821105872E-5	5,3954246079E-6
190	9,9108444163E1	5,7084028808E-5	5,4888403171E-6
191	9,9252530278E1	5,9454513435E-5	5,6096039546E-6
192	9,9368238211E1	6,1935428007E-5	5,7013420159E-6
193	9,949861613E1	6,4531160406E-5	5,8124386701E-6
194	9,9627545337E1	6,7259167008E-5	5,9050406342E-6
195	9,971093325E1	7,0134529186E-5	6,0050562154E-6
196	9,9844245681E1	7,3189393101E-5	6,1246171314E-6
197	9,9958762846E1	7,6452411239E-5	6,2263365518E-6
198	1,0005065521E2	7,9958295161E-5	6,3034486278E-6
199	1,001800397E2	8,3706393669E-5	6,4106009962E-6
200	1,002850355E2	8,7694380731E-5	6,5118313998E-6
201	1,0039917165E2	9,1913022388E-5	6,6138669494E-6
202	1,00505869E2	9,6365011506E-5	6,7529247925E-6
203	1,0063621676E2	1,0105887273E-4	6,9275024143E-6
204	1,0075489627E2	1,0602412664E-4	7,0888246085E-6
205	1,0085532501E2	1,1125026361E-4	7,2663364294E-6
206	1,0095989033E2	1,1675908826E-4	7,4929365749E-6
207	1,0105557606E2	1,225466471E-4	7,6900082941E-6
208	1,011313427E2	1,2861832705E-4	7,8541795441E-6
209	1,0120626587E2	1,3495309991E-4	8,0313031716E-6
210	1,0129889589E2	1,4156417854E-4	8,2546688035E-6
211	1,0135933552E2	1,4845507579E-4	8,411987731E-6
212	1,0143666572E2	1,5567914495E-4	8,5800412617E-6
213	1,0150556428E2	1,6318815764E-4	8,7461575116E-6
214	1,015683822E2	1,7100130864E-4	8,8991220394E-6
215	1,016266429E2	1,7912918298E-4	9,0741069271E-6
216	1,016732007E2	1,875849307E-4	9,2102371056E-6
217	1,0175322721E2	1,9639781439E-4	9,4345620279E-6
218	1,0182982427E2	2,0556547641E-4	9,6573109542E-6
219	1,0192459082E2	2,1508023121E-4	9,9035808713E-6
220	1,0199147881E2	2,2498870569E-4	1,0136620541E-5
221	1,0205519112E2	2,3525664738E-4	1,0334065996E-5
222	1,0212358827E2	2,4592592327E-4	1,0571121863E-5
223	1,0221772372E2	2,5701532249E-4	1,0883735819E-5
224	1,0230687208E2	2,6857821034E-4	1,115065575E-5
225	1,0238236479E2	2,8057856277E-4	1,1422748119E-5
226	1,0244479281E2	2,930514195E-4	1,1655132042E-5
227	1,0252789253E2	3,060505071E-4	1,1919351419E-5
228	1,0259879911E2	3,1955534187E-4	1,2188619782E-5
229	1,0268335788E2	3,3394164045E-4	1,2499803974E-5
230	1,0275468211E2	3,4892969168E-4	1,2779063034E-5
231	1,0284721278E2	3,6452800119E-4	1,312619322E-5
232	1,0291103093E2	3,8077122197E-4	1,3468285284E-5
233	1,0299107916E2	3,9766216472E-4	1,378337957E-5
234	1,0307639522E2	4,151391583E-4	1,4177891298E-5
235	1,0314206441E2	4,3316883969E-4	1,4570118261E-5
236	1,0321829332E2	4,5176472764E-4	1,4963474795E-5
237	1,033132425E2	4,7107548878E-4	1,5379020046E-5
238	1,0341847748E2	4,911536033E-4	1,5881889329E-5
239	1,0348888559E2	5,1203718617E-4	1,6206893465E-5
240	1,0356935941E2	5,3374180587E-4	1,6632090481E-5
241	1,0365554787E2	5,5639850497E-4	1,7039503668E-5
242	1,0373033502E2	5,7995388951E-4	1,7426824504E-5
243	1,0379119026E2	6,0446028755E-4	1,7722366083E-5
244	1,0386223021E2	6,2989331233E-4	1,8129778899E-5
245	1,0394966984E2	6,5646039278E-4	1,8610527699E-5
246	1,0403630692E2	6,8406687502E-4	1,9098299626E-5
247	1,0409658821E2	7,1276180022E-4	1,9453557373E-5
248	1,0415841059E2	7,4257191539E-4	1,9831134824E-5
249	1,0423750317E2	7,735935964E-4	2,0328194486E-5
250	1,043214309E2	8,0584407808E-4	2,0873774477E-5
251	1,0438672106E2	8,3942686371E-4	2,1269051693E-5
252	1,0445414315E2	8,7436229303E-4	2,1710601558E-5
253	1,0455120109E2	9,1069659135E-4	2,232706613E-5
254	1,0463235075E2	9,4848611208E-4	2,2800551126E-5
255	1,0469254193E2	9,8779087753E-4	2,3238411207E-5
256	1,0476500091E2	1,0288064193E-3	2,383783511E-5
257	1,0485860339E2	1,0714922213E-3	2,4545784662E-5
258	1,0493565454E2	1,1157818962E-3	2,5161497292E-5
259	1,0499273808E2	1,1617523235E-3	2,5628012E-5
260	1,0505711721E2	1,2094653706E-3	2,6062052168E-5
261	1,0513540954E2	1,2589766233E-3	2,6703135731E-5
262	1,0519910587E2	1,3103233731E-3	2,7240381525E-5
263	1,0528029781E2	1,3635695891E-3	2,7859327231E-5
264	1,0533875549E2	1,4187777734E-3	2,8356001953E-5
265	1,0543257917E2	1,4759424994E-3	2,91243666E-5
266	1,0550473077E2	1,5352295316E-3	2,9889039922E-5
267	1,0555531902E2	1,5965618794E-3	3,0492229113E-5
268	1,0563705811E2	1,659993724E-3	3,1289354975E-5
269	1,0569629829E2	1,7255732842E-3	3,1925748286E-5
270	1,0577285895E2	1,7935835011E-3	3,2700370621E-5
271	1,0585106481E2	1,8633337908E-3	3,3521466683E-5
272	1,0593111709E2	1,9351887335E-3	3,4309656671E-5
273	1,0599688262E2	2,0090607291E-3	3,5101269052E-5
274	1,0608148817E2	2,0850754181E-3	3,5983799108E-5
275	1,0615352378E2	2,1633311263E-3	3,6675728089E-5
276	1,0622722779E2	2,2432691725E-3	3,741493501E-5
277	1,063203558E2	2,3247860949E-3	3,8293759051E-5
278	1,0638911397E2	2,4075058644E-3	3,89577356E-5
279	1,0646503007E2	2,4914056621E-3	3,9792520912E-5
280	1,0654404846E2	2,575250487E-3	4,0788145327E-5
281	1,0662711492E2	2,6575961984E-3	4,1710401647E-5
282	1,0668187918E2	2,7383465084E-3	4,244442311E-5
283	1,0676683791E2	2,8185170294E-3	4,3625747716E-5
284	1,068353674E2	2,8983626789E-3	4,4392346872E-5
285	1,0694209441E2	2,9774925997E-3	4,5842719455E-5
286	1,0699359193E2	3,0558794184E-3	4,6502819913E-5
287	1,0707561898E2	3,1338423036E-3	4,7737298777E-5
288	1,0716107256E2	3,2107907427E-3	4,8866532423E-5
289	1,072307195E2	3,2863670583E-3	4,9841963612E-5
290	1,0730658446E2	3,3605439682E-3	5,1147012376E-5
291	1,0740959512E2	3,4326066143E-3	5,2483232857E-5
292	1,0745428038E2	3,5017693197E-3	5,3477249944E-5
293	1,074969304E2	3,5679087309E-3	5,4163089564E-5
294	1,0757217938E2	3,6308884931E-3	5,5214927162E-5
295	1,0763566009E2	3,6905683566E-3	5,6168847662E-5
296	1,0769618092E2	3,7468232631E-3	5,750596775E-5
297	1,0778516517E2	3,8009061872E-3	5,874632175E-5
298	1,0784427022E2	3,8544344324E-3	5,9809232086E-5
299	1,079172443E2	3,907824175E-3	6,1091892035E-5
300	1,0799606437E2	3,9611436928E-3	6,2469848332E-5
301	1,0807224327E2	4,0144496677E-3	6,39091167E-5
302	1,0816093474E2	4,067754616E-3	6,5482515271E-5
303	1,0822801276E2	4,1211307419E-3	6,6745868216E-5
304	1,0829989159E2	4,1739697708E-3	6,8056174657E-5
305	1,0837293732E2	4,2259128219E-3	6,9744177728E-5
306	1,0843811206E2	4,2767558195E-3	7,1358719339E-5
307	1,0853576553E2	4,3266119293E-3	7,3138714725E-5
308	1,0860301599E2	4,3753392887E-3	7,4625377092E-5
309	1,0868412509E2	4,4230831344E-3	7,6174547675E-5
310	1,0878905062E2	4,4698035992E-3	7,8255202911E-5
311	1,0884175538E2	4,5170597858E-3	7,9535459443E-5
312	1,0893568322E2	4,5651944978E-3	8,1537418632E-5
313	1,0903260866E2	4,6140185919E-3	8,3777043249E-5
314	1,0910583911E2	4,6635108469E-3	8,5465545831E-5
315	1,0916392375E2	4,7142631412E-3	8,7372616289E-5
316	1,0924386442E2	4,7661600024E-3	8,9084756781E-5
317	1,0930910427E2	4,818963806E-3	9,1192609712E-5
318	1,0938644136E2	4,8722742559E-3	9,3360832692E-5
319	1,0945123196E2	4,9260512634E-3	9,5578146684E-5
320	1,095208524E2	4,9802137758E-3	9,766179596E-5
321	1,0961382295E2	5,0348786077E-3	1,0027230816E-4
322	1,0971575968E2	5,0898993602E-3	1,0304855763E-4
323	1,0978839052E2	5,1454174018E-3	1,0537332748E-4
324	1,0986947759E2	5,2012977274E-3	1,0754518857E-4
325	1,0994754957E2	5,2567328575E-3	1,0922487177E-4
326	1,10011639E2	5,3115423963E-3	1,1101924309E-4
327	1,1008934752E2	5,3658121856E-3	1,1359792663E-4
328	1,1015479542E2	5,4195588358E-3	1,1548807927E-4
329	1,1021302526E2	5,4727641632E-3	1,171338827E-4
330	1,1028245063E2	5,5254890268E-3	1,1942969788E-4
331	1,1033965118E2	5,5779452873E-3	1,2106069727E-4
332	1,1043681673E2	5,6298688833E-3	1,2439847147E-4
333	1,1051976571E2	5,6812772371E-3	1,2655492413E-4
334	1,1059900327E2	5,7328915398E-3	1,2968582152E-4
335	1,1068881589E2	5,7856934816E-3	1,3325839741E-4
336	1,1076770813E2	5,8404003185E-3	1,3654086153E-4
337	1,1085396386E2	5,8971127454E-3	1,3983026608E-4
338	1,1093800358E2	5,9558858296E-3	1,4341737931E-4
339	1,1103091637E2	6,0162013423E-3	1,4766422224E-4
340	1,1112363211E2	6,0778446625E-3	1,5088897215E-4
341	1,1122468487E2	6,1406279311E-3	1,5454277265E-4
342	1,1129239509E2	6,2044386327E-3	1,5817147116E-4
343	1,1136133042E2	6,2691718845E-3	1,6204406518E-4
344	1,1143691007E2	6,3349963131E-3	1,6612013718E-4
345	1,1153263555E2	6,4013456635E-3	1,7105609456E-4
346	1,116097845E2	6,4677679292E-3	1,7498687942E-4
347	1,1170532199E2	6,534162919E-3	1,8022420427E-4
348	1,1178221927E2	6,6005288053E-3	1,8472888057E-4
349	1,1186562615E2	6,6666080059E-3	1,8962908249E-4
350	1,1194654488E2	6,7324836143E-3	1,9457650898E-4
351	1,1201546902E2	6,7982573922E-3	1,9871942448E-4
352	1,1209756288E2	6,863935666E-3	2,0251815877E-4
353	1,1216695547E2	6,9296122172E-3	2,0616379948E-4
354	1,122511933E2	6,995561296E-3	2,1161444919E-4
355	1,1232234228E2	7,0611971316E-3	2,1651813668E-4
356	1,1239541221E2	7,1268261881E-3	2,2130258202E-4
357	1,124949253E2	7,1923838883E-3	2,2807518878E-4
358	1,1257178988E2	7,2566353414E-3	2,3382652244E-4
359	1,1263665671E2	7,3193092497E-3	2,3839103004E-4
360	1,1273210361E2	7,3803448322E-3	2,4439168843E-4
361	1,1281413559E2	7,4401826843E-3	2,4946491711E-4
362	1,1291152224E2	7,4998766603E-3	2,5584201047E-4
363	1,1299287765E2	7,5594969422E-3	2,6020574945E-4
364	1,130663179E2	7,6191578622E-3	2,6494173748E-4
365	1,1315942565E2	7,6789378173E-3	2,7097958524E-4
366	1,1322698024E2	7,7388901838E-3	2,7608844346E-4
367	1,1330235164E2	7,7991094463E-3	2,8236759876E-4
368	1,1336565177E2	7,8596062403E-3	2,8918738144E-4
369	1,1345554075E2	7,9207618044E-3	2,9689133878E-4
370	1,1355217433E2	7,9820987948E-3	3,0376877754E-4
371	1,136463318E2	8,0441247669E-3	3,1276201235E-4
372	1,1371710034E2	8,1064364188E-3	3,1943207165E-4
373	1,1377187691E2	8,168005361E-3	3,2640502585E-4
374	1,1385898791E2	8,2288364328E-3	3,3575320927E-4
375	1,1393869933E2	8,2889419595E-3	3,4475956657E-4
376	1,1404002379E2	8,3484250891E-3	3,5464246578E-4
377	1,1412010129E2	8,4073953941E-3	3,6258971832E-4
378	1,1418281443E2	8,4657697887E-3	3,7195488468E-4
379	1,1425863317E2	8,5235537158E-3	3,8085032288E-4
380	1,1433611472E2	8,580731384E-3	3,891741975E-4
381	1,1441535118E2	8,6372659392E-3	3,9916686513E-4
382	1,1447418709E2	8,6935200471E-3	4,090542126E-4
383	1,1452716956E2	8,7501011107E-3	4,1569492062E-4
384	1,1462247821E2	8,8056371842E-3	4,253681013E-4
385	1,1469613122E2	8,8601546809E-3	4,3644978045E-4
386	1,1480257225E2	8,9137077089E-3	4,4741941198E-4
387	1,1488765091E2	8,9664824065E-3	4,5821514749E-4
388	1,1497141392E2	9,0184081616E-3	4,6819723944E-4
389	1,1504033565E2	9,0694331095E-3	4,7584580602E-4
390	1,1512112774E2	9,1195276788E-3	4,8938302065E-4
391	1,1521824647E2	9,1688858409E-3	5,0207880053E-4
392	1,1529994778E2	9,2176190196E-3	5,1621099874E-4
393	1,1538836214E2	9,267911764E-3	5,3167598328E-4
394	1,1545475662E2	9,3223756611E-3	5,4125176837E-4
395	1,1556217857E2	9,3788929835E-3	5,5285703276E-4
396	1,1561265443E2	9,4360878121E-3	5,5830761108E-4
397	1,156809724E2	9,4933372121E-3	5,6815860818E-4
398	1,1575789664E2	9,5501708613E-3	5,7961559101E-4
399	1,1584716052E2	9,6063628488E-3	5,900054988E-4
400	1,1592508238E2	9,6615911579E-3	6,0404003382E-4
401	1,1602930252E2	9,715052722E-3	6,1686128482E-4
402	1,1610034623E2	9,7666087019E-3	6,3295142308E-4
403	1,1617606073E2	9,8161206298E-3	6,4760015382E-4
404	1,1624828318E2	9,8635361726E-3	6,5641048776E-4
405	1,163584071E2	9,9086848687E-3	6,7471674265E-4
406	1,1643824593E2	9,9522152403E-3	6,8429055502E-4
407	1,1654195518E2	9,9948027969E-3	7,0141062352E-4
408	1,1660061612E2	1,0036918859E-2	7,1977901639E-4
409	1,1667859848E2	1,0078047724E-2	7,3575005555E-4
410	1,1677913159E2	1,0118426577E-2	7,5809535414E-4
411	1,1688608399E2	1,0158181009E-2	7,7575707184E-4
412	1,1697801094E2	1,0197295787E-2	7,9577982158E-4
413	1,170819169E2	1,023582954E-2	8,1365351868E-4
414	1,1718009217E2	1,0273792132E-2	8,3115752938E-4
415	1,1725682676E2	1,0311252769E-2	8,4946095097E-4
416	1,1734397399E2	1,0348102858E-2	8,6874218183E-4
417	1,1741828631E2	1,0384571268E-2	8,8986700143E-4
418	1,1749846733E2	1,0420477554E-2	9,115730857E-4
419	1,1759993457E2	1,0455736463E-2	9,3712696616E-4
420	1,1766741363E2	1,0489660577E-2	9,5269775408E-4
421	1,1777226482E2	1,0522238077E-2	9,7928343352E-4
422	1,178480152E2	1,0553424513E-2	1,0043269803E-3
423	1,1794881219E2	1,0583187573E-2	1,0329075667E-3
424	1,1804307355E2	1,0611568988E-2	1,0648754641E-3
425	1,1811131277E2	1,0638528338E-2	1,0838503919E-3
426	1,1819979933E2	1,0664694889E-2	1,1003276432E-3
427	1,18294683E2	1,0690318243E-2	1,1187436267E-3
428	1,1840192815E2	1,0715530298E-2	1,1492276851E-3
429	1,1848285609E2	1,0741031656E-2	1,1820700799E-3
430	1,1858964006E2	1,0765592135E-2	1,2191729153E-3
431	1,1866656634E2	1,0789551582E-2	1,2450353981E-3
432	1,1877515589E2	1,0813162131E-2	1,2755523114E-3
433	1,1886321334E2	1,0836571369E-2	1,3032360845E-3
434	1,1895111822E2	1,0859592114E-2	1,3402003107E-3
435	1,190235707E2	1,0882588517E-2	1,3641346743E-3
436	1,191113991E2	1,0912605666E-2	1,401759393E-3
437	1,1922113633E2	1,0949385778E-2	1,4374642062E-3
438	1,1929891127E2	1,0988746486E-2	1,4650802687E-3
439	1,193782973E2	1,1028787245E-2	1,5012043516E-3
440	1,1945351005E2	1,1068777984E-2	1,5450096286E-3
441	1,1954309353E2	1,1108616885E-2	1,5854397504E-3
442	1,1963299323E2	1,1148124758E-2	1,6307709615E-3
443	1,1972302801E2	1,1187220805E-2	1,6671757711E-3
444	1,1981609131E2	1,1225803629E-2	1,7088496475E-3
445	1,1989136213E2	1,12638484E-2	1,7422924246E-3
446	1,1997337899E2	1,1301305235E-2	1,7885520602E-3
447	1,2004977547E2	1,1338222979E-2	1,8224035593E-3
448	1,2013477063E2	1,1374652457E-2	1,8709189579E-3
449	1,2020038183E2	1,1409873332E-2	1,910049429E-3
450	1,2029161647E2	1,1449552329E-2	1,9585292172E-3
451	1,2035264267E2	1,1504011623E-2	2,003639113E-3
452	1,2044788639E2	1,1571868712E-2	2,0454713195E-3
453	1,205544646E2	1,1647900428E-2	2,1028736372E-3
454	1,2066185782E2	1,1732910385E-2	2,1480288833E-3
455	1,2075162929E2	1,182306609E-2	2,182214499E-3
456	1,2084836063E2	1,1916526861E-2	2,2353851916E-3
457	1,2092504432E2	1,2011780767E-2	2,2748918445E-3
458	1,2100000623E2	1,2107604728E-2	2,3207689603E-3
459	1,2107768057E2	1,2202792498E-2	2,3633139634E-3
460	1,2113855524E2	1,2297405012E-2	2,3946475023E-3
461	1,2124325855E2	1,2395817093E-2	2,4557869745E-3
462	1,2134117756E2	1,2491137693E-2	2,5198561907E-3
463	1,214363782E2	1,2585503012E-2	2,5888246612E-3
464	1,2154343024E2	1,2678430847E-2	2,6581728734E-3
465	1,2162110094E2	1,2769288723E-2	2,6981093324E-3
466	1,2171166003E2	1,2857965538E-2	2,7458710285E-3
467	1,2178880499E2	1,2944640029E-2	2,8231873603E-3
468	1,218767242E2	1,3031157828E-2	2,8984392905E-3
469	1,2195985927E2	1,3117771939E-2	2,9581892335E-3
470	1,2204649083E2	1,3204596935E-2	3,0219863699E-3
471	1,221286418E2	1,3290474258E-2	3,0691369821E-3
472	1,2220676062E2	1,3374185001E-2	3,1266162417E-3
473	1,2229526391E2	1,3455560983E-2	3,1815226668E-3
474	1,2234367543E2	1,3534919049E-2	3,244743985E-3
475	1,2243880135E2	1,3612634251E-2	3,3023744176E-3
476	1,2250299534E2	1,3693661552E-2	3,3695822653E-3
477	1,2259215146E2	1,3775308036E-2	3,4245533086E-3
478	1,2268353796E2	1,385638467E-2	3,5046064993E-3
479	1,2277128684E2	1,3950421268E-2	3,5743588129E-3
480	1,2286719463E2	1,40727415E-2	3,663407111E-3
481	1,2293372289E2	1,4217919908E-2	3,731169092E-3
482	1,2301432193E2	1,4379936696E-2	3,8080495834E-3
483	1,2310550447E2	1,4551810663E-2	3,8871118554E-3
484	1,2317420077E2	1,4729020094E-2	3,9495137683E-3
485	1,2326468706E2	1,4907338637E-2	4,0190412648E-3
486	1,2336719221E2	1,50806075E-2	4,1237699396E-3
487	1,2345151442E2	1,5249143661E-2	4,1978456001E-3
488	1,2355870146E2	1,5414911747E-2	4,2903779991E-3
489	1,2365042264E2	1,5580396051E-2	4,381592782E-3
490	1,237559305E2	1,5744740535E-2	4,4627408282E-3
491	1,2382794518E2	1,590838903E-2	4,5547287499E-3
492	1,2390792847E2	1,6071577524E-2	4,6605788105E-3
493	1,2401542387E2	1,6232192637E-2	4,7630876823E-3
494	1,2409103918E2	1,6388490779E-2	4,8339311294E-3
495	1,2419097462E2	1,6540054765E-2	4,9342478763E-3
496	1,2427732889E2	1,6686196461E-2	4,9727895275E-3
497	1,2437381787E2	1,6826639887E-2	5,0492194431E-3
498	1,2445978569E2	1,6962906772E-2	5,1327836103E-3
499	1,2455352185E2	1,7098054377E-2	5,229840205E-3
500	1,2464494183E2	1,7236496441E-2	5,3247111238E-3
501	1,2475426088E2	1,7373891407E-2	5,4151500768E-3
502	1,2486932971E2	1,750966076E-2	5,5260889636E-3
503	1,2495903916E2	1,7643584883E-2	5,6195661199E-3
504	1,250587118E2	1,7775791421E-2	5,7278264984E-3
505	1,2513556005E2	1,790645005E-2	5,8091232902E-3
506	1,2521477578E2	1,803169271E-2	5,8610971239E-3
507	1,2529258861E2	1,8151959205E-2	5,932011649E-3
508	1,2539381423E2	1,8267831106E-2	6,0613304663E-3
509	1,2549241994E2	1,8378365409E-2	6,1748495372E-3
510	1,2558038753E2	1,848425431E-2	6,2957891247E-3
511	1,2566974461E2	1,8585444443E-2	6,4061054299E-3
512	1,2576006511E2	1,8682268335E-2	6,522587797E-3
513	1,2585105434E2	1,8780337893E-2	6,6100490166E-3
514	1,2590155744E2	1,8882782199E-2	6,7179851739E-3
515	1,2598154039E2	1,8988557097E-2	6,8630382743E-3
516	1,2607839006E2	1,9094322952E-2	6,9816342494E-3
517	1,2617835675E2	1,9200273332E-2	7,0953257186E-3
518	1,2625774449E2	1,9306154739E-2	7,1840627483E-3
519	1,2633732136E2	1,941154318E-2	7,2624077336E-3
520	1,2642734754E2	1,9516667946E-2	7,3914835036E-3
521	1,2653034417E2	1,9620669596E-2	7,5126506816E-3
522	1,2664177341E2	1,9724397733E-2	7,6322725846E-3
523	1,2673144872E2	1,9826691826E-2	7,7752092788E-3
524	1,2682924437E2	1,9925806499E-2	7,9170843081E-3
525	1,2691205886E2	2,0020963721E-2	8,0442524195E-3
526	1,269948161E2	2,0112474643E-2	8,1508859896E-3
527	1,2709063312E2	2,0200506362E-2	8,2404939124E-3
528	1,2717750911E2	2,0284718005E-2	8,416895705E-3
529	1,2727095012E2	2,0365544669E-2	8,5441857829E-3
530	1,273733261E2	2,0442813196E-2	8,6442458941E-3
531	1,27417349E2	2,0516906322E-2	8,7544021409E-3
532	1,2752289288E2	2,0587766301E-2	8,9167208213E-3
533	1,2761398834E2	2,0656543027E-2	9,0502068544E-3
534	1,2772117114E2	2,0723225036E-2	9,1687506211E-3
535	1,2783899194E2	2,0787625543E-2	9,3766059907E-3
536	1,2792540702E2	2,084830949E-2	9,4907386278E-3
537	1,2802015777E2	2,0905560453E-2	9,6340015278E-3
538	1,2812125079E2	2,0959563053E-2	9,758101913E-3
539	1,2821949334E2	2,1010716325E-2	9,9401838588E-3
540	1,2831611432E2	2,1059171651E-2	1,0100064005E-2
541	1,2840622255E2	2,1104915254E-2	1,0247010368E-2
542	1,2847537545E2	2,1189413432E-2	1,0436649572E-2
543	1,2859099878E2	2,1306982142E-2	1,0607052253E-2
544	1,2867759139E2	2,1435506433E-2	1,0806759024E-2
545	1,2875255203E2	2,1555037152E-2	1,0932050712E-2
546	1,2882057003E2	2,1667072729E-2	1,1050112818E-2
547	1,2890711744E2	2,1772373117E-2	1,1229716515E-2
548	1,2900383953E2	2,186824991E-2	1,1461281266E-2
549	1,2910492769E2	2,1954792664E-2	1,1675315823E-2
550	1,2921178981E2	2,2033243431E-2	1,1889545784E-2
551	1,2929853137E2	2,2104263741E-2	1,1997753381E-2
552	1,2940124551E2	2,2169286733E-2	1,2219705361E-2
553	1,2949560236E2	2,2227825412E-2	1,2476467521E-2
554	1,2958548021E2	2,2279853851E-2	1,2686968882E-2
555	1,2965874283E2	2,2326860178E-2	1,2832107031E-2
556	1,2976431323E2	2,2369149993E-2	1,2938190656E-2
557	1,2984342007E2	2,2407175366E-2	1,309387437E-2
558	1,2994210344E2	2,244156092E-2	1,3329213398E-2
559	1,3004058117E2	2,2472757229E-2	1,3506136249E-2
560	1,301307352E2	2,252816548E-2	1,3624773021E-2
561	1,3022425364E2	2,2550927199E-2	1,3838835739E-2
562	1,3029673413E2	2,2571396566E-2	1,4107581053E-2
563	1,3041945693E2	2,2589267553E-2	1,4327515015E-2
564	1,3050055817E2	2,2605267741E-2	1,459023058E-2
565	1,3062005536E2	2,2619725396E-2	1,478048336E-2
566	1,3072940757E2	2,2633267929E-2	1,5011649999E-2
567	1,3083255147E2	2,2644216944E-2	1,535401686E-2
568	1,3093458945E2	2,2653798097E-2	1,5562340195E-2
569	1,3102202721E2	2,2662478026E-2	1,5766252503E-2
570	1,3112080592E2	2,2671409369E-2	1,5966320099E-2
571	1,312220186E2	2,2681867552E-2	1,6246004895E-2
572	1,3130568405E2	2,2691497736E-2	1,6383469538E-2
573	1,3140594908E2	2,2700570472E-2	1,6741675398E-2
574	1,3150088536E2	2,2709020502E-2	1,7077296269E-2
575	1,3159870887E2	2,2716751789E-2	1,7351580442E-2
576	1,3170146299E2	2,2723973478E-2	1,7560509546E-2
577	1,317662268E2	2,2730821066E-2	1,7858923637E-2
578	1,3185543174E2	2,2737237208E-2	1,8145095911E-2
579	1,3195829946E2	2,2743231443E-2	1,8403675134E-2
580	1,320563195E2	2,2748878768E-2	1,8696462477E-2
581	1,3217602197E2	2,2754154369E-2	1,8987725067E-2
582	1,3224734661E2	2,2759327501E-2	1,934488502E-2
583	1,3233476537E2	2,2764147086E-2	1,9698735179E-2
584	1,3241477432E2	2,2772543028E-2	1,9992638958E-2
585	1,3250763277E2	2,2794826834E-2	2,0353449893E-2
586	1,3259707352E2	2,2826921331E-2	2,0646723382E-2
587	1,3271527305E2	2,2863464432E-2	2,0995974773E-2
588	1,3281503675E2	2,2900669466E-2	2,13341207E-2
589	1,3293101464E2	2,2936308842E-2	2,1833836878E-2
590	1,3302828372E2	2,2969420386E-2	2,2109860518E-2
591	1,3313472427E2	2,3000403513E-2	2,2531233692E-2
592	1,3322246282E2	2,303010333E-2	2,2831773985E-2
593	1,3331939267E2	2,3056558563E-2	2,3259185067E-2
594	1,3342889031E2	2,3079963612E-2	2,3744706571E-2
595	1,3351370122E2	2,3100729773E-2	2,4082448489E-2
596	1,3358720744E2	2,3119768095E-2	2,4453722354E-2
597	1,336907915E2	2,3137339097E-2	2,4867362359E-2
598	1,3378015949E2	2,3153678828E-2	2,5132903282E-2
599	1,3386112783E2	2,3168530483E-2	2,5364797077E-2
600	1,3397332358E2	2,3181922801E-2	2,5505257992E-2
601	1,3408843789E2	2,3194086625E-2	2,57026195E-2
602	1,3417192069E2	2,3205538576E-2	2,59945978E-2
603	1,3424383095E2	2,3216192807E-2	2,6380088174E-2
604	1,3434767485E2	2,3226704027E-2	2,6721259774E-2
605	1,3446603556E2	2,323757156E-2	2,7162266542E-2
606	1,3454979004E2	2,3247429081E-2	2,7648719642E-2
607	1,3462549621E2	2,3256905674E-2	2,7986633388E-2
608	1,3471507911E2	2,3292085753E-2	2,8589493319E-2
609	1,3481085777E2	2,3325450526E-2	2,8936332318E-2
610	1,3490344436E2	2,3349957337E-2	2,9497912936E-2
611	1,3502409523E2	2,3367325349E-2	2,9830684913E-2
612	1,3511925599E2	2,3382322967E-2	3,0208133197E-2
613	1,3520639551E2	2,3396061604E-2	3,0532497052E-2
614	1,353345187E2	2,3409108916E-2	3,1008370124E-2
615	1,354295815E2	2,3423367087E-2	3,1751870689E-2
616	1,3552887776E2	2,3435471964E-2	3,2329477863E-2
617	1,355756165E2	2,3446087871E-2	3,272018181E-2
618	1,3562216554E2	2,3456251278E-2	3,3184157917E-2
619	1,35674354E2	2,3467433793E-2	3,3763849018E-2
620	1,3571984036E2	2,347778529E-2	3,4206472653E-2
621	1,3575110112E2	2,3517105438E-2	3,4517915003E-2
622	1,3581442233E2	2,3563433244E-2	3,501236225E-2
623	1,3585611509E2	2,3599644602E-2	3,5526433703E-2
624	1,3590749761E2	2,3628906796E-2	3,6062665659E-2
625	1,3593090127E2	2,3654283821E-2	3,6758896805E-2
626	1,3594273922E2	2,3677845047E-2	3,725211849E-2
627	1,3595219499E2	2,3743218443E-2	3,7957373534E-2
628	1,3597052786E2	2,3824829527E-2	3,8605697213E-2
629	1,3598650879E2	2,3877663209E-2	3,9321398655E-2
630	1,3600527634E2	2,3943001724E-2	3,9788457404E-2
631	1,3602425766E2	2,4000070704E-2	4,0529424989E-2
632	1,3603933598E2	2,4048138047E-2	4,0976201771E-2
633	1,3605790271E2	2,4089479551E-2	4,1445115791E-2
634	1,3607105274E2	2,4127517832E-2	4,2033331168E-2
635	1,3608721311E2	2,4164156111E-2	4,2596831025E-2
636	1,3609845749E2	2,419975778E-2	4,3215261393E-2
637	1,3610977229E2	2,4233033968E-2	4,38550176E-2
638	1,3612054963E2	2,4264173903E-2	4,4656865194E-2
639	1,3613384218E2	2,4293543306E-2	4,5249932811E-2
640	1,3614334448E2	2,4321526071E-2	4,6105597863E-2
641	1,3614707942E2	2,434897793E-2	4,6748868079E-2
642	1,3615369478E2	2,4374657847E-2	4,7624001859E-2
643	1,3616032888E2	2,4400412594E-2	4,868666594E-2
644	1,3616569859E2	2,4469502149E-2	4,9424727479E-2
645	1,3617191438E2	2,4518646284E-2	5,0283501674E-2
646	1,3617778919E2	2,4554407075E-2	5,1027894844E-2
647	1,3618430096E2	2,4613761676E-2	5,2001267314E-2
648	1,3618873668E2	2,4690708353E-2	5,287023446E-2
649	1,361955734E2	2,4775524241E-2	5,3469073728E-2
650	1,3619879876E2	2,4861280045E-2	5,4118598801E-2
651	1,3620484561E2	2,4946337836E-2	5,521406498E-2
652	1,3620982051E2	2,5071252821E-2	5,6290785355E-2
653	1,3621587086E2	2,5151269648E-2	5,7030791892E-2
654	1,3622345674E2	2,5212992161E-2	5,7925436538E-2
655	1,3622804691E2	2,5277280972E-2	5,8809239192E-2
656	1,3623501112E2	2,535281513E-2	5,9943477011E-2
657	1,3623960213E2	2,5433895402E-2	6,0895795936E-2
658	1,3624458876E2	2,5512622896E-2	6,20042636E-2
659	1,3624902114E2	2,558542174E-2	6,2995938574E-2
660	1,3625503979E2	2,5669490905E-2	6,3883760445E-2
661	1,3626108518E2	2,5786607424E-2	6,4597831101E-2
662	1,3626607945E2	2,5891221256E-2	6,5864204993E-2
663	1,3627262003E2	2,5986581802E-2	6,6740065735E-2
664	1,3627811103E2	2,6133075583E-2	6,7643067825E-2
665	1,362831945E2	2,6258630204E-2	6,9359801982E-2
666	1,3628879586E2	2,6379495718E-2	7,0394526711E-2
667	1,3629215105E2	2,650787282E-2	7,1638931058E-2
668	1,3629903277E2	2,6631198045E-2	7,2596431769E-2
669	1,3630305513E2	2,6747945677E-2	7,361898923E-2
670	1,3631048189E2	2,687335604E-2	7,5082555833E-2
671	1,3631951159E2	2,6997318068E-2	7,5915056147E-2
672	1,3632463574E2	2,7113507194E-2	7,6789872542E-2
673	1,3632965515E2	2,722218773E-2	7,8182738292E-2
674	1,3633499041E2	2,7327761643E-2	7,982472924E-2
675	1,3634004265E2	2,7422778147E-2	8,1117055027E-2
676	1,3634314984E2	2,75729738E-2	8,2719389545E-2
677	1,3635067944E2	2,7772453509E-2	8,412029985E-2
678	1,3635414005E2	2,7883672074E-2	8,5096426686E-2
679	1,3636040998E2	2,7982280822E-2	8,7057291282E-2
680	1,3636601448E2	2,8089263441E-2	8,7968897433E-2
681	1,3637144007E2	2,8214706701E-2	8,9594476777E-2
682	1,3637685154E2	2,839177215E-2	9,105685901E-2
683	1,3638309739E2	2,8523803897E-2	9,252620441E-2
684	1,3639026693E2	2,8642346162E-2	9,3962667681E-2
685	1,3639623888E2	2,8986422358E-2	9,5696371905E-2
686	1,3640325898E2	2,913907503E-2	9,6979097381E-2
687	1,364078066E2	2,9262519089E-2	9,8561665644E-2
688	1,3641305315E2	2,9486056637E-2	9,9767954266E-2
689	1,3641803212E2	2,9623820347E-2	1,0157796606E-1
690	1,3642472868E2	2,9739976797E-2	1,0284716363E-1
691	1,3643143642E2	2,9845450932E-2	1,0396590352E-1
692	1,3643606307E2	3,0112801727E-2	1,0573051287E-1
693	1,3644097952E2	3,0397672561E-2	1,0832550762E-1
694	1,3644726871E2	3,0496997541E-2	1,0999109108E-1
695	1,364530973E2	3,0584166811E-2	1,1123522815E-1
696	1,364588657E2	3,07775075E-2	1,1277149356E-1
697	1,3646502011E2	3,1092116702E-2	1,1475994292E-1
698	1,364706164E2	3,120709592E-2	1,1576857376E-1
699	1,3647412677E2	3,1307509462E-2	1,1867256746E-1
700	1,3648044691E2	3,140273275E-2	1,2138801442E-1
701	1,364857608E2	3,1497351574E-2	1,2415252004E-1
702	1,3649185044E2	3,1625626226E-2	1,2615702278E-1
703	1,3650001079E2	3,1763292191E-2	1,2806281101E-1
704	1,3650454991E2	3,1895439115E-2	1,2966568484E-1
705	1,3651144992E2	3,2024842699E-2	1,3188222307E-1
706	1,3651568142E2	3,2328736864E-2	1,3480004427E-1
707	1,3652014126E2	3,248678454E-2	1,3804703559E-1
708	1,3652633089E2	3,2621851884E-2	1,4079078625E-1
709	1,36531871E2	3,2751322684E-2	1,4322768392E-1
710	1,36537483E2	3,28851429E-2	1,4630765678E-1
711	1,3654316614E2	3,3003669429E-2	1,4909956658E-1
712	1,3654773565E2	3,3131167603E-2	1,5183958297E-1
713	1,3655373204E2	3,32486741E-2	1,5393598636E-1
714	1,3656044057E2	3,3370430856E-2	1,5708296804E-1
715	1,3656443054E2	3,3494872329E-2	1,5938124602E-1
716	1,3656986135E2	3,3816144666E-2	1,6226937476E-1
717	1,3657719127E2	3,3949816564E-2	1,6559214213E-1
718	1,3658324289E2	3,4080921345E-2	1,6843234818E-1
719	1,3658741183E2	3,421657588E-2	1,7066078278E-1
720	1,3659322522E2	3,4367323718E-2	1,7247812784E-1
721	1,3659890503E2	3,4514578346E-2	1,7542935402E-1
722	1,3660244974E2	3,468183268E-2	1,787223173E-1
723	1,3660848556E2	3,4837297995E-2	1,8176885083E-1
724	1,3661552661E2	3,5007372793E-2	1,8524694482E-1
725	1,3662035302E2	3,5182205977E-2	1,8828088514E-1
726	1,3662630749E2	3,5356789599E-2	1,9165796256E-1
727	1,3663324528E2	3,5568005346E-2	1,9471593607E-1
728	1,366384321E2	3,5757847042E-2	1,9750268234E-1
729	1,3664233298E2	3,5954346244E-2	2,0056894043E-1
730	1,3664867635E2	3,6159216901E-2	2,0298091171E-1
731	1,3665438176E2	3,6395499627E-2	2,0674738142E-1
732	1,3665996118E2	3,6617008018E-2	2,1089715603E-1
733	1,3666610734E2	3,6848925156E-2	2,1446454864E-1
734	1,366715371E2	3,7089736407E-2	2,1763573831E-1
735	1,3667834326E2	3,7340551126E-2	2,2096288259E-1
736	1,3668344104E2	3,7601600634E-2	2,2561324016E-1
737	1,3668878948E2	3,7872995657E-2	2,2986128704E-1
738	1,3669485496E2	3,8156700978E-2	2,3301986317E-1
739	1,3669988875E2	3,8451795322E-2	2,3644706663E-1
740	1,3670555564E2	3,9048477278E-2	2,4014812302E-1
741	1,3671190294E2	3,9450320927E-2	2,4250089237E-1
742	1,367203358E2	3,9782833866E-2	2,4642065884E-1
743	1,367279395E2	4,0143261022E-2	2,4910220367E-1
744	1,3673501987E2	4,0502210939E-2	2,5210296874E-1
745	1,3673907541E2	4,124354767E-2	2,5595063976E-1
746	1,3674451563E2	4,1893217317E-2	2,5995695951E-1
747	1,3675030921E2	4,2373326119E-2	2,6411593914E-1
748	1,3675599525E2	4,3092203499E-2	2,6689987457E-1
749	1,3676050203E2	4,3564810138E-2	2,6961772338E-1
750	1,3676392527E2	4,406694968E-2	2,7375505178E-1
751	1,3677143169E2	4,4895204139E-2	2,7640923E-1
752	1,3677837778E2	4,5419892869E-2	2,7879717684E-1
753	1,3678397113E2	4,5942477108E-2	2,8155942402E-1
754	1,3679041378E2	4,6488254089E-2	2,8498048273E-1
755	1,3679694363E2	4,7048190032E-2	2,8841741191E-1
756	1,3680294459E2	4,7630836786E-2	2,9308761296E-1
757	1,3680857831E2	4,8233750801E-2	2,9537578076E-1
758	1,3681583779E2	4,8861130366E-2	3,0017108935E-1
759	1,3682063806E2	4,9511130848E-2	3,0474490076E-1
760	1,3682818808E2	5,0369509682E-2	3,089645178E-1
761	1,3683257472E2	5,1105326542E-2	3,1326445501E-1
762	1,3683873748E2	5,1916403438E-2	3,1665889214E-1
763	1,368453082E2	5,2784436965E-2	3,1949781107E-1
764	1,3685071599E2	5,364135649E-2	3,2305655687E-1
765	1,368565322E2	5,4507836422E-2	3,2560047296E-1
766	1,3686173399E2	5,5428030248E-2	3,2984368946E-1
767	1,3686619294E2	5,6408524232E-2	3,3248539015E-1
768	1,3687208819E2	5,7576265697E-2	3,3670796317E-1
769	1,3687711296E2	5,8778419141E-2	3,4030528168E-1
770	1,3688287788E2	6,0197115037E-2	3,4494473482E-1
771	1,3688973265E2	6,1306196252E-2	3,4861784513E-1
772	1,3689609498E2	6,2416663729E-2	3,5321513775E-1
773	1,3690197792E2	6,356545274E-2	3,5719998699E-1
774	1,3690650725E2	6,4750727517E-2	3,6114408391E-1
775	1,3691248584E2	6,6012051635E-2	3,6467294373E-1
776	1,3691858583E2	6,7340764847E-2	3,6978149269E-1
777	1,3692508078E2	6,8859896554E-2	3,73117052E-1
778	1,3693108994E2	7,0305211588E-2	3,7785765897E-1
779	1,3693899115E2	7,1770164997E-2	3,808032546E-1
780	1,3694334053E2	7,3280827905E-2	3,8557328118E-1
781	1,3694956386E2	7,512946141E-2	3,9032029581E-1
782	1,3695468312E2	7,6748712909E-2	3,9437784613E-1
783	1,3696034137E2	7,8430319708E-2	3,9853888325E-1
784	1,3696567056E2	8,0168486645E-2	4,0340491037E-1
785	1,3696979864E2	8,198604874E-2	4,0758904862E-1
786	1,3697403023E2	8,3883718775E-2	4,1016649668E-1
787	1,3698091421E2	8,5839778374E-2	4,133337115E-1
788	1,3698542427E2	8,786274461E-2	4,1638096209E-1
789	1,3698968446E2	8,997761203E-2	4,1991809688E-1
790	1,3699266282E2	9,217387507E-2	4,2270850678E-1
791	1,3699691858E2	9,445320495E-2	4,2602077792E-1
792	1,3699986863E2	9,6821240868E-2	4,2979085122E-1
793	1,3700656515E2	9,9769776559E-2	4,3331931534E-1
794	1,3701314841E2	1,0232549258E-1	4,3741001915E-1
795	1,370171997E2	1,0549482404E-1	4,421596273E-1
796	1,3702357143E2	1,0825627603E-1	4,4628224845E-1
797	1,3703037846E2	1,1127265175E-1	4,490191651E-1
798	1,3703676037E2	1,1435793713E-1	4,5329145992E-1
799	1,3704274419E2	1,179388638E-1	4,5794709774E-1
800	1,3704750244E2	1,2180604744E-1	4,6160133751E-1
801	1,3705325022E2	1,2583877351E-1	4,6713395624E-1
802	1,3705740094E2	1,2942493463E-1	4,7235291027E-1
803	1,3706385972E2	1,3308566987E-1	4,7701889457E-1
804	1,3707052634E2	1,3725062306E-1	4,8205136516E-1
805	1,3707445519E2	1,4169428612E-1	4,8675576604E-1
806	1,3708263295E2	1,4577789663E-1	4,9227050594E-1
807	1,3708843279E2	1,5001224723E-1	4,9726969021E-1
808	1,3709498761E2	1,5473849635E-1	5,0159425385E-1
809	1,3709974883E2	1,5932740137E-1	5,0634593079E-1
810	1,3710462763E2	1,6409413155E-1	5,1149412068E-1
811	1,3711015764E2	1,6903563669E-1	5,1631815709E-1
812	1,3711606372E2	1,7411527879E-1	5,2081953627E-1
813	1,3712206225E2	1,7932850986E-1	5,2608158686E-1
814	1,371269881E2	1,846897509E-1	5,3044668317E-1
815	1,3713193677E2	1,9017732636E-1	5,3570286227E-1
816	1,3713815073E2	1,9581856898E-1	5,4088383295E-1
817	1,3714367109E2	2,0157587967E-1	5,4507914021E-1
818	1,3714962695E2	2,0749019112E-1	5,5075595492E-1
819	1,3715674253E2	2,1350209382E-1	5,54727938E-1
820	1,3716286837E2	2,1963720759E-1	5,5861744663E-1
821	1,3716909833E2	2,2592840862E-1	5,6258143257E-1
822	1,3717384596E2	2,3273365861E-1	5,6812497667E-1
823	1,3717866833E2	2,3922234628E-1	5,7363295055E-1
824	1,3718601457E2	2,4585005662E-1	5,7838260052E-1
825	1,3719087269E2	2,526371542E-1	5,8435285719E-1
826	1,3719804343E2	2,5956280573E-1	5,8806845511E-1
827	1,3720432371E2	2,667606164E-1	5,9325462019E-1
828	1,3721169815E2	2,738919592E-1	5,9702870767E-1
829	1,372164952E2	2,8109959353E-1	6,0296428064E-1
830	1,3722312135E2	2,8841476765E-1	6,0865331057E-1
831	1,3722872543E2	2,9581116733E-1	6,1339181538E-1
832	1,3723463039E2	3,0333321901E-1	6,1815343661E-1
833	1,3723997429E2	3,1096106611E-1	6,2358599595E-1
834	1,3724811358E2	3,1898375988E-1	6,280192861E-1
835	1,3725324048E2	3,2682897698E-1	6,3246396469E-1
836	1,3725883019E2	3,3479826476E-1	6,3697041523E-1
837	1,3726650843E2	3,4292768518E-1	6,4135951746E-1
838	1,3727278068E2	3,5112673806E-1	6,444632395E-1
839	1,3727841076E2	3,6105287401E-1	6,4795071202E-1
840	1,3728391174E2	3,694033994E-1	6,542924315E-1
841	1,3729089615E2	3,7885567706E-1	6,5858155454E-1
842	1,3729754287E2	3,8817378798E-1	6,643686423E-1
843	1,3730332916E2	3,9676308197E-1	6,6904760825E-1
844	1,3731109267E2	4,0614012165E-1	6,7552832372E-1
845	1,3731864592E2	4,1528267832E-1	6,8078747631E-1
846	1,3732310008E2	4,2499874572E-1	6,8502348018E-1
847	1,3733003572E2	4,3412804703E-1	6,9046893801E-1
848	1,3733440839E2	4,4441225191E-1	6,9414731987E-1
849	1,3734066384E2	4,5366520009E-1	6,9742961129E-1
850	1,3734576608E2	4,6296798536E-1	7,0156597164E-1
851	1,3735041217E2	4,739134635E-1	7,065664271E-1
852	1,3735593629E2	4,8332624647E-1	7,1141387584E-1
853	1,3736214841E2	4,9281241865E-1	7,1579118265E-1
854	1,3736655279E2	5,0305861235E-1	7,2033826731E-1
855	1,3737359451E2	5,1277521446E-1	7,2567272835E-1
856	1,3737966377E2	5,2286819501E-1	7,3116465604E-1
857	1,3738472981E2	5,3265615308E-1	7,3673701266E-1
858	1,3739123069E2	5,4246697606E-1	7,4190988322E-1
859	1,3739703367E2	5,5236182019E-1	7,4784326653E-1
860	1,3740248046E2	5,6235645138E-1	7,5240821439E-1
861	1,3740911961E2	5,7242383473E-1	7,5782327667E-1
862	1,3741629555E2	5,8260327666E-1	7,6336074158E-1
863	1,374210375E2	5,9603824038E-1	7,6779571783E-1
864	1,374275199E2	6,0650404968E-1	7,7255088808E-1
865	1,3743301365E2	6,1694665845E-1	7,7747676952E-1
866	1,3743840673E2	6,2749852713E-1	7,844950744E-1
867	1,3744512856E2	6,3891746752E-1	7,889989729E-1
868	1,374510061E2	6,4958372832E-1	7,9589412316E-1
869	1,3745738549E2	6,6030166637E-1	8,0229234837E-1
870	1,3746280688E2	6,7106212376E-1	8,0707164375E-1
871	1,3746756611E2	6,8197816717E-1	8,1067587881E-1
872	1,3747255243E2	6,9289072117E-1	8,1595524955E-1
873	1,3747892452E2	7,0382276965E-1	8,2142908772E-1
874	1,3748611308E2	7,1481515515E-1	8,2642562755E-1
875	1,3749198711E2	7,2595371101E-1	8,3213521618E-1
876	1,3749739766E2	7,3706968919E-1	8,3879535987E-1
877	1,3750358862E2	7,4826150167E-1	8,4476711822E-1
878	1,3751030565E2	7,5949971054E-1	8,4999063346E-1
879	1,3751441758E2	7,7124839384E-1	8,5462828895E-1
880	1,3752017162E2	7,826677733E-1	8,6098002426E-1
881	1,3752517139E2	7,9415682808E-1	8,6737434697E-1
882	1,3753203877E2	8,0575635252E-1	8,7386322721E-1
883	1,3753784893E2	8,1823048739E-1	8,8059134594E-1
884	1,3754345517E2	8,3023061807E-1	8,8602583274E-1
885	1,3754838352E2	8,4289790742E-1	8,9190729612E-1
886	1,3755368794E2	8,5485294668E-1	8,9868566431E-1
887	1,375595605E2	8,6713676725E-1	9,0460236499E-1
888	1,3756504662E2	8,7927857616E-1	9,1241610432E-1
889	1,3757051323E2	8,9195986807E-1	9,175708844E-1
890	1,3757461351E2	9,0503688491E-1	9,235649237E-1
891	1,3758098773E2	9,1732342616E-1	9,2864933519E-1
892	1,3758634166E2	9,2971241778E-1	9,3376710572E-1
893	1,375910546E2	9,4313851719E-1	9,3954098098E-1
894	1,3759550157E2	9,5646014155E-1	9,4412462248E-1
895	1,3760103585E2	9,6935067902E-1	9,4995330305E-1
896	1,3760787752E2	9,8191902954E-1	9,5419376816E-1
897	1,3761290386E2	9,9456283822E-1	9,6077768734E-1
898	1,376194511E2	1,0073080209E0	9,6626897984E-1
899	1,3762418158E2	1,0200724121E0	9,7225780328E-1
900	1,3762882002E2	1,0329137702E0	9,7714984556E-1
901	1,3763545667E2	1,045813867E0	9,8165040313E-1
902	1,3764135823E2	1,0603617068E0	9,8626490531E-1
903	1,3764827083E2	1,0734117465E0	9,9258102742E-1
904	1,3765361268E2	1,0873320323E0	9,9777746972E-1
905	1,3766033277E2	1,1005526691E0	1,0040055623E0
906	1,3766572669E2	1,1138399366E0	1,0093776586E0
907	1,3767125377E2	1,1272493567E0	1,0157953407E0
908	1,3767760158E2	1,1407473991E0	1,0209394408E0
909	1,37684172E2	1,1543268219E0	1,027376156E0
910	1,3769049987E2	1,168018624E0	1,0331215301E0
911	1,3769541456E2	1,1817800483E0	1,0393215881E0
912	1,3770153838E2	1,1955984696E0	1,0437342706E0
913	1,3770575167E2	1,2094529394E0	1,0488018733E0
914	1,3771297398E2	1,2233788796E0	1,055282143E0
915	1,3772046294E2	1,2373817958E0	1,0594576955E0
916	1,3772559105E2	1,2514241284E0	1,0657915319E0
917	1,3773126916E2	1,2654943175E0	1,0716895633E0
918	1,3773675566E2	1,2796363342E0	1,0776589941E0
919	1,3774347274E2	1,2941653303E0	1,0835469924E0
920	1,3774992198E2	1,3086001493E0	1,090550088E0
921	1,3775716382E2	1,3229275278E0	1,0965193295E0
922	1,377614606E2	1,337339227E0	1,1029770701E0
923	1,3776601466E2	1,351880836E0	1,1070275729E0
924	1,3777268585E2	1,3664496484E0	1,1112082783E0
925	1,3777804889E2	1,3810779903E0	1,1159812874E0
926	1,3778382972E2	1,3959792171E0	1,12120316E0
927	1,3778885967E2	1,4107427249E0	1,126408723E0
928	1,3779585725E2	1,4255834049E0	1,1340298434E0
929	1,3780114538E2	1,4405064904E0	1,1399951609E0
930	1,3780965184E2	1,4555332433E0	1,1453658956E0
931	1,3781650392E2	1,4706454911E0	1,1513473423E0
932	1,3782375018E2	1,4859297432E0	1,1584505058E0
933	1,3783159453E2	1,5012626166E0	1,1661228844E0
934	1,3783892253E2	1,5166313037E0	1,171426462E0
935	1,3784419059E2	1,5323986886E0	1,1780535086E0
936	1,3784923454E2	1,5482401453E0	1,1847159196E0
937	1,3785454254E2	1,5637397484E0	1,1907226152E0
938	1,3785881609E2	1,5792872765E0	1,1979987974E0
939	1,3786254465E2	1,5948992659E0	1,2047328873E0
940	1,3786828948E2	1,6105644239E0	1,2102231672E0
941	1,3787522818E2	1,6265488532E0	1,2176263889E0
942	1,3788241835E2	1,6423464874E0	1,2225678811E0
943	1,378873599E2	1,6582019688E0	1,229298544E0
944	1,3789357056E2	1,6758348987E0	1,2347501264E0
945	1,378997813E2	1,6958786104E0	1,2396842703E0
946	1,3790571811E2	1,712024785E0	1,247031654E0
947	1,3791200366E2	1,7282610059E0	1,2530749506E0
948	1,3791710988E2	1,744538874E0	1,2593240252E0
949	1,3792368646E2	1,7609379013E0	1,2661883684E0
950	1,3793112704E2	1,7773770382E0	1,271118627E0
951	1,3793472518E2	1,7939101848E0	1,2785798319E0
952	1,3794082294E2	1,8104947632E0	1,2840621887E0
953	1,3794619814E2	1,8271756479E0	1,2901631867E0
954	1,3795079633E2	1,8439394468E0	1,2956878175E0
955	1,3795616917E2	1,8608239811E0	1,3004589817E0
956	1,3796218615E2	1,8777192135E0	1,3077758293E0
957	1,3796850577E2	1,8953688106E0	1,3141524832E0
958	1,3797541225E2	1,9123671465E0	1,3207177334E0
959	1,3798305004E2	1,9294043302E0	1,3257034744E0
960	1,3798657942E2	1,946539964E0	1,3313281876E0
961	1,3799272237E2	1,9637356154E0	1,3368463496E0
962	1,379989334E2	1,9809437128E0	1,3405696945E0
963	1,3800409764E2	1,9988404361E0	1,3468885944E0
964	1,380114339E2	2,0161660357E0	1,3544297597E0
965	1,380189978E2	2,0335729771E0	1,3600525365E0
966	1,3802447809E2	2,0510408669E0	1,3661640107E0
967	1,3803018217E2	2,0701691476E0	1,3725279524E0
968	1,3803520162E2	2,087761657E0	1,3806846308E0
969	1,3804061906E2	2,1057263033E0	1,3857077348E0
970	1,3804781343E2	2,1235079769E0	1,3913285001E0
971	1,3805353765E2	2,1413351267E0	1,3988832657E0
972	1,3806061103E2	2,1592315691E0	1,4058386512E0
973	1,3806339813E2	2,177278748E0	1,4121946738E0
974	1,3807120404E2	2,1954026538E0	1,4167553088E0
975	1,3807805364E2	2,2135620142E0	1,4231086528E0
976	1,3808512831E2	2,2318117805E0	1,4274162918E0
977	1,3809003611E2	2,2501617409E0	1,4349630012E0
978	1,3809590468E2	2,2686267517E0	1,4409288054E0
979	1,3810136165E2	2,2871228223E0	1,4490708355E0
980	1,381072346E2	2,305685932E0	1,4557665465E0
981	1,3811264143E2	2,3244805228E0	1,4618632646E0
982	1,3811737715E2	2,3431129707E0	1,4682070731E0
983	1,3812442895E2	2,3618373312E0	1,4731057264E0
984	1,38128966E2	2,380635325E0	1,4782507349E0
985	1,3813305946E2	2,399479371E0	1,4833943466E0
986	1,3813828011E2	2,4183793811E0	1,4902043013E0
987	1,3814555055E2	2,4373047228E0	1,4952197492E0
988	1,3815029536E2	2,4563040114E0	1,5025053831E0
989	1,3815508223E2	2,475388548E0	1,5088393961E0
990	1,3816044624E2	2,4945215501E0	1,5157699963E0
991	1,3816602425E2	2,5136964365E0	1,5211369725E0
992	1,3817137183E2	2,5329677059E0	1,5267481784E0
993	1,3817792353E2	2,5525078472E0	1,5336745234E0
994	1,3818276162E2	2,5720289742E0	1,5406133414E0
995	1,3819061563E2	2,5915832081E0	1,5466956915E0
996	1,3819580948E2	2,6112275105E0	1,5524216586E0
997	1,3820000428E2	2,6314743436E0	1,5592265814E0
998	1,3820603363E2	2,6512690407E0	1,5673416927E0
999	1,3821490846E2	2,6711174672E0	1,5733063119E0
1000	1,3822017844E2	2,6910992002E0	1,5808205019E0
