0	1E-7	1E-7	1E-7
1	1,2036946561E-7	1,0673836125E-7	1,0776533917E-7
2	1,4504529461E-7	1,1456915662E-7	1,1626264308E-7
3	1,7544499892E-7	1,2337574393E-7	1,2614780769E-7
4	2,1273155744E-7	1,331069925E-7	1,3695253425E-7
5	2,5845538473E-7	1,4385438864E-7	1,4878175506E-7
6	3,1462532463E-7	1,5576696597E-7	1,6175263427E-7
7	3,8353587993E-7	1,6893741066E-7	1,7598057238E-7
8	4,6795539318E-7	1,8349423548E-7	1,9156690495E-7
9	5,7125989676E-7	1,9957487632E-7	2,0861942564E-7
10	6,9746431716E-7	2,1733688297E-7	2,2726581488E-7
11	8,486618771E-7	2,3695258229E-7	2,4764239676E-7
12	1,0267285612E-6	2,5861349319E-7	2,6989450146E-7
13	1,2369418224E-6	2,8251448799E-7	2,9417743759E-7
14	1,4854799632E-6	3,0886723593E-7	3,206573783E-7
15	1,7799893347E-6	3,3788367894E-7	3,4893603201E-7
16	2,1285805401E-6	3,6976835119E-7	3,7811679305E-7
17	2,5415770208E-6	4,0482031333E-7	4,0781859986E-7
18	3,0306813328E-6	4,4319381168E-7	4,3819853452E-7
19	3,606539323E-6	4,8516756127E-7	4,6952252762E-7
20	4,284592436E-6	5,3110530809E-7	5,0206084177E-7
21	5,0841053857E-6	5,8111825213E-7	5,3590769942E-7
22	6,0277572419E-6	6,3557128628E-7	5,7105851746E-7
23	7,141523104E-6	6,9505002478E-7	6,0784557589E-7
24	8,4561205839E-6	7,6020934915E-7	6,4646309009E-7
25	1,0006366016E-5	8,3167479351E-7	6,8717681744E-7
26	1,183419108E-5	9,1000512104E-7	7,3022390923E-7
27	1,3989427817E-5	9,9591305654E-7	7,7583579276E-7
28	1,6529367558E-5	1,0901112005E-6	8,2407117764E-7
29	1,9521511518E-5	1,1934268508E-6	8,7518164051E-7
30	2,3046115554E-5	1,306869752E-6	9,29283571E-7
31	2,7198825723E-5	1,4312891346E-6	9,8654917629E-7
32	3,2091897308E-5	1,5676208185E-6	1,0471554896E-6
33	3,7857934552E-5	1,7169780184E-6	1,1112719365E-6
34	4,4652986622E-5	1,88053497E-6	1,1790171128E-6
35	5,2661419821E-5	2,0596019303E-6	1,2498779711E-6
36	6,2101455018E-5	2,255779384E-6	1,3249946912E-6
37	7,3229928479E-5	2,4705896546E-6	1,4043780855E-6
38	8,6349423107E-5	2,7059002506E-6	1,4871296194E-6
39	1,0181671139E-4	2,9636483855E-6	1,5745892316E-6
40	1,2005332097E-4	3,2460006383E-6	1,6661150427E-6
41	1,4155468289E-4	3,5553208961E-6	1,7621058695E-6
42	1,6690580475E-4	3,8942000602E-6	1,8628687221E-6
43	1,9677356295E-4	4,2654768675E-6	1,9681858012E-6
44	2,3164169482E-4	4,671888342E-6	2,0791633159E-6
45	2,7221283792E-4	5,1169496976E-6	2,1961525247E-6
46	3,1902622579E-4	5,6044550868E-6	2,3177126291E-6
47	3,7275333808E-4	6,1384706133E-6	2,445884662E-6
48	4,3413794954E-4	6,7264300442E-6	2,5829837392E-6
49	5,043010009E-4	7,3756242582E-6	2,7286207801E-6
50	5,8439908818E-4	8,090699465E-6	2,8831771739E-6
51	6,7561720958E-4	8,8801111201E-6	3,0470713931E-6
52	7,7886479458E-4	9,749849244E-6	3,2211758529E-6
53	8,9530750761E-4	1,070530447E-5	3,405625535E-6
54	1,0251433028E-3	1,1747708745E-5	3,6002778814E-6
55	1,169675483E-3	1,2881814392E-5	3,8079122786E-6
56	1,3304114903E-3	1,4115571788E-5	4,0278551954E-6
57	1,5093090378E-3	1,5442088254E-5	4,2539783439E-6
58	1,708785938E-3	1,6873868256E-5	4,4930393015E-6
59	1,9317035103E-3	1,842848348E-5	4,7451952294E-6
60	2,181103826E-3	2,0103992973E-5	5,0114904797E-6
61	2,4602396289E-3	2,1911070625E-5	5,303435418E-6
62	2,7722878621E-3	2,3850218064E-5	5,6124913304E-6
63	3,1198320942E-3	2,5931753176E-5	5,938720186E-6
64	3,506310372E-3	2,815531948E-5	6,283085522E-6
65	3,9366267983E-3	3,0508938184E-5	6,6479294937E-6
66	4,4159273832E-3	3,3010520534E-5	7,0352995899E-6
67	4,9498534609E-3	3,5682958552E-5	7,4450307494E-6
68	5,5447336485E-3	3,8546665028E-5	7,8780967233E-6
69	6,2076260587E-3	4,1621835309E-5	8,3361980638E-6
70	6,9465623602E-3	4,4945633645E-5	8,8236572206E-6
71	7,7698982893E-3	4,8507414683E-5	9,3381665291E-6
72	8,6868580119E-3	5,2337819268E-5	9,8843448705E-6
73	9,7082802144E-3	5,6441288005E-5	1,0461781701E-5
74	1,0846228458E-2	6,0848704397E-5	1,1070775375E-5
75	1,2114073523E-2	6,5558880579E-5	1,1713105648E-5
76	1,3526887817E-2	7,0568406805E-5	1,2392959616E-5
77	1,5101381929E-2	7,5875719614E-5	1,3109938239E-5
78	1,6855897992E-2	8,1374841346E-5	1,3864789072E-5
79	1,8811144149E-2	8,7030138103E-5	1,4654167926E-5
80	2,0989846559E-2	9,2903357918E-5	1,5481841408E-5
81	2,3415900435E-2	9,9008292164E-5	1,6352515682E-5
82	2,6118144939E-2	1,0537148271E-4	1,7267102012E-5
83	2,9128175083E-2	1,1199951649E-4	1,8229027022E-5
84	3,2481207343E-2	1,1885621198E-4	1,9249345001E-5
85	3,6216408469E-2	1,2592579821E-4	2,0323568547E-5
86	4,0377381681E-2	1,3321761105E-4	2,1453398316E-5
87	4,5012546017E-2	1,4077431471E-4	2,2635048252E-5
88	5,0176093597E-2	1,4860165264E-4	2,3870884167E-5
89	5,5927629763E-2	1,5667141174E-4	2,5158594885E-5
90	6,2333837377E-2	1,6503161274E-4	2,6505771948E-5
91	6,9469696079E-2	1,7371906668E-4	2,7922845625E-5
92	7,7418314001E-2	1,8295947594E-4	2,9412948787E-5
93	8,6272020787E-2	1,925654108E-4	3,0943371312E-5
94	9,6132902872E-2	2,025400713E-4	3,2540540458E-5
95	1,0711598861E-1	2,1293785858E-4	3,4222688468E-5
96	1,1934901928E-1	2,2379629613E-4	3,5992538702E-5
97	1,3297415572E-1	2,3511159311E-4	3,7854315318E-5
98	1,4814980751E-1	2,4686346015E-4	3,9799025937E-5
99	1,650525454E-1	2,5905427063E-4	4,1854467054E-5
100	1,8387901812E-1	2,7171388337E-4	4,4026807403E-5
101	2,0484807044E-1	2,8486590582E-4	4,631089913E-5
102	2,2820347483E-1	2,9852144638E-4	4,8707541773E-5
103	2,5421693228E-1	3,126997839E-4	5,1225125137E-5
104	2,8319104983E-1	3,2741448398E-4	5,3873423286E-5
105	3,1546274593E-1	3,4268077513E-4	5,665155071E-5
106	3,5140737313E-1	3,5850894039E-4	5,956967592E-5
107	3,9144272065E-1	3,7490810232E-4	6,262932305E-5
108	4,360333125E-1	3,9190518738E-4	6,5839456735E-5
109	4,8569789105E-1	4,0956562052E-4	6,9215808585E-5
110	5,4101363255E-1	4,2790295791E-4	7,2763317087E-5
111	6,0262367048E-1	4,4694719234E-4	7,6507731551E-5
112	6,7124402109E-1	4,6672579111E-4	8,0438465503E-5
113	7,4767249181E-1	4,8728952559E-4	8,4579030401E-5
114	8,3279753433E-1	5,0867636016E-4	8,8934730532E-5
115	9,2760860789E-1	5,309212206E-4	9,3514447392E-5
116	1,033207831E0	5,5405621876E-4	9,8327827836E-5
117	1,1508228189E0	5,7811737153E-4	1,0338318836E-4
118	1,2818207357E0	6,0314068277E-4	1,086875025E-4
119	1,4277245496E0	6,2916163511E-4	1,1425215361E-4
120	1,5902302944E0	6,5615138707E-4	1,2008125923E-4
121	1,7712268154E0	6,8407834374E-4	1,261837726E-4
122	1,9728172425E0	7,1297821392E-4	1,325725178E-4
123	2,1973448063E0	7,4290911181E-4	1,3928288844E-4
124	2,4474192007E0	7,7390732929E-4	1,4632170999E-4
125	2,7259471472E0	8,0601715862E-4	1,5370994939E-4
126	3,0361659042E0	8,3928654012E-4	1,6147488281E-4
127	3,3816813256E0	8,7375334496E-4	1,6961661545E-4
128	3,7665093384E0	9,0946539301E-4	1,7815253684E-4
129	4,1951228918E0	9,4649755928E-4	1,8712082939E-4
130	4,6725039355E0	9,8490509352E-4	1,9654469566E-4
131	5,2042011172E0	1,0247353591E-3	2,0641684337E-4
132	5,796394454E0	1,0657338298E-3	2,1675603261E-4
133	6,4559673189E0	1,1078466211E-3	2,2753025107E-4
134	7,1905854867E0	1,1512237729E-3	2,3870126337E-4
135	8,0087869447E0	1,1958167964E-3	2,5022897736E-4
136	8,9200811174E0	1,2418774073E-3	2,6209486428E-4
137	9,9350596525E0	1,2894457729E-3	2,7434601056E-4
138	1,1065519345E1	1,3386307063E-3	2,8699087979E-4
139	1,2324599612E1	1,3894193033E-3	2,9999978176E-4
140	1,3726935059E1	1,4419898541E-3	3,1349145046E-4
141	1,5288825886E1	1,4963996456E-3	3,2748226682E-4
142	1,7028423082E1	1,5526909043E-3	3,4184612761E-4
143	1,8965947755E1	1,6106648151E-3	3,5665720469E-4
144	2,1123917416E1	1,6703155049E-3	3,7198150998E-4
145	2,3527413351E1	1,7318671251E-3	3,8769124736E-4
146	2,6204370942E1	1,7951872522E-3	4,0393443165E-4
147	2,9185904091E1	1,8601916888E-3	4,2061285219E-4
148	3,2506666805E1	1,9267020555E-3	4,3783627018E-4
149	3,6205253183E1	1,9946222629E-3	4,5561713632E-4
150	4,0324652581E1	2,06428776E-3	4,739726728E-4
151	4,4912742378E1	2,1361348192E-3	4,9284917893E-4
152	5,0022847207E1	2,2103953921E-3	5,1234724551E-4
153	5,5714360337E1	2,2870041418E-3	5,324152769E-4
154	6,2053434688E1	2,3661066655E-3	5,5308226169E-4
155	6,9113746542E1	2,4476314955E-3	5,7438605565E-4
156	7,6977354463E1	2,5314972916E-3	5,9629067637E-4
157	8,5735655379E1	2,6178179027E-3	6,1914472788E-4
158	9,5490438478E1	2,7066361762E-3	6,4219333481E-4
159	1,0635508526E2	2,7991382695E-3	6,66192205E-4
160	1,1845586934E2	2,892984443E-3	6,9077296401E-4
161	1,3193344422E2	2,9890144211E-3	7,1638586128E-4
162	1,457963635E2	3,0871524287E-3	7,4229440933E-4
163	1,5106187873E2	3,1653945806E-3	7,6270217776E-4
164	1,5709556305E2	3,2520445493E-3	7,8596556623E-4
165	1,6292337655E2	3,3243810432E-3	8,0320790328E-4
166	1,6688273137E2	3,4137706607E-3	8,2622892279E-4
167	1,6827268778E2	3,4649884836E-3	8,3874995903E-4
168	1,6937707429E2	3,5064446522E-3	8,4432515745E-4
169	1,7021531057E2	3,5700466159E-3	8,5380918407E-4
170	1,7064874577E2	3,5997998805E-3	8,597609007E-4
171	1,709826069E2	3,6612281179E-3	8,7339842245E-4
172	1,7136909598E2	3,7014655021E-3	8,8162385687E-4
173	1,7183887845E2	3,7425784156E-3	8,8745860783E-4
174	1,7206561944E2	3,7941079215E-3	8,9286126874E-4
175	1,7245708146E2	3,838020368E-3	9,0262159156E-4
176	1,7270504544E2	3,863664857E-3	9,0726057795E-4
177	1,7311124051E2	3,9189233687E-3	9,1926076697E-4
178	1,7340167104E2	3,9419207447E-3	9,2789266309E-4
179	1,7375244064E2	3,9841151211E-3	9,3704065823E-4
180	1,7407277403E2	4,0406795229E-3	9,4899773344E-4
181	1,744409923E2	4,0835603864E-3	9,6016503602E-4
182	1,7472025708E2	4,1335129036E-3	9,773381651E-4
183	1,7515376799E2	4,1628573857E-3	9,8905573645E-4
184	1,7557814704E2	4,2085927082E-3	9,979435615E-4
185	1,7598010844E2	4,2339525184E-3	1,0077459541E-3
186	1,7640283053E2	4,271274534E-3	1,0139601928E-3
187	1,7683428314E2	4,3302182765E-3	1,0276524271E-3
188	1,7718393137E2	4,3751508999E-3	1,0388835152E-3
189	1,7750537986E2	4,4104611044E-3	1,0444580335E-3
190	1,7788332038E2	4,4378235956E-3	1,0494545304E-3
191	1,7827914059E2	4,4859965272E-3	1,0656526553E-3
192	1,7858221355E2	4,5694242315E-3	1,0765143516E-3
193	1,7893046773E2	4,5953331793E-3	1,0885386514E-3
194	1,7921070402E2	4,6362838987E-3	1,0962274206E-3
195	1,7969439224E2	4,7026981814E-3	1,1080224144E-3
196	1,800372342E2	4,7335384162E-3	1,1200540879E-3
197	1,8044511107E2	4,8192679637E-3	1,1317726321E-3
198	1,8090671017E2	4,8821285882E-3	1,1477194015E-3
199	1,8113791016E2	4,9467210717E-3	1,1555527061E-3
200	1,8131958487E2	5,0167947644E-3	1,1612638445E-3
201	1,8160743134E2	5,0973609034E-3	1,1757592339E-3
202	1,8180847499E2	5,1598439486E-3	1,1965377579E-3
203	1,8205529502E2	5,2034845462E-3	1,2118314008E-3
204	1,8232284526E2	5,2191612942E-3	1,2215920335E-3
205	1,82505863E2	5,2669259393E-3	1,2321536227E-3
206	1,8267076067E2	5,3448845852E-3	1,2490163573E-3
207	1,8293064014E2	5,413970418E-3	1,2603796204E-3
208	1,8311377007E2	5,472791395E-3	1,2713697539E-3
209	1,8333515548E2	5,4970093908E-3	1,2876585285E-3
210	1,836022226E2	5,5803951533E-3	1,2953817192E-3
211	1,8380532535E2	5,6428008788E-3	1,3120850356E-3
212	1,8403953044E2	5,727951929E-3	1,3219726151E-3
213	1,842073498E2	5,8309884003E-3	1,3420872239E-3
214	1,844290231E2	5,9191914063E-3	1,3517899744E-3
215	1,8466162896E2	6,0089237454E-3	1,3688268964E-3
216	1,8486098405E2	6,147742377E-3	1,3853621452E-3
217	1,8508248912E2	6,2177044917E-3	1,4013574798E-3
218	1,8537399953E2	6,2955986334E-3	1,414512111E-3
219	1,8556676463E2	6,4051609535E-3	1,4304098349E-3
220	1,8580108089E2	6,4939441405E-3	1,4404711755E-3
221	1,8602884565E2	6,5412961806E-3	1,4531024094E-3
222	1,8626086578E2	6,6315603488E-3	1,4689487602E-3
223	1,86438875E2	6,719183899E-3	1,4817168098E-3
224	1,8668683461E2	6,7713603534E-3	1,5000830397E-3
225	1,8696452323E2	6,814697858E-3	1,5092614476E-3
226	1,8714193767E2	6,8842802363E-3	1,5224908135E-3
227	1,8738823752E2	6,9622038657E-3	1,5447239812E-3
228	1,8767590971E2	7,0174299716E-3	1,570598834E-3
229	1,878679556E2	7,1287947469E-3	1,5855532277E-3
230	1,8807578186E2	7,1975305036E-3	1,6120372247E-3
231	1,8836492482E2	7,2819548302E-3	1,6321285868E-3
232	1,8856994322E2	7,3132723852E-3	1,6415977625E-3
233	1,8881519986E2	7,3708503224E-3	1,6524449733E-3
234	1,8907561521E2	7,4332208028E-3	1,6659223615E-3
235	1,8928292674E2	7,469857945E-3	1,6918404371E-3
236	1,8941958166E2	7,5336121738E-3	1,7175551147E-3
237	1,8967718236E2	7,6174823811E-3	1,72793692E-3
238	1,8981044902E2	7,7370778276E-3	1,7603808597E-3
239	1,9008488578E2	7,7941970119E-3	1,7786136109E-3
240	1,9039227711E2	7,8253052331E-3	1,7954592508E-3
241	1,9062705962E2	7,9236150845E-3	1,8056853177E-3
242	1,9080726043E2	7,9830510347E-3	1,8303614127E-3
243	1,9111763807E2	8,0324103829E-3	1,8470068641E-3
244	1,9144399462E2	8,109828257E-3	1,8640164458E-3
245	1,9166621229E2	8,2053226189E-3	1,8786299171E-3
246	1,9187182564E2	8,3164058626E-3	1,9004750322E-3
247	1,9205472547E2	8,3672223274E-3	1,9218784478E-3
248	1,9225324095E2	8,5077330629E-3	1,9367126244E-3
249	1,9250199446E2	8,610180941E-3	1,9558919261E-3
250	1,9270930754E2	8,7133700093E-3	1,9728553316E-3
251	1,9296333352E2	8,7934082065E-3	1,9924583015E-3
252	1,9317508277E2	8,9505599757E-3	2,0196560957E-3
253	1,9342139944E2	9,0461506403E-3	2,0427452877E-3
254	1,9360906291E2	9,1228360215E-3	2,0645353955E-3
255	1,9380891864E2	9,2150285401E-3	2,0816239036E-3
256	1,9406091298E2	9,3179895334E-3	2,1060017508E-3
257	1,9429187015E2	9,3783755543E-3	2,1255274113E-3
258	1,945091694E2	9,4490412189E-3	2,144971662E-3
259	1,9471822868E2	9,5332210959E-3	2,1674373576E-3
260	1,9499147122E2	9,6599135836E-3	2,1907215938E-3
261	1,9522835915E2	9,7529519591E-3	2,2124649087E-3
262	1,9540613194E2	9,8711732321E-3	2,2374557521E-3
263	1,9564736633E2	9,9649747485E-3	2,2649411751E-3
264	1,9587269101E2	1,0057334577E-2	2,2981808314E-3
265	1,9617380799E2	1,0160523388E-2	2,3291831845E-3
266	1,9647314106E2	1,0255627459E-2	2,3537313827E-3
267	1,966174435E2	1,042552241E-2	2,3854061138E-3
268	1,9687475684E2	1,0515493011E-2	2,4034885424E-3
269	1,9716191954E2	1,0619401337E-2	2,4258359848E-3
270	1,9746283701E2	1,0718941594E-2	2,4515976431E-3
271	1,9770227672E2	1,0788545241E-2	2,4640114693E-3
272	1,9795533684E2	1,0929833587E-2	2,4844414712E-3
273	1,9816302265E2	1,0993620302E-2	2,511849862E-3
274	1,9844197114E2	1,1040575741E-2	2,5216744769E-3
275	1,9863856559E2	1,1157735779E-2	2,5535464408E-3
276	1,9890952047E2	1,1261337638E-2	2,5721002805E-3
277	1,9910532093E2	1,139112909E-2	2,6138792426E-3
278	1,9936731853E2	1,1443411595E-2	2,6470737175E-3
279	1,9958744553E2	1,1474319047E-2	2,6652284114E-3
280	1,9980567962E2	1,15420065E-2	2,6902614114E-3
281	2,0001147628E2	1,1684223369E-2	2,7244751358E-3
282	2,002528615E2	1,1746295136E-2	2,7475309652E-3
283	2,0048461515E2	1,1781778189E-2	2,7692277173E-3
284	2,0077364592E2	1,1859161667E-2	2,8048579411E-3
285	2,0099135676E2	1,1943709776E-2	2,8320902831E-3
286	2,0118596362E2	1,2034009541E-2	2,8763164836E-3
287	2,0140706631E2	1,2082499777E-2	2,8909591394E-3
288	2,016262667E2	1,2255850657E-2	2,9188532157E-3
289	2,0189446985E2	1,2308161153E-2	2,9439453344E-3
290	2,0213685301E2	1,2385361695E-2	2,9740079106E-3
291	2,0236630316E2	1,2471862556E-2	3,009214379E-3
292	2,0267067059E2	1,2569294549E-2	3,0256069941E-3
293	2,0291559573E2	1,2652758535E-2	3,0473022894E-3
294	2,0313520006E2	1,2723565865E-2	3,0689445519E-3
295	2,0344118717E2	1,276725407E-2	3,0908509354E-3
296	2,0370297539E2	1,2865367505E-2	3,1159816925E-3
297	2,0393507593E2	1,30052559E-2	3,1502111351E-3
298	2,0422581122E2	1,3070041852E-2	3,1690495531E-3
299	2,0450908342E2	1,3256862068E-2	3,2110848092E-3
300	2,0475668862E2	1,3347993108E-2	3,2613028144E-3
301	2,0499351932E2	1,3426141651E-2	3,2931300988E-3
302	2,0515283118E2	1,3535210008E-2	3,316040945E-3
303	2,0541300472E2	1,3652126177E-2	3,3369415855E-3
304	2,0564865107E2	1,37449673E-2	3,3678450129E-3
305	2,058738048E2	1,3866002524E-2	3,39421335E-3
306	2,0603815048E2	1,3973621459E-2	3,4357085533E-3
307	2,0627858329E2	1,4065081013E-2	3,4628693087E-3
308	2,0651523065E2	1,4223201722E-2	3,4845974998E-3
309	2,0678905188E2	1,4334021489E-2	3,5202216219E-3
310	2,0706612243E2	1,4403106296E-2	3,5634357538E-3
311	2,0735686327E2	1,4462122921E-2	3,5987281739E-3
312	2,0765335713E2	1,4587460789E-2	3,6390389861E-3
313	2,0792728287E2	1,4715035577E-2	3,6791080916E-3
314	2,0809260012E2	1,4813292181E-2	3,6998400306E-3
315	2,0834946962E2	1,490472699E-2	3,7466255984E-3
316	2,0864575888E2	1,4968799846E-2	3,7858422313E-3
317	2,0887931947E2	1,5055682602E-2	3,8063027723E-3
318	2,0913330722E2	1,5153010939E-2	3,8338986088E-3
319	2,0940298763E2	1,5263657877E-2	3,8599988132E-3
320	2,0957955018E2	1,5361953712E-2	3,8974953015E-3
321	2,0976555819E2	1,5474283896E-2	3,9428440194E-3
322	2,0998065543E2	1,5613047883E-2	3,9921391684E-3
323	2,10200045E2	1,5723709457E-2	4,027283001E-3
324	2,1041390822E2	1,5776709768E-2	4,0477098191E-3
325	2,1072150875E2	1,5841952022E-2	4,0669208274E-3
326	2,1099532834E2	1,5900906913E-2	4,1054287448E-3
327	2,112144085E2	1,60203277E-2	4,1392731307E-3
328	2,1147592382E2	1,6145821979E-2	4,1649571992E-3
329	2,1171166287E2	1,6214282131E-2	4,209451468E-3
330	2,1201170174E2	1,6351478631E-2	4,2606162003E-3
331	2,1235587355E2	1,6461946774E-2	4,2928722751E-3
332	2,1262549412E2	1,6627611026E-2	4,3588647322E-3
333	2,1290385094E2	1,6713632061E-2	4,3980420132E-3
334	2,1316770531E2	1,6769635956E-2	4,4435975743E-3
335	2,1333222494E2	1,6854999185E-2	4,48606401E-3
336	2,1356211093E2	1,6914053399E-2	4,5294240419E-3
337	2,138268007E2	1,7067559014E-2	4,5655837595E-3
338	2,1408574582E2	1,7148106193E-2	4,6056860904E-3
339	2,1432208417E2	1,7269584531E-2	4,6601826276E-3
340	2,1463995693E2	1,7368624462E-2	4,6904390687E-3
341	2,1492782991E2	1,7432768767E-2	4,7378016602E-3
342	2,1514481566E2	1,7585424475E-2	4,7869284947E-3
343	2,1537080322E2	1,7691717346E-2	4,8318353666E-3
344	2,1556000651E2	1,7786003686E-2	4,8872136122E-3
345	2,1577357191E2	1,7894046366E-2	4,9174085912E-3
346	2,1601755281E2	1,7993832969E-2	4,9614212026E-3
347	2,1622009678E2	1,8122830634E-2	5,0170055559E-3
348	2,1648413096E2	1,8272717852E-2	5,0676986368E-3
349	2,166212456E2	1,8398517353E-2	5,1295507645E-3
350	2,1685314733E2	1,8447863509E-2	5,1723968296E-3
351	2,1708785272E2	1,8504187151E-2	5,2105005463E-3
352	2,1731402209E2	1,8602762598E-2	5,2508596254E-3
353	2,1763472746E2	1,8639934481E-2	5,2880494146E-3
354	2,1791854576E2	1,8740035005E-2	5,321775515E-3
355	2,1820909461E2	1,8906078774E-2	5,3864390973E-3
356	2,1841615989E2	1,8971585336E-2	5,4307997096E-3
357	2,1862937557E2	1,9110669903E-2	5,4806905349E-3
358	2,1886732571E2	1,922134434E-2	5,5195760821E-3
359	2,1908606413E2	1,9294656545E-2	5,5567623766E-3
360	2,1931515946E2	1,932214365E-2	5,5723530808E-3
361	2,1963348902E2	1,9401422444E-2	5,5951689195E-3
362	2,1987680177E2	1,9486982209E-2	5,6351341148E-3
363	2,2017808951E2	1,9557787913E-2	5,681094107E-3
364	2,2039045754E2	1,9665697669E-2	5,7489077795E-3
365	2,206912112E2	1,9770936966E-2	5,7890929738E-3
366	2,2091894606E2	1,984757968E-2	5,816639476E-3
367	2,2111603643E2	1,9913485678E-2	5,8626105754E-3
368	2,2141625134E2	1,9954401387E-2	5,9053277232E-3
369	2,2167430737E2	1,9984663327E-2	5,9322692584E-3
370	2,2207619573E2	2,0040272731E-2	5,9687421242E-3
371	2,2232936528E2	2,0135591801E-2	6,0130843801E-3
372	2,2260925419E2	2,0184647998E-2	6,0485034731E-3
373	2,2287313017E2	2,027972097E-2	6,0939562189E-3
374	2,2315318018E2	2,0364627045E-2	6,1416169103E-3
375	2,234301232E2	2,0480903144E-2	6,2121626417E-3
376	2,2366786897E2	2,0571860947E-2	6,2742502516E-3
377	2,2399325478E2	2,0605447968E-2	6,2958760748E-3
378	2,2434042891E2	2,0666923039E-2	6,3494973736E-3
379	2,2465404026E2	2,0716816155E-2	6,3786069205E-3
380	2,2498995875E2	2,0736842722E-2	6,4059890417E-3
381	2,2523858254E2	2,0849945041E-2	6,490021259E-3
382	2,2553138236E2	2,0886588653E-2	6,5214269297E-3
383	2,2583226006E2	2,0948464084E-2	6,5618283826E-3
384	2,2613379603E2	2,0997776133E-2	6,5931820347E-3
385	2,2646866781E2	2,1036842261E-2	6,6085326237E-3
386	2,2684481201E2	2,1114553578E-2	6,6694175118E-3
387	2,2707446734E2	2,1177165116E-2	6,6905510497E-3
388	2,2733216255E2	2,1295523399E-2	6,7657731227E-3
389	2,2762021443E2	2,1380218759E-2	6,8324741222E-3
390	2,2782381362E2	2,1482680944E-2	6,8911187644E-3
391	2,2817082277E2	2,1632174358E-2	6,9708095499E-3
392	2,284576053E2	2,1677079504E-2	7,0052105982E-3
393	2,2877234487E2	2,1768666132E-2	7,0757273596E-3
394	2,2908450854E2	2,1821516099E-2	7,1183572395E-3
395	2,2937607062E2	2,1897379293E-2	7,16587847E-3
396	2,2962327718E2	2,2017967591E-2	7,2159807235E-3
397	2,2989165733E2	2,2151061327E-2	7,2834724483E-3
398	2,3023927649E2	2,2301437531E-2	7,378256219E-3
399	2,3053015426E2	2,2400593548E-2	7,4342554241E-3
400	2,3080351587E2	2,2452363862E-2	7,4695762193E-3
401	2,3104977198E2	2,2590921276E-2	7,5359955307E-3
402	2,3140050145E2	2,2634280057E-2	7,5573115872E-3
403	2,3159212852E2	2,2736521963E-2	7,6146942236E-3
404	2,3189748266E2	2,2781908829E-2	7,6377578608E-3
405	2,3215071467E2	2,2870163661E-2	7,6755386545E-3
406	2,3243477379E2	2,2964513406E-2	7,7168814211E-3
407	2,3270592093E2	2,3032520521E-2	7,7511678514E-3
408	2,3304885379E2	2,3103496747E-2	7,7977646273E-3
409	2,3331955389E2	2,3188754562E-2	7,8438825687E-3
410	2,3359174523E2	2,3280883458E-2	7,890094943E-3
411	2,3378833199E2	2,3339252219E-2	7,9124765723E-3
412	2,3413059954E2	2,3366265292E-2	7,9337072909E-3
413	2,3440258461E2	2,3518095739E-2	8,0103818959E-3
414	2,3470747895E2	2,3635736836E-2	8,0796054589E-3
415	2,3496862191E2	2,3689376497E-2	8,1139146235E-3
416	2,3524992794E2	2,3763268341E-2	8,1491151478E-3
417	2,3554953177E2	2,3814302652E-2	8,1722496009E-3
418	2,3588584788E2	2,3881015039E-2	8,2062064312E-3
419	2,361032192E2	2,3913132587E-2	8,2208795706E-3
420	2,3637223524E2	2,3973339973E-2	8,2553462997E-3
421	2,3664487662E2	2,4071857915E-2	8,2964802439E-3
422	2,369211705E2	2,4134211187E-2	8,3277324556E-3
423	2,372172109E2	2,4214116508E-2	8,3713574853E-3
424	2,3748905413E2	2,4309741208E-2	8,4231144997E-3
425	2,3778630685E2	2,4371832898E-2	8,4466732948E-3
426	2,3807628371E2	2,4486930891E-2	8,486461708E-3
427	2,3839541161E2	2,4566285278E-2	8,5257349598E-3
428	2,3858462233E2	2,4645115799E-2	8,5558251122E-3
429	2,3888125668E2	2,4660079876E-2	8,5638609477E-3
430	2,3915068416E2	2,4708042071E-2	8,5902848483E-3
431	2,3946343632E2	2,475552675E-2	8,6143386371E-3
432	2,3974103674E2	2,4801023634E-2	8,6371677657E-3
433	2,3998253798E2	2,4879015667E-2	8,6777685517E-3
434	2,4026852915E2	2,4955885395E-2	8,7178366659E-3
435	2,4057073722E2	2,5010568471E-2	8,7423059484E-3
436	2,4085833579E2	2,5056913211E-2	8,7613716273E-3
437	2,4113990483E2	2,5121662867E-2	8,7918979014E-3
438	2,4137787214E2	2,517891558E-2	8,8225456157E-3
439	2,4163881168E2	2,5242917627E-2	8,8563363404E-3
440	2,4185916304E2	2,5264313037E-2	8,8646972123E-3
441	2,4225251408E2	2,531470431E-2	8,8935455873E-3
442	2,4253237903E2	2,5407764268E-2	8,9359515172E-3
443	2,4286426294E2	2,5565135505E-2	9,0158110146E-3
444	2,4318164288E2	2,5629992134E-2	9,0508866064E-3
445	2,4344636461E2	2,564545416E-2	9,0611518046E-3
446	2,4372282153E2	2,5678214214E-2	9,0753136926E-3
447	2,4404990593E2	2,5708730672E-2	9,0888989236E-3
448	2,443447388E2	2,580753967E-2	9,1243740197E-3
449	2,4462218647E2	2,582466853E-2	9,1308121524E-3
450	2,4492035735E2	2,5849444209E-2	9,1491201399E-3
451	2,4521322451E2	2,5882264325E-2	9,167348018E-3
452	2,4551814881E2	2,594523083E-2	9,2076579212E-3
453	2,4583939599E2	2,6034709893E-2	9,2561747222E-3
454	2,4623976894E2	2,6079294809E-2	9,2875089601E-3
455	2,4653503482E2	2,6112066858E-2	9,304122829E-3
456	2,4678736111E2	2,6153491519E-2	9,3333249851E-3
457	2,4709840386E2	2,6162265262E-2	9,3415017705E-3
458	2,4732469936E2	2,6189801711E-2	9,3606094893E-3
459	2,4766467351E2	2,6251498795E-2	9,40209058E-3
460	2,4790375055E2	2,6284663816E-2	9,4240471761E-3
461	2,4817851622E2	2,632678825E-2	9,4444478491E-3
462	2,4838271785E2	2,6341219249E-2	9,450812666E-3
463	2,486614584E2	2,6423460108E-2	9,4914451882E-3
464	2,4899709883E2	2,6434074828E-2	9,4975528524E-3
465	2,4938194258E2	2,6476089122E-2	9,5239349553E-3
466	2,4965564726E2	2,650831489E-2	9,5403766203E-3
467	2,4999083796E2	2,6571310796E-2	9,5682195384E-3
468	2,5031255064E2	2,6606687111E-2	9,5855075211E-3
469	2,5061956867E2	2,6656875384E-2	9,6140698754E-3
470	2,5102211078E2	2,669823498E-2	9,6184208164E-3
471	2,5126216668E2	2,6760418651E-2	9,6407450603E-3
472	2,5157691298E2	2,6791387765E-2	9,6578650757E-3
473	2,5185528309E2	2,6841726472E-2	9,6829497806E-3
474	2,5214301053E2	2,6884133167E-2	9,692604864E-3
475	2,525015067E2	2,6894756669E-2	9,7038555028E-3
476	2,5277664511E2	2,6916526752E-2	9,7117455174E-3
477	2,5305559074E2	2,7012726975E-2	9,7470240889E-3
478	2,5328342189E2	2,703993394E-2	9,7584939916E-3
479	2,5356432373E2	2,7069764147E-2	9,7746053005E-3
480	2,5390405776E2	2,711448478E-2	9,7972973822E-3
481	2,5422325973E2	2,7175537984E-2	9,8240822804E-3
482	2,5456447659E2	2,720918084E-2	9,8444180758E-3
483	2,5484268438E2	2,7211534836E-2	9,846275108E-3
484	2,5514451561E2	2,7286217783E-2	9,8853452121E-3
485	2,554429304E2	2,7288549266E-2	9,8874587426E-3
486	2,5577877434E2	2,7331816591E-2	9,9125463896E-3
487	2,5609088243E2	2,7345330311E-2	9,9185618491E-3
488	2,5640890108E2	2,7433028299E-2	9,9647009918E-3
489	2,5674500701E2	2,7491850627E-2	9,994299152E-3
490	2,5711607371E2	2,7536821542E-2	1,0023862778E-2
491	2,5743460159E2	2,7548850086E-2	1,0028649091E-2
492	2,5775556483E2	2,7613014457E-2	1,0051744139E-2
493	2,580773726E2	2,7681548253E-2	1,008714853E-2
494	2,5838653141E2	2,773972043E-2	1,0122176701E-2
495	2,5864878069E2	2,7743826639E-2	1,0123581665E-2
496	2,589974194E2	2,7793663377E-2	1,015179514E-2
497	2,5927091696E2	2,7868592452E-2	1,0192754102E-2
498	2,5966950092E2	2,7926117222E-2	1,0223329757E-2
499	2,5995326159E2	2,7966881579E-2	1,0242781311E-2
500	2,6031316297E2	2,8065738654E-2	1,0298278225E-2
501	2,6054710264E2	2,8188186674E-2	1,0356657494E-2
502	2,6088867734E2	2,822437249E-2	1,0380708892E-2
503	2,6121711744E2	2,8309582971E-2	1,0417841691E-2
504	2,6151183157E2	2,8357761004E-2	1,0440542168E-2
505	2,618313907E2	2,8404329533E-2	1,0462389252E-2
506	2,6214506753E2	2,8511190421E-2	1,0498061078E-2
507	2,6242575604E2	2,8535157964E-2	1,0506974578E-2
508	2,6269030625E2	2,8565329354E-2	1,0517853685E-2
509	2,630855789E2	2,8629050671E-2	1,0550663814E-2
510	2,6339544178E2	2,8733862309E-2	1,0597685693E-2
511	2,6371018293E2	2,8842571379E-2	1,0656883486E-2
512	2,640105022E2	2,8869897348E-2	1,0667800261E-2
513	2,6433792013E2	2,898736686E-2	1,0725062954E-2
514	2,6462393004E2	2,9008898955E-2	1,0737024055E-2
515	2,6488663636E2	2,9023196241E-2	1,0753599293E-2
516	2,6522739834E2	2,9102015226E-2	1,0798757803E-2
517	2,6558277097E2	2,9170333282E-2	1,0826150811E-2
518	2,6586054025E2	2,9246844237E-2	1,0866862585E-2
519	2,6614059619E2	2,9414967402E-2	1,0942056631E-2
520	2,6644809308E2	2,9470562749E-2	1,0976911498E-2
521	2,6666565936E2	2,9517827054E-2	1,1003341251E-2
522	2,6703113431E2	2,9557441083E-2	1,1025851406E-2
523	2,6730570942E2	2,9570162414E-2	1,1039738156E-2
524	2,6758433068E2	2,9656537102E-2	1,1080420756E-2
525	2,679632368E2	2,9721983416E-2	1,1116644901E-2
526	2,6826851749E2	2,9741301863E-2	1,1134501875E-2
527	2,6861030456E2	2,9894428081E-2	1,1210746025E-2
528	2,6887294911E2	3,0070137384E-2	1,1273710838E-2
529	2,6917595398E2	3,0100937472E-2	1,1291386521E-2
530	2,6942521713E2	3,0216875405E-2	1,1338433928E-2
531	2,697584612E2	3,0269283152E-2	1,136100973E-2
532	2,7007005556E2	3,031938567E-2	1,1390380532E-2
533	2,70407866E2	3,0352032358E-2	1,1402801234E-2
534	2,7077102E2	3,0439682805E-2	1,1438536972E-2
535	2,7107169287E2	3,0619864605E-2	1,1484446453E-2
536	2,7134845736E2	3,070028482E-2	1,1515941842E-2
537	2,7170975973E2	3,0699996521E-2	1,1515836221E-2
538	2,7203134927E2	3,0814430167E-2	1,1568494325E-2
539	2,7230392339E2	3,0816107987E-2	1,1570302582E-2
540	2,726987783E2	3,089967511E-2	1,1615513649E-2
541	2,7299645962E2	3,0972396639E-2	1,1646325613E-2
542	2,7336607615E2	3,1030387679E-2	1,1675417226E-2
543	2,7373090261E2	3,1066646655E-2	1,1693804354E-2
544	2,7402630717E2	3,116049424E-2	1,1739115258E-2
545	2,7430229081E2	3,1243069682E-2	1,1775818937E-2
546	2,7462214408E2	3,1311746366E-2	1,1813929645E-2
547	2,7505538303E2	3,1425782594E-2	1,181567288E-2
548	2,7535402988E2	3,1486778972E-2	1,1849500192E-2
549	2,7571699455E2	3,1596602997E-2	1,1905051083E-2
550	2,7610359261E2	3,1703245257E-2	1,1952949445E-2
551	2,7643294433E2	3,1811721216E-2	1,1996931024E-2
552	2,7674544315E2	3,1945351156E-2	1,2056365805E-2
553	2,7714203367E2	3,1978120918E-2	1,2074683714E-2
554	2,7740469669E2	3,2106649655E-2	1,2144576552E-2
555	2,7769477789E2	3,2270720108E-2	1,2210083908E-2
556	2,7802889701E2	3,2406186158E-2	1,2275124756E-2
557	2,7837002715E2	3,2519658789E-2	1,2342427959E-2
558	2,7863184733E2	3,2618495728E-2	1,2388474303E-2
559	2,7894791784E2	3,2672757595E-2	1,2408586036E-2
560	2,7928058392E2	3,2748864877E-2	1,2453081751E-2
561	2,7968874323E2	3,293016658E-2	1,2528421869E-2
562	2,8001338334E2	3,2974417288E-2	1,25549156E-2
563	2,8038315525E2	3,3132724919E-2	1,2626082155E-2
564	2,8068642156E2	3,3223268714E-2	1,2662120951E-2
565	2,8097301101E2	3,335770898E-2	1,2725720863E-2
566	2,8131851776E2	3,352743896E-2	1,2802709824E-2
567	2,8167520007E2	3,361783268E-2	1,2847017551E-2
568	2,8200538269E2	3,3730929016E-2	1,2879976519E-2
569	2,8231059983E2	3,3797297103E-2	1,2908274225E-2
570	2,8264745327E2	3,3833333171E-2	1,2921881256E-2
571	2,8296194827E2	3,4084370314E-2	1,3027261682E-2
572	2,8329564845E2	3,4184479573E-2	1,3066786364E-2
573	2,8362831734E2	3,4239988536E-2	1,3095583674E-2
574	2,8393189816E2	3,4256484095E-2	1,3105706121E-2
575	2,8429627603E2	3,4358342669E-2	1,3152826089E-2
576	2,8467103654E2	3,4482118594E-2	1,3212755946E-2
577	2,8494862443E2	3,4780826843E-2	1,3332340022E-2
578	2,8518958754E2	3,4902658792E-2	1,3382453643E-2
579	2,8549188185E2	3,499856243E-2	1,3435874492E-2
580	2,8579940772E2	3,5207408362E-2	1,3524734149E-2
581	2,8610863763E2	3,5279374243E-2	1,3556483759E-2
582	2,8646554787E2	3,542580902E-2	1,361454784E-2
583	2,8680424532E2	3,5510259346E-2	1,3648373985E-2
584	2,8716984451E2	3,5600202572E-2	1,3701924346E-2
585	2,8746847074E2	3,5827405205E-2	1,3794460754E-2
586	2,8775366436E2	3,5996310739E-2	1,386500103E-2
587	2,8807916248E2	3,6090656647E-2	1,3918277405E-2
588	2,8839400112E2	3,6243533194E-2	1,398433474E-2
589	2,8876990235E2	3,638806933E-2	1,4037075448E-2
590	2,8908918682E2	3,6529492836E-2	1,4085606693E-2
591	2,8947159735E2	3,6687952352E-2	1,4156456542E-2
592	2,8980767218E2	3,6754675196E-2	1,4180908181E-2
593	2,9017225057E2	3,6828173627E-2	1,4189612911E-2
594	2,9055900894E2	3,7054312321E-2	1,4290156929E-2
595	2,9100025044E2	3,7395156851E-2	1,4375860061E-2
596	2,9129832206E2	3,7453592432E-2	1,44148572E-2
597	2,9165412114E2	3,756065387E-2	1,4474700113E-2
598	2,9198779861E2	3,7738732695E-2	1,4547130035E-2
599	2,9231126497E2	3,7790454036E-2	1,4573066034E-2
600	2,9273190136E2	3,8031359662E-2	1,4662642916E-2
601	2,9309893466E2	3,8047070143E-2	1,4668334833E-2
602	2,9340474485E2	3,8263365895E-2	1,4755025626E-2
603	2,938136802E2	3,8506904071E-2	1,4862916476E-2
604	2,9411842644E2	3,8729975545E-2	1,4956257752E-2
605	2,9442974275E2	3,8729588246E-2	1,4956109599E-2
606	2,9479334836E2	3,8864922326E-2	1,5025225588E-2
607	2,9505634533E2	3,9020137662E-2	1,5085399448E-2
608	2,954363795E2	3,9287412005E-2	1,5201924483E-2
609	2,9579830881E2	3,9370281373E-2	1,5253100268E-2
610	2,9617630767E2	3,9612916392E-2	1,5349619419E-2
611	2,964835109E2	3,9842839889E-2	1,5435096909E-2
612	2,9680170988E2	3,9859753774E-2	1,5443301012E-2
613	2,971766825E2	4,0044993591E-2	1,5504734612E-2
614	2,9757666329E2	4,0246067047E-2	1,5592729158E-2
615	2,9796489366E2	4,0583281645E-2	1,5738119256E-2
616	2,9822679593E2	4,0758066009E-2	1,5804212767E-2
617	2,9855711513E2	4,1047620307E-2	1,5911414196E-2
618	2,9891785219E2	4,1189393424E-2	1,5984051664E-2
619	2,9931517306E2	4,1268768159E-2	1,6012779781E-2
620	2,9970732383E2	4,1488791617E-2	1,6101056716E-2
621	3,0009803554E2	4,168818848E-2	1,6178870117E-2
622	3,0048201612E2	4,1714732607E-2	1,6193592042E-2
623	3,0087449444E2	4,2068079303E-2	1,6339549693E-2
624	3,0117667146E2	4,2324489719E-2	1,6450529013E-2
625	3,014317532E2	4,2607546274E-2	1,655850853E-2
626	3,0186325694E2	4,2737934063E-2	1,6630649576E-2
627	3,0217201424E2	4,2800581774E-2	1,6674974472E-2
628	3,0257981126E2	4,312385995E-2	1,6779531434E-2
629	3,0295908914E2	4,3450582022E-2	1,6856493052E-2
630	3,0335547675E2	4,3482125366E-2	1,687054255E-2
631	3,0371904051E2	4,3914669056E-2	1,7043710313E-2
632	3,0413076061E2	4,4125478007E-2	1,7137028391E-2
633	3,0448576421E2	4,4416157981E-2	1,7256956111E-2
634	3,0489891321E2	4,4726155623E-2	1,7361280955E-2
635	3,0526941164E2	4,4936373929E-2	1,7453799217E-2
636	3,0568295477E2	4,5132499724E-2	1,7530062677E-2
637	3,061639912E2	4,5591610069E-2	1,7716582387E-2
638	3,0649483275E2	4,5980879239E-2	1,7866071058E-2
639	3,0683532272E2	4,6063535261E-2	1,7910373818E-2
640	3,0720735312E2	4,6364876692E-2	1,8095852125E-2
641	3,0754223456E2	4,653505632E-2	1,8157110222E-2
642	3,0789010106E2	4,6904732335E-2	1,8293435815E-2
643	3,0827161139E2	4,7172433865E-2	1,8441614523E-2
644	3,0860186094E2	4,7596869629E-2	1,8685563165E-2
645	3,0895077974E2	4,765471508E-2	1,8716290211E-2
646	3,0930017838E2	4,7950835097E-2	1,8826456094E-2
647	3,0976711981E2	4,8071456892E-2	1,8889425619E-2
648	3,1020036728E2	4,8196046556E-2	1,8930778198E-2
649	3,1061747138E2	4,8647472049E-2	1,9096325734E-2
650	3,1096261865E2	4,9019784631E-2	1,9215979064E-2
651	3,1130608198E2	4,9540629984E-2	1,9396879422E-2
652	3,1165826163E2	4,9966645016E-2	1,9554800857E-2
653	3,1199570175E2	5,0423573734E-2	1,9725278049E-2
654	3,1242702366E2	5,0674302028E-2	1,9839110895E-2
655	3,128027832E2	5,077355063E-2	1,9868557437E-2
656	3,1321486583E2	5,1182192985E-2	2,0032040519E-2
657	3,1359671387E2	5,1565392167E-2	2,0173830482E-2
658	3,1399747215E2	5,1689039767E-2	2,0231236433E-2
659	3,143086062E2	5,188330035E-2	2,0315006046E-2
660	3,1462728328E2	5,2483219188E-2	2,0528927945E-2
661	3,150160221E2	5,2854659947E-2	2,0666110793E-2
662	3,1540526116E2	5,338409941E-2	2,091668413E-2
663	3,1577627924E2	5,3707781144E-2	2,1053962927E-2
664	3,161457219E2	5,3720177485E-2	2,1062118062E-2
665	3,1655026056E2	5,4001170278E-2	2,1177206392E-2
666	3,1690822778E2	5,4268298202E-2	2,1280834861E-2
667	3,172388169E2	5,4483814839E-2	2,1359335312E-2
668	3,1762442943E2	5,4735544566E-2	2,1453265233E-2
669	3,1801789772E2	5,4915040643E-2	2,1553594966E-2
670	3,1838516206E2	5,5426748777E-2	2,1771552062E-2
671	3,1876365865E2	5,5900685829E-2	2,196941957E-2
672	3,1922149943E2	5,613602379E-2	2,2043982794E-2
673	3,1970514736E2	5,6889497904E-2	2,2319550586E-2
674	3,201267402E2	5,7186543822E-2	2,2436611602E-2
675	3,2060548964E2	5,7541737603E-2	2,2590824081E-2
676	3,2091544878E2	5,8056223152E-2	2,2766834349E-2
677	3,2127375614E2	5,8497689668E-2	2,2928212797E-2
678	3,2162388393E2	5,8928869956E-2	2,3090995083E-2
679	3,2203729936E2	5,9465097388E-2	2,3269738737E-2
680	3,2243935863E2	5,9776081909E-2	2,3369179587E-2
681	3,227714762E2	6,0456369246E-2	2,3593136369E-2
682	3,2318662315E2	6,0621855574E-2	2,367572105E-2
683	3,2358548526E2	6,1231410148E-2	2,3878476572E-2
684	3,2395895854E2	6,1490016976E-2	2,396312004E-2
685	3,2436460611E2	6,1897604225E-2	2,4108831325E-2
686	3,2480820985E2	6,201862799E-2	2,4156828472E-2
687	3,251963422E2	6,2330900396E-2	2,4276224006E-2
688	3,2563559668E2	6,3168861672E-2	2,4574949883E-2
689	3,2594928988E2	6,3282991522E-2	2,4619924486E-2
690	3,2633238617E2	6,3472559372E-2	2,4691986333E-2
691	3,2670981958E2	6,351031292E-2	2,4691741989E-2
692	3,2713525037E2	6,425719037E-2	2,4939429919E-2
693	3,2749415728E2	6,4697627935E-2	2,5073632403E-2
694	3,2790078189E2	6,531287384E-2	2,5259112673E-2
695	3,2819629052E2	6,560029191E-2	2,5341520783E-2
696	3,2852439954E2	6,6201600748E-2	2,5528130852E-2
697	3,2884622728E2	6,7027745146E-2	2,5834380576E-2
698	3,2931992901E2	6,702721987E-2	2,5834138703E-2
699	3,2965861155E2	6,8030464779E-2	2,6154927861E-2
700	3,3014804808E2	6,8833646138E-2	2,6435434989E-2
701	3,3051567036E2	6,9456631924E-2	2,6639675314E-2
702	3,3095235438E2	6,9834315913E-2	2,6812983804E-2
703	3,314266556E2	7,0330402345E-2	2,7048005138E-2
704	3,3177133384E2	7,090593999E-2	2,72368334E-2
705	3,3218145578E2	7,1298054076E-2	2,7433606573E-2
706	3,3265394522E2	7,1848212366E-2	2,7652087132E-2
707	3,3309161899E2	7,1968489063E-2	2,7708086464E-2
708	3,3353489662E2	7,2512065387E-2	2,7922008389E-2
709	3,3396572771E2	7,2781730058E-2	2,8002565994E-2
710	3,3433022536E2	7,3454443233E-2	2,8217843515E-2
711	3,3465399806E2	7,3811600952E-2	2,8375572462E-2
712	3,3505265803E2	7,419197494E-2	2,8491302726E-2
713	3,3547315843E2	7,501223537E-2	2,873982402E-2
714	3,3582258156E2	7,5750489695E-2	2,9032380859E-2
715	3,3621578484E2	7,6408231035E-2	2,929904094E-2
716	3,3658561507E2	7,7302473007E-2	2,9569931982E-2
717	3,3697587566E2	7,8147573981E-2	2,9787375537E-2
718	3,3742189236E2	7,8612899577E-2	2,9947379506E-2
719	3,3786018513E2	7,8973043264E-2	3,0110363864E-2
720	3,3838561406E2	7,9911776876E-2	3,0433898037E-2
721	3,3873402036E2	8,0299239838E-2	3,059443838E-2
722	3,3920245205E2	8,0832127584E-2	3,0805858098E-2
723	3,3961943836E2	8,1391148448E-2	3,1040671886E-2
724	3,3996512054E2	8,2027894842E-2	3,1278038488E-2
725	3,4041558887E2	8,2525384146E-2	3,1493521824E-2
726	3,4081419872E2	8,3155631899E-2	3,1730340906E-2
727	3,4123243566E2	8,3760248701E-2	3,1950581208E-2
728	3,416619025E2	8,473882857E-2	3,2315338954E-2
729	3,4206478328E2	8,5787234559E-2	3,2718308655E-2
730	3,4253473489E2	8,6316482047E-2	3,2983012075E-2
731	3,4294472595E2	8,6777224897E-2	3,3150124699E-2
732	3,4332484276E2	8,7042268819E-2	3,3235994517E-2
733	3,4382302872E2	8,7399200963E-2	3,3355128826E-2
734	3,441998408E2	8,825516544E-2	3,3628511984E-2
735	3,4455162506E2	8,9302713619E-2	3,4023832088E-2
736	3,4496794218E2	8,9836665223E-2	3,4206655878E-2
737	3,4531701874E2	9,0835701145E-2	3,450366929E-2
738	3,4579206686E2	9,2276318004E-2	3,4937353868E-2
739	3,4622453158E2	9,3417452476E-2	3,5317774095E-2
740	3,4659018819E2	9,478545078E-2	3,5779898888E-2
741	3,4707212128E2	9,5611043397E-2	3,6093679563E-2
742	3,4738379469E2	9,6480877344E-2	3,6454450878E-2
743	3,4785926062E2	9,8335683071E-2	3,7035310839E-2
744	3,4828574737E2	9,8624305919E-2	3,7090585348E-2
745	3,4868431644E2	9,926620144E-2	3,7327909131E-2
746	3,4913195026E2	1,0017604796E-1	3,7639758129E-2
747	3,4956532366E2	1,0097583666E-1	3,7869679207E-2
748	3,5003410139E2	1,0220728707E-1	3,8265907254E-2
749	3,5039210271E2	1,0413933672E-1	3,8907253785E-2
750	3,5095149743E2	1,053067529E-1	3,9232309079E-2
751	3,5143361097E2	1,0584431524E-1	3,9375139034E-2
752	3,5184596387E2	1,0795009832E-1	3,9993512188E-2
753	3,5223651574E2	1,087637686E-1	4,0290367135E-2
754	3,5265897997E2	1,0984437496E-1	4,0624991743E-2
755	3,5316194202E2	1,1079264625E-1	4,0928489803E-2
756	3,5363355099E2	1,1141930095E-1	4,1232925596E-2
757	3,541031644E2	1,1242421863E-1	4,1598332355E-2
758	3,5455905013E2	1,131995367E-1	4,1854684025E-2
759	3,5493332126E2	1,1497186662E-1	4,2683880917E-2
760	3,5533967595E2	1,1623714111E-1	4,3404001757E-2
761	3,5578132838E2	1,1783930747E-1	4,424682574E-2
762	3,5625144311E2	1,1981953932E-1	4,4909816693E-2
763	3,5665097015E2	1,2059391854E-1	4,5132638983E-2
764	3,5710968402E2	1,2065377182E-1	4,5178245669E-2
765	3,575479995E2	1,2081516783E-1	4,5251110531E-2
766	3,5794778722E2	1,2135641911E-1	4,5423916486E-2
767	3,5844846604E2	1,2223273219E-1	4,5758848889E-2
768	3,5895496386E2	1,2249979346E-1	4,5874220805E-2
769	3,5937947259E2	1,236203609E-1	4,621770041E-2
770	3,5984357769E2	1,2458552917E-1	4,6510685907E-2
771	3,6028717344E2	1,2668486071E-1	4,7169189882E-2
772	3,6068265064E2	1,2798044022E-1	4,7521255909E-2
773	3,610716792E2	1,2938795372E-1	4,7891006362E-2
774	3,6145764203E2	1,3072941944E-1	4,8423977278E-2
775	3,6178554177E2	1,3230152211E-1	4,8942106723E-2
776	3,6196673999E2	1,3272168027E-1	4,9082497041E-2
777	3,6218735394E2	1,3362839051E-1	4,9400552814E-2
778	3,6225573955E2	1,3503136955E-1	4,9816901136E-2
779	3,6231263379E2	1,3524683762E-1	4,9912662587E-2
780	3,6237995009E2	1,3665556371E-1	5,02529817E-2
781	3,6246234221E2	1,3755073165E-1	5,0578221725E-2
782	3,6255126715E2	1,3796499287E-1	5,0738741412E-2
783	3,6262515507E2	1,3861901061E-1	5,0914631616E-2
784	3,6269503978E2	1,3961389546E-1	5,1169013257E-2
785	3,6276890005E2	1,3992634638E-1	5,1259629276E-2
786	3,6283215411E2	1,4204059653E-1	5,1799216395E-2
787	3,6291480416E2	1,4340332056E-1	5,211085444E-2
788	3,6298248281E2	1,4518043425E-1	5,2608182518E-2
789	3,6305275126E2	1,4646505968E-1	5,2983616241E-2
790	3,6314324018E2	1,4760618709E-1	5,35164271E-2
791	3,6323485627E2	1,481779528E-1	5,3712763147E-2
792	3,6331445609E2	1,4903748694E-1	5,3954675411E-2
793	3,6340025229E2	1,5092672225E-1	5,4440708132E-2
794	3,63461497E2	1,5135552852E-1	5,4590732564E-2
795	3,6351841228E2	1,534668854E-1	5,5039645533E-2
796	3,6358890399E2	1,5451548205E-1	5,5341281858E-2
797	3,6365840965E2	1,5535367823E-1	5,5578117401E-2
798	3,6372049604E2	1,5585579447E-1	5,5762212693E-2
799	3,6379373335E2	1,5668866937E-1	5,5984857234E-2
800	3,6386328932E2	1,5792139612E-1	5,6321385363E-2
801	3,6392260996E2	1,5882024331E-1	5,6570690656E-2
802	3,639876354E2	1,6037195087E-1	5,6894388784E-2
803	3,6405379187E2	1,6139664971E-1	5,7151468247E-2
804	3,6413800365E2	1,627659139E-1	5,7563191792E-2
805	3,6421032482E2	1,642165314E-1	5,7896970802E-2
806	3,642917483E2	1,661523441E-1	5,8361383164E-2
807	3,643619698E2	1,6795167856E-1	5,8855216044E-2
808	3,6444224346E2	1,6989203062E-1	5,9341746688E-2
809	3,6451805021E2	1,7179651127E-1	5,9792505718E-2
810	3,6458454247E2	1,7327408451E-1	6,0183441718E-2
811	3,6465141992E2	1,7436414874E-1	6,0460784175E-2
812	3,6472658517E2	1,7646058806E-1	6,0978087192E-2
813	3,6479214165E2	1,7846750895E-1	6,144963516E-2
814	3,6485796352E2	1,7999756231E-1	6,1807778269E-2
815	3,6492828692E2	1,8068852052E-1	6,2034959379E-2
816	3,6499263584E2	1,8131623547E-1	6,2175564359E-2
817	3,6506963624E2	1,8300521619E-1	6,2534426961E-2
818	3,6514767894E2	1,8314566816E-1	6,2581706621E-2
819	3,6522293568E2	1,8395199493E-1	6,2846277622E-2
820	3,6530264154E2	1,8567168438E-1	6,3254112364E-2
821	3,6537053128E2	1,8736938298E-1	6,3659296126E-2
822	3,6544964261E2	1,8886592612E-1	6,4024427098E-2
823	3,6552802773E2	1,8955122862E-1	6,4185141153E-2
824	3,6559870985E2	1,901151675E-1	6,4315823669E-2
825	3,6565247488E2	1,9289767427E-1	6,500250612E-2
826	3,6572889107E2	1,9393097567E-1	6,5246141743E-2
827	3,6581723184E2	1,9584536968E-1	6,5682019713E-2
828	3,6590641747E2	1,9909319421E-1	6,6349027184E-2
829	3,6599103989E2	2,006902305E-1	6,6746499688E-2
830	3,6606657089E2	2,0223375763E-1	6,7113904852E-2
831	3,6614133375E2	2,0430068968E-1	6,7622274814E-2
832	3,6620989931E2	2,0545868877E-1	6,7847977265E-2
833	3,6628278496E2	2,0729461517E-1	6,8309997443E-2
834	3,6634876581E2	2,0873667181E-1	6,8640005395E-2
835	3,664324668E2	2,1123124887E-1	6,9178376992E-2
836	3,6650444593E2	2,1469995261E-1	6,9877680225E-2
837	3,6659254098E2	2,165856452E-1	7,0357769954E-2
838	3,6666118814E2	2,1819011505E-1	7,0756237616E-2
839	3,6673300511E2	2,202489111E-1	7,1415075771E-2
840	3,6680587572E2	2,2140873894E-1	7,1726738483E-2
841	3,6687565084E2	2,2329683381E-1	7,2148115581E-2
842	3,6694885787E2	2,2415535113E-1	7,2313102809E-2
843	3,6702822873E2	2,2720420819E-1	7,3082960413E-2
844	3,6712218798E2	2,2985193314E-1	7,372755858E-2
845	3,6719088518E2	2,3302743703E-1	7,4416705786E-2
846	3,6727169313E2	2,3492743275E-1	7,4821050566E-2
847	3,6734182697E2	2,3653577616E-1	7,5178961834E-2
848	3,6740499384E2	2,3932774562E-1	7,5762707963E-2
849	3,6748997199E2	2,4013183427E-1	7,5977297458E-2
850	3,6757471263E2	2,4286501416E-1	7,6525909404E-2
851	3,6765491869E2	2,4345785363E-1	7,6667613723E-2
852	3,6771376218E2	2,4766004716E-1	7,7585886962E-2
853	3,6779146045E2	2,4996424519E-1	7,8113066374E-2
854	3,6786859466E2	2,525199624E-1	7,8597700794E-2
855	3,6795026657E2	2,5637327869E-1	7,9371318669E-2
856	3,6804051112E2	2,5939140571E-1	8,0089096132E-2
857	3,6810918E2	2,6230050519E-1	8,0693004832E-2
858	3,6818906596E2	2,6444361975E-1	8,1092765343E-2
859	3,682682046E2	2,6780673217E-1	8,1825364908E-2
860	3,6834341829E2	2,712076887E-1	8,2448331505E-2
861	3,6842591927E2	2,734493777E-1	8,29795545E-2
862	3,684793343E2	2,7574531524E-1	8,3448871214E-2
863	3,6854433922E2	2,7836056527E-1	8,3963807274E-2
864	3,6862215537E2	2,8078969538E-1	8,445105409E-2
865	3,6869079925E2	2,8632514662E-1	8,5493179425E-2
866	3,6874569951E2	2,8910204842E-1	8,6070401659E-2
867	3,6881159121E2	2,9296207919E-1	8,6818471197E-2
868	3,6888729475E2	2,9786068063E-1	8,7829511388E-2
869	3,6895493901E2	3,0130978902E-1	8,8487051582E-2
870	3,6903120392E2	3,0397239382E-1	8,902251285E-2
871	3,6909741756E2	3,0581012078E-1	8,9414626742E-2
872	3,6917089688E2	3,086881245E-1	8,9959307442E-2
873	3,6924352059E2	3,1159385203E-1	9,0588174113E-2
874	3,6931988336E2	3,1704055693E-1	9,1576485602E-2
875	3,6940028324E2	3,1925368529E-1	9,2034794636E-2
876	3,6946023294E2	3,2203257937E-1	9,2608348026E-2
877	3,695287877E2	3,2457168216E-1	9,3105649008E-2
878	3,6958894506E2	3,2882524023E-1	9,4072194832E-2
879	3,6966883526E2	3,3587542974E-1	9,5321795403E-2
880	3,6975076979E2	3,376914765E-1	9,5663751024E-2
881	3,6981963374E2	3,4026881337E-1	9,6134809832E-2
882	3,6989490543E2	3,4774502499E-1	9,7529488992E-2
883	3,699631746E2	3,4966831076E-1	9,7961098759E-2
884	3,7003639351E2	3,5251698704E-1	9,8549786266E-2
885	3,7010074061E2	3,566744964E-1	9,9381164732E-2
886	3,7018726744E2	3,6185521647E-1	1,0026917957E-1
887	3,7025758833E2	3,6243053551E-1	1,0035502621E-1
888	3,7034251574E2	3,65635878E-1	1,0100657805E-1
889	3,704328824E2	3,6798646038E-1	1,0141956047E-1
890	3,7050140155E2	3,6927946136E-1	1,016301204E-1
891	3,705886888E2	3,7370557635E-1	1,024889381E-1
892	3,7065020266E2	3,782489235E-1	1,0324751273E-1
893	3,7071313529E2	3,8093774024E-1	1,0378309017E-1
894	3,7078880503E2	3,8339697887E-1	1,0421720696E-1
895	3,7087104222E2	3,8750260179E-1	1,0494785541E-1
896	3,7095590191E2	3,8809229349E-1	1,0509942203E-1
897	3,7102743198E2	3,9494422508E-1	1,0637133314E-1
898	3,7108450148E2	4,0012890593E-1	1,0736922355E-1
899	3,7114662804E2	4,0324201535E-1	1,080166042E-1
900	3,7122949999E2	4,0789083653E-1	1,0886461198E-1
901	3,7128174807E2	4,099062815E-1	1,0923276194E-1
902	3,7135270872E2	4,1211484521E-1	1,0956072544E-1
903	3,7143572528E2	4,1668179486E-1	1,1054482228E-1
904	3,7152007608E2	4,2036075824E-1	1,1126172652E-1
905	3,7159062066E2	4,2387002665E-1	1,1188892176E-1
906	3,7166389759E2	4,2517868896E-1	1,1218951582E-1
907	3,7172870589E2	4,2846022724E-1	1,1287238468E-1
908	3,7180169151E2	4,3107573493E-1	1,134324449E-1
909	3,7188256689E2	4,3653596427E-1	1,1454668041E-1
910	3,7194990932E2	4,3889716033E-1	1,1510244679E-1
911	3,7201698072E2	4,3970906643E-1	1,1535214316E-1
912	3,7210198978E2	4,4676270806E-1	1,1682874055E-1
913	3,7215475881E2	4,5297340857E-1	1,1811270765E-1
914	3,7223730164E2	4,6134403158E-1	1,196829499E-1
915	3,7231781932E2	4,6837139341E-1	1,2098675067E-1
916	3,7240408115E2	4,7329570039E-1	1,2184676854E-1
917	3,7247529904E2	4,7542811573E-1	1,2218969313E-1
918	3,7255177883E2	4,8289270946E-1	1,2363347963E-1
919	3,7263880859E2	4,8626418729E-1	1,2430685394E-1
920	3,7271238424E2	4,9004777438E-1	1,2505231926E-1
921	3,7280130366E2	4,9257076357E-1	1,2568423095E-1
922	3,7287231571E2	4,9745464812E-1	1,2663747471E-1
923	3,7294644855E2	5,025012025E-1	1,276319424E-1
924	3,7303489898E2	5,0688077057E-1	1,2833301922E-1
925	3,7311439242E2	5,1342626155E-1	1,2940128792E-1
926	3,732066805E2	5,1691303487E-1	1,3011058947E-1
927	3,7327153367E2	5,2239350471E-1	1,3117054327E-1
928	3,7334363103E2	5,2866165515E-1	1,3250511901E-1
929	3,7342845123E2	5,3427247997E-1	1,337210877E-1
930	3,735093E2	5,4059275834E-1	1,3508400288E-1
931	3,7358966255E2	5,473587965E-1	1,3648420322E-1
932	3,7367945433E2	5,4958843043E-1	1,3692911444E-1
933	3,737732783E2	5,5271397596E-1	1,3746738067E-1
934	3,7385025969E2	5,5674401701E-1	1,3822276706E-1
935	3,7393476027E2	5,5885429018E-1	1,3853123192E-1
936	3,7400997752E2	5,6406506883E-1	1,3949979965E-1
937	3,7409860463E2	5,6990271833E-1	1,4052644445E-1
938	3,7416540307E2	5,7635621013E-1	1,4174738579E-1
939	3,7423237684E2	5,7909641639E-1	1,4229729555E-1
940	3,7429600777E2	5,8366123303E-1	1,4326798052E-1
941	3,7437966238E2	5,9119580247E-1	1,4468135824E-1
942	3,7444942561E2	5,9422740378E-1	1,452326636E-1
943	3,7453866674E2	5,9879710533E-1	1,4622561659E-1
944	3,7461395145E2	6,0157311448E-1	1,4666295309E-1
945	3,7470869271E2	6,0315568531E-1	1,4689989486E-1
946	3,7478226128E2	6,0780720509E-1	1,4785721703E-1
947	3,7484380894E2	6,150644022E-1	1,4917326633E-1
948	3,7492745462E2	6,2175172635E-1	1,5069124682E-1
949	3,7500114698E2	6,2561623558E-1	1,5149871629E-1
950	3,7506679234E2	6,333853166E-1	1,5316487273E-1
951	3,7514940875E2	6,384389904E-1	1,5432193714E-1
952	3,752240341E2	6,4237522674E-1	1,5505703478E-1
953	3,753047693E2	6,4484497863E-1	1,5568842409E-1
954	3,7537157807E2	6,5167894499E-1	1,5715162112E-1
955	3,7544772695E2	6,5890128789E-1	1,5854937776E-1
956	3,7552020637E2	6,6585251923E-1	1,5998495105E-1
957	3,7560091874E2	6,7141191069E-1	1,6114315117E-1
958	3,7568607319E2	6,7935734951E-1	1,6284254446E-1
959	3,7575707279E2	6,8406599479E-1	1,6400597666E-1
960	3,7581915144E2	6,863220598E-1	1,6462312915E-1
961	3,7589195277E2	6,9434030258E-1	1,6656273303E-1
962	3,7597608424E2	6,9539698154E-1	1,6670692522E-1
963	3,7604756189E2	7,0274252429E-1	1,6827456212E-1
964	3,7612708287E2	7,1018274489E-1	1,7002100168E-1
965	3,7619922254E2	7,184852772E-1	1,7162916271E-1
966	3,7626463008E2	7,2193733229E-1	1,7250851221E-1
967	3,7634542844E2	7,2745662073E-1	1,738726813E-1
968	3,7641269649E2	7,3459723747E-1	1,7537129892E-1
969	3,7649890144E2	7,4145450801E-1	1,7688969897E-1
970	3,7657314079E2	7,4582178293E-1	1,777460793E-1
971	3,7665231466E2	7,4812682807E-1	1,7817319845E-1
972	3,7673828586E2	7,5210398866E-1	1,7920150066E-1
973	3,7682658235E2	7,6159880725E-1	1,8152537658E-1
974	3,7689492765E2	7,6317970406E-1	1,8212208853E-1
975	3,7696151823E2	7,6801591866E-1	1,8338470257E-1
976	3,7703807585E2	7,7183040307E-1	1,8421397386E-1
977	3,7711991638E2	7,7759705194E-1	1,8550864967E-1
978	3,7719981879E2	7,8329706374E-1	1,8671234649E-1
979	3,7727974249E2	7,8910148424E-1	1,88591698E-1
980	3,7734777472E2	7,9516001775E-1	1,9002949208E-1
981	3,7742070446E2	8,0069357259E-1	1,9134408533E-1
982	3,7749957801E2	8,0911863968E-1	1,9347124029E-1
983	3,7757944086E2	8,1463324085E-1	1,9465375381E-1
984	3,7767409786E2	8,2495571182E-1	1,9702532411E-1
985	3,7774911145E2	8,2901592827E-1	1,9773000652E-1
986	3,7783707966E2	8,3709675877E-1	1,9932143565E-1
987	3,779028413E2	8,4185403352E-1	2,0028667553E-1
988	3,7797905886E2	8,4905020353E-1	2,0175266592E-1
989	3,7804714345E2	8,550602885E-1	2,0314307329E-1
990	3,7811340259E2	8,598278825E-1	2,0436218079E-1
991	3,7820248048E2	8,6407991109E-1	2,0516488954E-1
992	3,7827387414E2	8,723802037E-1	2,0741797966E-1
993	3,7834423586E2	8,7383550549E-1	2,0761343736E-1
994	3,784166201E2	8,826557589E-1	2,096476288E-1
995	3,7848218353E2	8,9308234339E-1	2,1215799476E-1
996	3,7854687129E2	9,0193022892E-1	2,1382333033E-1
997	3,7862858368E2	9,0434555949E-1	2,1430545946E-1
998	3,7871373304E2	9,1256716635E-1	2,1585915358E-1
999	3,787919524E2	9,1986756512E-1	2,1784787665E-1
1000	3,7887236251E2	9,2621242245E-1	2,1945213436E-1
