0 14 12 iAF1260.cmd 1E-8
0 14 12 iJN1463.cmd 1E-10
0 6 9 iAF1260.cmd 1E-8
0 6 9 iJN1463.cmd 1E-10
0 13 3 iAF1260.cmd 1E-8
0 13 3 iJN1463.cmd 1E-10
0 5 5 iAF1260.cmd 1E-8
0 5 5 iJN1463.cmd 1E-10
0 10 4 iAF1260.cmd 1E-8
0 10 4 iJN1463.cmd 1E-10
0 4 9 iAF1260.cmd 1E-8
0 4 9 iJN1463.cmd 1E-10
0 11 3 iAF1260.cmd 1E-8
0 11 3 iJN1463.cmd 1E-10
0 7 12 iAF1260.cmd 1E-8
0 7 12 iJN1463.cmd 1E-10
0 9 4 iAF1260.cmd 1E-8
0 9 4 iJN1463.cmd 1E-10
0 2 7 iAF1260.cmd 1E-8
0 2 7 iJN1463.cmd 1E-10
0 14 1 iAF1260.cmd 1E-8
0 14 1 iJN1463.cmd 1E-10
0 9 6 iAF1260.cmd 1E-8
0 9 6 iJN1463.cmd 1E-10
0 7 1 iAF1260.cmd 1E-8
0 7 1 iJN1463.cmd 1E-10
0 11 1 iAF1260.cmd 1E-8
0 11 1 iJN1463.cmd 1E-10
0 9 12 iAF1260.cmd 1E-8
0 9 12 iJN1463.cmd 1E-10
500 14 12 iAF1260.cmd 1,6979147108E-7
500 14 12 iJN1463.cmd 9,8567687326E-8
500 6 9 iAF1260.cmd 5,2706470153E-7
500 6 9 iJN1463.cmd 2,9216150332E-7
500 13 3 iAF1260.cmd 1,7836141324E-7
500 13 3 iJN1463.cmd 8,3626467509E-8
500 5 5 iAF1260.cmd 6,9662610757E-7
500 5 5 iJN1463.cmd 3,7829837382E-7
500 10 4 iAF1260.cmd 2,6469769596E-7
500 10 4 iJN1463.cmd 1,5700658187E-7
500 4 9 iAF1260.cmd 8,8585981731E-7
500 4 9 iJN1463.cmd 5,3412227448E-7
500 11 3 iAF1260.cmd 2,5991670495E-7
500 11 3 iJN1463.cmd 1,4595294319E-7
500 7 12 iAF1260.cmd 4,3539493433E-7
500 7 12 iJN1463.cmd 2,4906295432E-7
500 9 4 iAF1260.cmd 2,7529399979E-7
500 9 4 iJN1463.cmd 1,5909173957E-7
500 2 7 iAF1260.cmd 1,127074869E-6
500 2 7 iJN1463.cmd 6,6157354392E-7
500 14 1 iAF1260.cmd 1,7354873597E-7
500 14 1 iJN1463.cmd 8,659497316E-8
500 9 6 iAF1260.cmd 2,7147749193E-7
500 9 6 iJN1463.cmd 1,603384091E-7
500 7 1 iAF1260.cmd 2,8762707415E-7
500 7 1 iJN1463.cmd 1,476325799E-7
500 11 1 iAF1260.cmd 2,1734157161E-7
500 11 1 iJN1463.cmd 1,2258399327E-7
500 9 12 iAF1260.cmd 2,5936299306E-7
500 9 12 iJN1463.cmd 1,4453481472E-7
500 1 7 iAF1260.cmd 9,6015572534E-7
500 1 7 iJN1463.cmd 5,743192002E-7
500 2 6 iAF1260.cmd 1,048397412E-6
500 2 6 iJN1463.cmd 5,9748585169E-7
500 2 8 iAF1260.cmd 1,1329445333E-6
500 2 8 iJN1463.cmd 6,6487042797E-7
500 3 7 iAF1260.cmd 1,1089695512E-6
500 3 7 iJN1463.cmd 6,2841091169E-7
500 3 9 iAF1260.cmd 1,0293217218E-6
500 3 9 iJN1463.cmd 6,068399086E-7
500 4 5 iAF1260.cmd 8,0934129427E-7
500 4 5 iJN1463.cmd 4,3497689132E-7
500 4 8 iAF1260.cmd 8,8645757417E-7
500 4 8 iJN1463.cmd 5,1404752063E-7
500 5 4 iAF1260.cmd 6,8995414967E-7
500 5 4 iJN1463.cmd 3,6877830925E-7
500 5 6 iAF1260.cmd 6,5337407156E-7
500 5 6 iJN1463.cmd 3,4225606773E-7
500 5 9 iAF1260.cmd 6,6071440743E-7
500 5 9 iJN1463.cmd 3,8177841947E-7
500 6 1 iAF1260.cmd 3,2459367343E-7
500 6 1 iJN1463.cmd 1,6437475226E-7
500 6 5 iAF1260.cmd 5,8973526015E-7
500 6 5 iJN1463.cmd 3,1114637245E-7
500 6 8 iAF1260.cmd 5,0739875811E-7
500 6 8 iJN1463.cmd 2,6674717366E-7
500 6 10 iAF1260.cmd 4,8692809486E-7
500 6 10 iJN1463.cmd 2,5945481792E-7
500 6 12 iAF1260.cmd 4,7200304801E-7
500 6 12 iJN1463.cmd 2,6316284129E-7
500 7 0 iAF1260.cmd 3,0699434999E-7
500 7 0 iJN1463.cmd 1,56250159E-7
500 7 2 iAF1260.cmd 2,6457262824E-7
500 7 2 iJN1463.cmd 1,272872543E-7
500 7 9 iAF1260.cmd 4,3910036355E-7
500 7 9 iJN1463.cmd 2,2995378717E-7
500 7 11 iAF1260.cmd 4,1808039756E-7
500 7 11 iJN1463.cmd 2,2216081352E-7
500 7 13 iAF1260.cmd 3,801923788E-7
500 7 13 iJN1463.cmd 2,2004839915E-7
500 8 1 iAF1260.cmd 2,3446566766E-7
500 8 1 iJN1463.cmd 1,1323018102E-7
500 8 4 iAF1260.cmd 2,83386087E-7
500 8 4 iJN1463.cmd 1,4710248651E-7
500 8 6 iAF1260.cmd 3,0973749587E-7
500 8 6 iJN1463.cmd 1,6577829347E-7
500 8 12 iAF1260.cmd 3,7167381059E-7
500 8 12 iJN1463.cmd 2,1129946931E-7
500 9 3 iAF1260.cmd 2,4759799603E-7
500 9 3 iJN1463.cmd 1,3153552832E-7
500 9 5 iAF1260.cmd 2,7419803676E-7
500 9 5 iJN1463.cmd 1,6044270858E-7
500 9 11 iAF1260.cmd 2,3558488419E-7
500 9 11 iJN1463.cmd 1,204298833E-7
500 9 13 iAF1260.cmd 1,8524203932E-7
500 9 13 iJN1463.cmd 1,0068095376E-7
500 10 1 iAF1260.cmd 2,0018845768E-7
500 10 1 iJN1463.cmd 1,010147697E-7
500 10 3 iAF1260.cmd 2,5567995557E-7
500 10 3 iJN1463.cmd 1,4363781509E-7
500 10 5 iAF1260.cmd 2,3056606316E-7
500 10 5 iJN1463.cmd 1,3348963897E-7
500 10 6 iAF1260.cmd 1,8941444394E-7
500 10 6 iJN1463.cmd 1,056586606E-7
500 10 12 iAF1260.cmd 1,7656703874E-7
500 10 12 iJN1463.cmd 9,0728603181E-8
500 11 0 iAF1260.cmd 1,6994012341E-7
500 11 0 iJN1463.cmd 8,6610003814E-8
500 11 2 iAF1260.cmd 2,4735311237E-7
500 11 2 iJN1463.cmd 1,386506312E-7
500 11 4 iAF1260.cmd 2,4584835752E-7
500 11 4 iJN1463.cmd 1,4111944024E-7
500 12 3 iAF1260.cmd 2,4249956426E-7
500 12 3 iJN1463.cmd 1,2744656737E-7
500 13 1 iAF1260.cmd 1,6423420912E-7
500 13 1 iJN1463.cmd 7,5805006908E-8
500 13 2 iAF1260.cmd 1,7603542823E-7
500 13 2 iJN1463.cmd 8,0053817811E-8
500 13 4 iAF1260.cmd 1,1897621869E-7
500 13 4 iJN1463.cmd 4,8326218788E-8
500 13 12 iAF1260.cmd 1,5109829502E-7
500 13 12 iJN1463.cmd 8,0085839886E-8
500 14 0 iAF1260.cmd 1,5773188703E-7
500 14 0 iJN1463.cmd 7,4870545794E-8
500 14 2 iAF1260.cmd 1,7349177511E-7
500 14 2 iJN1463.cmd 8,0372529619E-8
500 14 3 iAF1260.cmd 1,5417200404E-7
500 14 3 iJN1463.cmd 6,687114508E-8
500 14 11 iAF1260.cmd 1,4203845712E-7
500 14 11 iJN1463.cmd 7,5032945464E-8
500 14 13 iAF1260.cmd 1,3577202856E-7
500 14 13 iJN1463.cmd 7,3052998621E-8
500 10 2 iAF1260.cmd 2,2792302988E-7
500 10 2 iJN1463.cmd 1,1904543118E-7
500 3 8 iAF1260.cmd 1,0685840714E-6
500 3 8 iJN1463.cmd 6,1516119798E-7
500 5 8 iAF1260.cmd 6,5553026897E-7
500 5 8 iJN1463.cmd 3,6157389054E-7
500 8 5 iAF1260.cmd 2,8533113468E-7
500 8 5 iJN1463.cmd 1,5416754842E-7
500 8 11 iAF1260.cmd 3,33802367E-7
500 8 11 iJN1463.cmd 1,7394807556E-7
500 5 10 iAF1260.cmd 5,4594131931E-7
500 5 10 iJN1463.cmd 2,9570672863E-7
500 7 10 iAF1260.cmd 4,0569634177E-7
500 7 10 iJN1463.cmd 2,0761322317E-7
500 11 5 iAF1260.cmd 1,7354003179E-7
500 11 5 iJN1463.cmd 9,1499679607E-8
500 6 11 iAF1260.cmd 4,7305269747E-7
500 6 11 iJN1463.cmd 2,4995907089E-7
500 1 6 iAF1260.cmd 9,2345446105E-7
500 1 6 iJN1463.cmd 5,4445330331E-7
500 1 8 iAF1260.cmd 9,4661772089E-7
500 1 8 iJN1463.cmd 5,6604584599E-7
500 3 6 iAF1260.cmd 9,9372113943E-7
500 3 6 iJN1463.cmd 5,4294932168E-7
500 4 4 iAF1260.cmd 7,6673949333E-7
500 4 4 iJN1463.cmd 4,0930981943E-7
500 4 6 iAF1260.cmd 8,2679234629E-7
500 4 6 iJN1463.cmd 4,3767572925E-7
500 6 0 iAF1260.cmd 3,7483330748E-7
500 6 0 iJN1463.cmd 1,9135598017E-7
500 6 2 iAF1260.cmd 2,8932886282E-7
500 6 2 iJN1463.cmd 1,3796994307E-7
500 6 4 iAF1260.cmd 5,4096232034E-7
500 6 4 iJN1463.cmd 2,7849540603E-7
500 6 6 iAF1260.cmd 5,1825477391E-7
500 6 6 iJN1463.cmd 2,6167225171E-7
500 6 13 iAF1260.cmd 3,990556033E-7
500 6 13 iJN1463.cmd 2,2680672142E-7
500 7 8 iAF1260.cmd 3,9527360799E-7
500 7 8 iJN1463.cmd 1,9362697545E-7
500 8 0 iAF1260.cmd 2,3585668784E-7
500 8 0 iJN1463.cmd 1,1114042954E-7
500 8 3 iAF1260.cmd 2,4775245266E-7
500 8 3 iJN1463.cmd 1,2029722293E-7
500 10 0 iAF1260.cmd 1,7297913172E-7
500 10 0 iJN1463.cmd 8,046572276E-8
500 13 0 iAF1260.cmd 1,4179705392E-7
500 13 0 iJN1463.cmd 6,1121966187E-8
500 13 11 iAF1260.cmd 1,2963618517E-7
500 13 11 iJN1463.cmd 6,2566875041E-8
500 13 13 iAF1260.cmd 1,1144836151E-7
500 13 13 iJN1463.cmd 5,4674144257E-8
500 14 4 iAF1260.cmd 1,046593787E-7
500 14 4 iJN1463.cmd 3,8952807161E-8
500 8 2 iAF1260.cmd 2,3187576963E-7
500 8 2 iJN1463.cmd 1,0926315099E-7
500 9 1 iAF1260.cmd 1,9952838692E-7
500 9 1 iJN1463.cmd 9,2402048195E-8
500 10 11 iAF1260.cmd 1,5571825163E-7
500 10 11 iJN1463.cmd 7,4056381451E-8
500 10 13 iAF1260.cmd 1,4025469774E-7
500 10 13 iJN1463.cmd 7,0155043765E-8
500 9 2 iAF1260.cmd 2,174815468E-7
500 9 2 iJN1463.cmd 1,0481840478E-7
500 11 6 iAF1260.cmd 1,3749464376E-7
500 11 6 iJN1463.cmd 6,7292456858E-8
500 3 10 iAF1260.cmd 1,0377860994E-6
500 3 10 iJN1463.cmd 6,0712129095E-7
500 5 7 iAF1260.cmd 5,7968157358E-7
500 5 7 iJN1463.cmd 2,9710716939E-7
500 7 4 iAF1260.cmd 3,4809716248E-7
500 7 4 iJN1463.cmd 1,6889823831E-7
500 7 6 iAF1260.cmd 3,8521034776E-7
500 7 6 iJN1463.cmd 1,8712765767E-7
500 7 14 iAF1260.cmd 1,8317489829E-7
500 7 14 iJN1463.cmd 8,4706655875E-8
500 10 7 iAF1260.cmd 1,1433701462E-7
500 10 7 iJN1463.cmd 5,5871180485E-8
500 12 0 iAF1260.cmd 1,3339901156E-7
500 12 0 iJN1463.cmd 5,782600061E-8
500 14 10 iAF1260.cmd 8,8368693562E-8
500 14 10 iJN1463.cmd 4,0228580039E-8
500 14 14 iAF1260.cmd 8,8238304722E-8
500 14 14 iJN1463.cmd 4,0531090407E-8
500 0 7 iAF1260.cmd 4,7190399146E-7
500 0 7 iJN1463.cmd 2,2187865895E-7
500 2 5 iAF1260.cmd 9,4670465923E-7
500 2 5 iJN1463.cmd 5,1771471848E-7
500 3 5 iAF1260.cmd 9,0284165752E-7
500 3 5 iJN1463.cmd 4,8413942831E-7
500 5 3 iAF1260.cmd 7,1863164423E-7
500 5 3 iJN1463.cmd 3,7762126144E-7
500 5 12 iAF1260.cmd 5,0143900929E-7
500 5 12 iJN1463.cmd 2,770896874E-7
500 6 7 iAF1260.cmd 4,8292535185E-7
500 6 7 iJN1463.cmd 2,3847659135E-7
500 7 3 iAF1260.cmd 2,6877811572E-7
500 7 3 iJN1463.cmd 1,2458353008E-7
500 9 10 iAF1260.cmd 1,7853335097E-7
500 9 10 iJN1463.cmd 8,1580438031E-8
500 9 14 iAF1260.cmd 1,0134432668E-7
500 9 14 iJN1463.cmd 4,4474560817E-8
500 11 12 iAF1260.cmd 1,2389826539E-7
500 11 12 iJN1463.cmd 5,6671652584E-8
500 13 5 iAF1260.cmd 7,9838978472E-8
500 13 5 iJN1463.cmd 2,7803724903E-8
500 8 10 iAF1260.cmd 2,9391446093E-7
500 8 10 iJN1463.cmd 1,410428951E-7
500 5 11 iAF1260.cmd 5,0353707409E-7
500 5 11 iJN1463.cmd 2,6397516899E-7
500 9 0 iAF1260.cmd 1,8611539757E-7
500 9 0 iJN1463.cmd 8,1384133931E-8
500 7 7 iAF1260.cmd 3,9269379305E-7
500 7 7 iJN1463.cmd 1,8438545476E-7
500 12 5 iAF1260.cmd 9,6725521874E-8
500 12 5 iJN1463.cmd 3,9892085711E-8
500 3 4 iAF1260.cmd 8,0626423871E-7
500 3 4 iJN1463.cmd 4,2959782767E-7
500 4 3 iAF1260.cmd 7,2360801885E-7
500 4 3 iJN1463.cmd 3,8061797893E-7
500 5 13 iAF1260.cmd 4,2155249648E-7
500 5 13 iJN1463.cmd 2,4042842617E-7
500 0 6 iAF1260.cmd 4,0246136058E-7
500 0 6 iJN1463.cmd 1,8586534279E-7
500 0 8 iAF1260.cmd 4,5675168344E-7
500 0 8 iJN1463.cmd 2,1008164916E-7
500 6 14 iAF1260.cmd 2,0137376026E-7
500 6 14 iJN1463.cmd 8,8565379916E-8
500 10 10 iAF1260.cmd 1,1170081801E-7
500 10 10 iJN1463.cmd 4,7639356329E-8
500 11 11 iAF1260.cmd 1,0333674705E-7
500 11 11 iJN1463.cmd 4,390847979E-8
500 11 13 iAF1260.cmd 9,8529069811E-8
500 11 13 iJN1463.cmd 4,3931908729E-8
500 13 14 iAF1260.cmd 6,9716002161E-8
500 13 14 iJN1463.cmd 2,8448146761E-8
500 14 5 iAF1260.cmd 5,8521973731E-8
500 14 5 iJN1463.cmd 1,7447118058E-8
500 10 14 iAF1260.cmd 8,1882530553E-8
500 10 14 iJN1463.cmd 3,2914443134E-8
500 1 9 iAF1260.cmd 8,5620937033E-7
500 1 9 iJN1463.cmd 5,1874200286E-7
500 12 11 iAF1260.cmd 8,6466219903E-8
500 12 11 iJN1463.cmd 3,5376984234E-8
500 12 13 iAF1260.cmd 8,1781959184E-8
500 12 13 iJN1463.cmd 3,5395121662E-8
500 5 0 iAF1260.cmd 4,6218224464E-7
500 5 0 iJN1463.cmd 2,3930023408E-7
500 8 8 iAF1260.cmd 3,0209003567E-7
500 8 8 iJN1463.cmd 1,3493472247E-7
500 12 6 iAF1260.cmd 8,7126063269E-8
500 12 6 iJN1463.cmd 3,4496346049E-8
500 2 10 iAF1260.cmd 9,5016884311E-7
500 2 10 iJN1463.cmd 5,6146116912E-7
500 2 4 iAF1260.cmd 7,8994718865E-7
500 2 4 iJN1463.cmd 4,3028290108E-7
500 8 14 iAF1260.cmd 9,2906505561E-8
500 8 14 iJN1463.cmd 3,5278188252E-8
500 10 8 iAF1260.cmd 6,3398886573E-8
500 10 8 iJN1463.cmd 2,5683183817E-8
500 14 9 iAF1260.cmd 3,7097916246E-8
500 14 9 iJN1463.cmd 1,3259685352E-8
500 4 12 iAF1260.cmd 5,4396893946E-7
500 4 12 iJN1463.cmd 3,0708610734E-7
500 9 9 iAF1260.cmd 1,047148257E-7
500 9 9 iJN1463.cmd 4,2584825983E-8
500 3 3 iAF1260.cmd 7,2107770143E-7
500 3 3 iJN1463.cmd 3,8014755428E-7
500 11 10 iAF1260.cmd 7,0294747921E-8
500 11 10 iJN1463.cmd 2,7030902799E-8
500 5 14 iAF1260.cmd 1,9487597911E-7
500 5 14 iJN1463.cmd 8,1935399256E-8
500 11 14 iAF1260.cmd 5,8653940619E-8
500 11 14 iJN1463.cmd 2,0263575337E-8
500 0 9 iAF1260.cmd 3,9122385586E-7
500 0 9 iJN1463.cmd 1,7461560138E-7
500 4 13 iAF1260.cmd 4,5108420122E-7
500 4 13 iJN1463.cmd 2,6140612271E-7
500 10 9 iAF1260.cmd 7,2429732592E-8
500 10 9 iJN1463.cmd 2,8055297043E-8
500 1 10 iAF1260.cmd 8,1042436962E-7
500 1 10 iJN1463.cmd 4,882403435E-7
500 4 2 iAF1260.cmd 6,7425283012E-7
500 4 2 iJN1463.cmd 3,5035688916E-7
500 12 14 iAF1260.cmd 5,2303466507E-8
500 12 14 iJN1463.cmd 1,7816104577E-8
500 4 0 iAF1260.cmd 5,0850058161E-7
500 4 0 iJN1463.cmd 2,6480510408E-7
500 12 10 iAF1260.cmd 5,2224319355E-8
500 12 10 iJN1463.cmd 1,8549802585E-8
500 2 3 iAF1260.cmd 6,9452206397E-7
500 2 3 iJN1463.cmd 3,7183461938E-7
500 14 6 iAF1260.cmd 2,3469598505E-8
500 14 6 iJN1463.cmd 4,3719049479E-9
500 0 5 iAF1260.cmd 1,6306527789E-7
500 0 5 iJN1463.cmd 5,6288551932E-8
500 2 11 iAF1260.cmd 8,4123507328E-7
500 2 11 iJN1463.cmd 4,862456164E-7
500 1 4 iAF1260.cmd 6,1020518998E-7
500 1 4 iJN1463.cmd 3,4480940883E-7
500 3 12 iAF1260.cmd 5,9581947345E-7
500 3 12 iJN1463.cmd 3,2969953023E-7
500 3 2 iAF1260.cmd 6,3973699995E-7
500 3 2 iJN1463.cmd 3,3021052859E-7
500 11 8 iAF1260.cmd 3,4747983455E-8
500 11 8 iJN1463.cmd 1,1339612695E-8
500 11 9 iAF1260.cmd 4,4734799372E-8
500 11 9 iJN1463.cmd 1,5394314054E-8
500 4 14 iAF1260.cmd 1,8092569505E-7
500 4 14 iJN1463.cmd 7,4246001455E-8
500 0 10 iAF1260.cmd 3,2434955865E-7
500 0 10 iJN1463.cmd 1,4137827459E-7
500 13 9 iAF1260.cmd 2,1500829302E-8
500 13 9 iJN1463.cmd 5,2197928929E-9
500 14 8 iAF1260.cmd 1,64849769E-8
500 14 8 iJN1463.cmd 3,1012871469E-9
500 1 11 iAF1260.cmd 7,5124139671E-7
500 1 11 iJN1463.cmd 4,4778161185E-7
500 3 13 iAF1260.cmd 4,7488110799E-7
500 3 13 iJN1463.cmd 2,7301724593E-7
500 1 3 iAF1260.cmd 5,7677094075E-7
500 1 3 iJN1463.cmd 3,2020281678E-7
500 2 2 iAF1260.cmd 6,1758236042E-7
500 2 2 iJN1463.cmd 3,1736111326E-7
500 3 0 iAF1260.cmd 5,2090362937E-7
500 3 0 iJN1463.cmd 2,640133247E-7
500 2 12 iAF1260.cmd 7,1501256907E-7
500 2 12 iJN1463.cmd 3,9077411077E-7
500 0 4 iAF1260.cmd 2,0971971796E-7
500 0 4 iJN1463.cmd 8,3498464498E-8
500 12 9 iAF1260.cmd 2,9392246803E-8
500 12 9 iJN1463.cmd 8,432101099E-9
500 3 1 iAF1260.cmd 5,5630855238E-7
500 3 1 iJN1463.cmd 2,7889932466E-7
500 0 11 iAF1260.cmd 2,4224057642E-7
500 0 11 iJN1463.cmd 1,0337007762E-7
500 3 14 iAF1260.cmd 1,5090714269E-7
500 3 14 iJN1463.cmd 6,0029494677E-8
500 0 3 iAF1260.cmd 1,7908239659E-7
500 0 3 iJN1463.cmd 6,9214866778E-8
500 2 1 iAF1260.cmd 5,1493106692E-7
500 2 1 iJN1463.cmd 2,5207945588E-7
500 12 8 iAF1260.cmd 2,0555388912E-8
500 12 8 iJN1463.cmd 4,2497189099E-9
500 14 7 iAF1260.cmd 1,1630578914E-8
500 14 7 iJN1463.cmd 0E0
500 2 0 iAF1260.cmd 4,8126008653E-7
500 2 0 iJN1463.cmd 2,2956505487E-7
500 13 8 iAF1260.cmd 1,377817999E-8
500 13 8 iJN1463.cmd 1,1349688863E-9
500 0 12 iAF1260.cmd 5,2006326136E-8
500 0 12 iJN1463.cmd 1,5718967793E-8
500 1 1 iAF1260.cmd 3,8154885718E-7
500 1 1 iJN1463.cmd 1,7355324039E-7
500 2 14 iAF1260.cmd 3,7449951361E-8
500 2 14 iJN1463.cmd 8,8097632068E-9
500 1 0 iAF1260.cmd 3,7221647132E-7
500 1 0 iJN1463.cmd 1,6120999489E-7
500 0 2 iAF1260.cmd 4,8578720896E-8
500 0 2 iJN1463.cmd 1,1646807958E-8
500 0 1 iAF1260.cmd 8,0873251911E-8
500 0 1 iJN1463.cmd 2,0359528227E-8
500 0 0 iAF1260.cmd 8,0629522313E-8
500 0 0 iJN1463.cmd 1,8133292486E-8
500 13 7 iAF1260.cmd 7,3871242352E-9
500 13 7 iJN1463.cmd 0E0
500 0 13 iAF1260.cmd 7,5996152114E-9
500 0 13 iJN1463.cmd 1,0797166461E-9
500 1 14 iAF1260.cmd 9,6576146975E-9
500 1 14 iJN1463.cmd 0E0
500 0 14 iAF1260.cmd 1,4021115314E-9
500 0 14 iJN1463.cmd 0E0
500 1 13 iAF1260.cmd 4,7887950024E-9
500 1 13 iJN1463.cmd 0E0
1000 14 12 iAF1260.cmd 1,2798161262E-7
1000 14 12 iJN1463.cmd 6,0936974221E-8
1000 6 9 iAF1260.cmd 6,4419055738E-7
1000 6 9 iJN1463.cmd 3,4633554106E-7
1000 13 3 iAF1260.cmd 1,6393917169E-7
1000 13 3 iJN1463.cmd 7,6198503108E-8
1000 5 5 iAF1260.cmd 8,4373806267E-7
1000 5 5 iJN1463.cmd 4,6575963987E-7
1000 10 4 iAF1260.cmd 2,5155419179E-7
1000 10 4 iJN1463.cmd 1,2861332932E-7
1000 4 9 iAF1260.cmd 1,0133392925E-6
1000 4 9 iJN1463.cmd 5,8329430391E-7
1000 11 3 iAF1260.cmd 2,3365978588E-7
1000 11 3 iJN1463.cmd 1,1877884271E-7
1000 7 12 iAF1260.cmd 4,8289938411E-7
1000 7 12 iJN1463.cmd 2,744159339E-7
1000 9 4 iAF1260.cmd 2,8647238573E-7
1000 9 4 iJN1463.cmd 1,444666558E-7
1000 2 7 iAF1260.cmd 1,1988893707E-6
1000 2 7 iJN1463.cmd 7,1620912071E-7
1000 14 1 iAF1260.cmd 1,6215832389E-7
1000 14 1 iJN1463.cmd 7,4656817101E-8
1000 9 6 iAF1260.cmd 2,8397685786E-7
1000 9 6 iJN1463.cmd 1,4420286961E-7
1000 7 1 iAF1260.cmd 3,3464832886E-7
1000 7 1 iJN1463.cmd 1,6680559426E-7
1000 11 1 iAF1260.cmd 2,2098833562E-7
1000 11 1 iJN1463.cmd 1,0776245294E-7
1000 9 12 iAF1260.cmd 2,6542592161E-7
1000 9 12 iJN1463.cmd 1,3806518723E-7
1000 1 7 iAF1260.cmd 1,0644590929E-6
1000 1 7 iJN1463.cmd 6,4444856081E-7
1000 2 6 iAF1260.cmd 1,1524755007E-6
1000 2 6 iJN1463.cmd 6,8468643338E-7
1000 2 8 iAF1260.cmd 1,2064659891E-6
1000 2 8 iJN1463.cmd 7,2510523897E-7
1000 3 7 iAF1260.cmd 1,2179199469E-6
1000 3 7 iJN1463.cmd 7,1637080854E-7
1000 3 9 iAF1260.cmd 1,1916920479E-6
1000 3 9 iJN1463.cmd 7,0887177994E-7
1000 4 5 iAF1260.cmd 9,8180222033E-7
1000 4 5 iJN1463.cmd 5,5787968701E-7
1000 4 8 iAF1260.cmd 1,0164581826E-6
1000 4 8 iJN1463.cmd 5,8223400689E-7
1000 5 4 iAF1260.cmd 8,5408669978E-7
1000 5 4 iJN1463.cmd 4,784541713E-7
1000 5 6 iAF1260.cmd 8,1010040676E-7
1000 5 6 iJN1463.cmd 4,4188361504E-7
1000 5 9 iAF1260.cmd 7,8527065694E-7
1000 5 9 iJN1463.cmd 4,3597270093E-7
1000 6 1 iAF1260.cmd 3,7657613221E-7
1000 6 1 iJN1463.cmd 1,9361793958E-7
1000 6 5 iAF1260.cmd 7,2290206506E-7
1000 6 5 iJN1463.cmd 3,890448776E-7
1000 6 8 iAF1260.cmd 6,5036820737E-7
1000 6 8 iJN1463.cmd 3,4562737184E-7
1000 6 10 iAF1260.cmd 6,0235906977E-7
1000 6 10 iJN1463.cmd 3,2757437445E-7
1000 6 12 iAF1260.cmd 5,699516288E-7
1000 6 12 iJN1463.cmd 3,3562734064E-7
1000 7 0 iAF1260.cmd 3,5818972261E-7
1000 7 0 iJN1463.cmd 1,8380092621E-7
1000 7 2 iAF1260.cmd 3,2740237265E-7
1000 7 2 iJN1463.cmd 1,6007600065E-7
1000 7 9 iAF1260.cmd 5,5529276808E-7
1000 7 9 iJN1463.cmd 2,9108451333E-7
1000 7 11 iAF1260.cmd 4,9179964871E-7
1000 7 11 iJN1463.cmd 2,69060883E-7
1000 7 13 iAF1260.cmd 4,4992197707E-7
1000 7 13 iJN1463.cmd 2,6367657481E-7
1000 8 1 iAF1260.cmd 2,8948544542E-7
1000 8 1 iJN1463.cmd 1,396607778E-7
1000 8 4 iAF1260.cmd 3,3929983649E-7
1000 8 4 iJN1463.cmd 1,7008551378E-7
1000 8 6 iAF1260.cmd 3,6941687069E-7
1000 8 6 iJN1463.cmd 1,8730585538E-7
1000 8 12 iAF1260.cmd 3,8470476103E-7
1000 8 12 iJN1463.cmd 2,087376272E-7
1000 9 3 iAF1260.cmd 2,7690180267E-7
1000 9 3 iJN1463.cmd 1,368458054E-7
1000 9 5 iAF1260.cmd 2,8148028191E-7
1000 9 5 iJN1463.cmd 1,4307441401E-7
1000 9 11 iAF1260.cmd 2,7042018937E-7
1000 9 11 iJN1463.cmd 1,3803155638E-7
1000 9 13 iAF1260.cmd 2,0126222441E-7
1000 9 13 iJN1463.cmd 1,0324328898E-7
1000 10 1 iAF1260.cmd 2,3278706216E-7
1000 10 1 iJN1463.cmd 1,1180553654E-7
1000 10 3 iAF1260.cmd 2,5284039581E-7
1000 10 3 iJN1463.cmd 1,2740786953E-7
1000 10 5 iAF1260.cmd 2,3358675785E-7
1000 10 5 iJN1463.cmd 1,1904944607E-7
1000 10 6 iAF1260.cmd 2,0906734309E-7
1000 10 6 iJN1463.cmd 1,0506895034E-7
1000 10 12 iAF1260.cmd 1,9524177014E-7
1000 10 12 iJN1463.cmd 9,7647917335E-8
1000 11 0 iAF1260.cmd 2,0083483739E-7
1000 11 0 iJN1463.cmd 9,4969340792E-8
1000 11 2 iAF1260.cmd 2,3490925263E-7
1000 11 2 iJN1463.cmd 1,1769050155E-7
1000 11 4 iAF1260.cmd 2,288369322E-7
1000 11 4 iJN1463.cmd 1,1752270838E-7
1000 12 3 iAF1260.cmd 2,0662676607E-7
1000 12 3 iJN1463.cmd 1,0276798995E-7
1000 13 1 iAF1260.cmd 1,6336150758E-7
1000 13 1 iJN1463.cmd 7,5124437836E-8
1000 13 2 iAF1260.cmd 1,640837401E-7
1000 13 2 iJN1463.cmd 7,5568996348E-8
1000 13 4 iAF1260.cmd 1,3112814068E-7
1000 13 4 iJN1463.cmd 5,7254812915E-8
1000 13 12 iAF1260.cmd 1,2705665062E-7
1000 13 12 iJN1463.cmd 6,0211128314E-8
1000 14 0 iAF1260.cmd 1,6138734722E-7
1000 14 0 iJN1463.cmd 7,4330213085E-8
1000 14 2 iAF1260.cmd 1,5989766001E-7
1000 14 2 iJN1463.cmd 7,308358447E-8
1000 14 3 iAF1260.cmd 1,4876331689E-7
1000 14 3 iJN1463.cmd 6,6815409287E-8
1000 14 11 iAF1260.cmd 1,1880049017E-7
1000 14 11 iJN1463.cmd 5,5400840125E-8
1000 14 13 iAF1260.cmd 1,2045607843E-7
1000 14 13 iJN1463.cmd 5,7188408045E-8
1000 10 2 iAF1260.cmd 2,4546545017E-7
1000 10 2 iJN1463.cmd 1,2096396015E-7
1000 3 8 iAF1260.cmd 1,1865376876E-6
1000 3 8 iJN1463.cmd 6,9884020565E-7
1000 5 8 iAF1260.cmd 7,9826384067E-7
1000 5 8 iJN1463.cmd 4,3935686968E-7
1000 8 5 iAF1260.cmd 3,2591237367E-7
1000 8 5 iJN1463.cmd 1,6447463268E-7
1000 8 11 iAF1260.cmd 3,8239198757E-7
1000 8 11 iJN1463.cmd 2,0249889194E-7
1000 5 10 iAF1260.cmd 6,8047936942E-7
1000 5 10 iJN1463.cmd 3,7723605143E-7
1000 7 10 iAF1260.cmd 5,0399220101E-7
1000 7 10 iJN1463.cmd 2,6756766501E-7
1000 11 5 iAF1260.cmd 1,9455024353E-7
1000 11 5 iJN1463.cmd 9,7510937553E-8
1000 6 11 iAF1260.cmd 5,83229823E-7
1000 6 11 iJN1463.cmd 3,2804400342E-7
1000 1 6 iAF1260.cmd 1,0243635738E-6
1000 1 6 iJN1463.cmd 6,1527262302E-7
1000 1 8 iAF1260.cmd 1,0753998654E-6
1000 1 8 iJN1463.cmd 6,622307679E-7
1000 3 6 iAF1260.cmd 1,1366022136E-6
1000 3 6 iJN1463.cmd 6,6134914635E-7
1000 4 4 iAF1260.cmd 9,6937617874E-7
1000 4 4 iJN1463.cmd 5,5999129819E-7
1000 4 6 iAF1260.cmd 9,9005268273E-7
1000 4 6 iJN1463.cmd 5,5849305239E-7
1000 6 0 iAF1260.cmd 4,5319818766E-7
1000 6 0 iJN1463.cmd 2,487508535E-7
1000 6 2 iAF1260.cmd 3,4595172907E-7
1000 6 2 iJN1463.cmd 1,7162958932E-7
1000 6 4 iAF1260.cmd 6,7089183652E-7
1000 6 4 iJN1463.cmd 3,6157935804E-7
1000 6 6 iAF1260.cmd 6,6664470272E-7
1000 6 6 iJN1463.cmd 3,5339316808E-7
1000 6 13 iAF1260.cmd 5,0890705522E-7
1000 6 13 iJN1463.cmd 3,0686877468E-7
1000 7 8 iAF1260.cmd 5,4544984438E-7
1000 7 8 iJN1463.cmd 2,8066932691E-7
1000 8 0 iAF1260.cmd 2,9296039058E-7
1000 8 0 iJN1463.cmd 1,4276688112E-7
1000 8 3 iAF1260.cmd 3,1136011838E-7
1000 8 3 iJN1463.cmd 1,5234320781E-7
1000 10 0 iAF1260.cmd 2,2163361724E-7
1000 10 0 iJN1463.cmd 1,0429217813E-7
1000 13 0 iAF1260.cmd 1,6373471956E-7
1000 13 0 iJN1463.cmd 7,5167609993E-8
1000 13 11 iAF1260.cmd 1,2364042048E-7
1000 13 11 iJN1463.cmd 5,7708070785E-8
1000 13 13 iAF1260.cmd 1,1747480161E-7
1000 13 13 iJN1463.cmd 5,50221953E-8
1000 14 4 iAF1260.cmd 1,2081817487E-7
1000 14 4 iJN1463.cmd 5,1385901046E-8
1000 8 2 iAF1260.cmd 2,9336875798E-7
1000 8 2 iJN1463.cmd 1,4142586728E-7
1000 9 1 iAF1260.cmd 2,5459325046E-7
1000 9 1 iJN1463.cmd 1,210660096E-7
1000 10 11 iAF1260.cmd 1,9187755972E-7
1000 10 11 iJN1463.cmd 9,4126227145E-8
1000 10 13 iAF1260.cmd 1,6721183553E-7
1000 10 13 iJN1463.cmd 8,3412658384E-8
1000 9 2 iAF1260.cmd 2,6438670014E-7
1000 9 2 iJN1463.cmd 1,2779429226E-7
1000 11 6 iAF1260.cmd 1,7824992406E-7
1000 11 6 iJN1463.cmd 8,7881628122E-8
1000 3 10 iAF1260.cmd 1,2789014647E-6
1000 3 10 iJN1463.cmd 7,9371172619E-7
1000 5 7 iAF1260.cmd 7,437023296E-7
1000 5 7 iJN1463.cmd 4,002477139E-7
1000 7 4 iAF1260.cmd 4,4690783909E-7
1000 7 4 iJN1463.cmd 2,2969246927E-7
1000 7 6 iAF1260.cmd 5,1659493092E-7
1000 7 6 iJN1463.cmd 2,6587771281E-7
1000 7 14 iAF1260.cmd 3,1823597075E-7
1000 7 14 iJN1463.cmd 1,8184849687E-7
1000 10 7 iAF1260.cmd 1,5110148919E-7
1000 10 7 iJN1463.cmd 7,3086980169E-8
1000 12 0 iAF1260.cmd 1,7438037428E-7
1000 12 0 iJN1463.cmd 8,0549635608E-8
1000 14 10 iAF1260.cmd 8,9362278059E-8
1000 14 10 iJN1463.cmd 4,0002409809E-8
1000 14 14 iAF1260.cmd 1,0794808301E-7
1000 14 14 iJN1463.cmd 5,1512457183E-8
1000 0 7 iAF1260.cmd 8,2884675315E-7
1000 0 7 iJN1463.cmd 4,9985274293E-7
1000 2 5 iAF1260.cmd 1,1172830189E-6
1000 2 5 iJN1463.cmd 6,6596346757E-7
1000 3 5 iAF1260.cmd 1,0862848558E-6
1000 3 5 iJN1463.cmd 6,3441884309E-7
1000 5 3 iAF1260.cmd 9,2277065811E-7
1000 5 3 iJN1463.cmd 5,2850927378E-7
1000 5 12 iAF1260.cmd 6,6032058361E-7
1000 5 12 iJN1463.cmd 4,0550368728E-7
1000 6 7 iAF1260.cmd 6,4410974481E-7
1000 6 7 iJN1463.cmd 3,3882357395E-7
1000 7 3 iAF1260.cmd 3,5397251618E-7
1000 7 3 iJN1463.cmd 1,7462660916E-7
1000 9 10 iAF1260.cmd 2,4202015524E-7
1000 9 10 iJN1463.cmd 1,2031606621E-7
1000 9 14 iAF1260.cmd 1,6699836811E-7
1000 9 14 iJN1463.cmd 8,4971996888E-8
1000 11 12 iAF1260.cmd 1,5628703269E-7
1000 11 12 iJN1463.cmd 7,5551296648E-8
1000 13 5 iAF1260.cmd 1,16564765E-7
1000 13 5 iJN1463.cmd 5,0099055128E-8
1000 8 10 iAF1260.cmd 3,7383485773E-7
1000 8 10 iJN1463.cmd 1,9361963248E-7
1000 5 11 iAF1260.cmd 6,4940526197E-7
1000 5 11 iJN1463.cmd 3,7344640799E-7
1000 9 0 iAF1260.cmd 2,4932858025E-7
1000 9 0 iJN1463.cmd 1,1769031174E-7
1000 7 7 iAF1260.cmd 5,5252779706E-7
1000 7 7 iJN1463.cmd 2,8378363659E-7
1000 12 5 iAF1260.cmd 1,4590574049E-7
1000 12 5 iJN1463.cmd 6,8287436659E-8
1000 3 4 iAF1260.cmd 1,0312954237E-6
1000 3 4 iJN1463.cmd 6,1402472803E-7
1000 4 3 iAF1260.cmd 9,7749161207E-7
1000 4 3 iJN1463.cmd 5,7773593179E-7
1000 5 13 iAF1260.cmd 5,8244845387E-7
1000 5 13 iJN1463.cmd 3,6533621367E-7
1000 0 6 iAF1260.cmd 7,3797667599E-7
1000 0 6 iJN1463.cmd 4,3813566778E-7
1000 0 8 iAF1260.cmd 8,4814071309E-7
1000 0 8 iJN1463.cmd 5,2023670183E-7
1000 6 14 iAF1260.cmd 3,8239351866E-7
1000 6 14 iJN1463.cmd 2,2602111716E-7
1000 10 10 iAF1260.cmd 1,658807438E-7
1000 10 10 iJN1463.cmd 7,9127605265E-8
1000 11 11 iAF1260.cmd 1,4344232309E-7
1000 11 11 iJN1463.cmd 6,7542086152E-8
1000 11 13 iAF1260.cmd 1,3666035556E-7
1000 11 13 iJN1463.cmd 6,5775805835E-8
1000 13 14 iAF1260.cmd 1,0418782998E-7
1000 13 14 iJN1463.cmd 4,8929177583E-8
1000 14 5 iAF1260.cmd 9,1193924951E-8
1000 14 5 iJN1463.cmd 3,6464404706E-8
1000 10 14 iAF1260.cmd 1,3813333398E-7
1000 10 14 iJN1463.cmd 6,8022164105E-8
1000 1 9 iAF1260.cmd 1,0399108738E-6
1000 1 9 iJN1463.cmd 6,6404465841E-7
1000 12 11 iAF1260.cmd 1,1787242391E-7
1000 12 11 iJN1463.cmd 5,3683812047E-8
1000 12 13 iAF1260.cmd 1,1629464716E-7
1000 12 13 iJN1463.cmd 5,4366200389E-8
1000 5 0 iAF1260.cmd 6,1766936397E-7
1000 5 0 iJN1463.cmd 3,6909523609E-7
1000 8 8 iAF1260.cmd 4,7348642778E-7
1000 8 8 iJN1463.cmd 2,3545583717E-7
1000 12 6 iAF1260.cmd 1,4840400123E-7
1000 12 6 iJN1463.cmd 6,9988731937E-8
1000 2 10 iAF1260.cmd 1,2354481323E-6
1000 2 10 iJN1463.cmd 8,0013146243E-7
1000 2 4 iAF1260.cmd 1,0040800711E-6
1000 2 4 iJN1463.cmd 6,1556829324E-7
1000 8 14 iAF1260.cmd 2,0663957974E-7
1000 8 14 iJN1463.cmd 1,097478565E-7
1000 10 8 iAF1260.cmd 1,1054370648E-7
1000 10 8 iJN1463.cmd 5,0705635472E-8
1000 14 9 iAF1260.cmd 5,5276896084E-8
1000 14 9 iJN1463.cmd 2,2546863066E-8
1000 4 12 iAF1260.cmd 7,7726784428E-7
1000 4 12 iJN1463.cmd 5,0536828185E-7
1000 9 9 iAF1260.cmd 1,72631104E-7
1000 9 9 iJN1463.cmd 8,1849099036E-8
1000 3 3 iAF1260.cmd 1,0003939128E-6
1000 3 3 iJN1463.cmd 6,1023513131E-7
1000 11 10 iAF1260.cmd 1,1918963265E-7
1000 11 10 iJN1463.cmd 5,4438714356E-8
1000 5 14 iAF1260.cmd 4,2677999401E-7
1000 5 14 iJN1463.cmd 2,6081826845E-7
1000 11 14 iAF1260.cmd 1,1540314983E-7
1000 11 14 iJN1463.cmd 5,4858964621E-8
1000 0 9 iAF1260.cmd 8,1841852173E-7
1000 0 9 iJN1463.cmd 5,1450962675E-7
1000 4 13 iAF1260.cmd 6,590870112E-7
1000 4 13 iJN1463.cmd 4,3067986471E-7
1000 10 9 iAF1260.cmd 1,2894177678E-7
1000 10 9 iJN1463.cmd 5,9396161793E-8
1000 1 10 iAF1260.cmd 1,0654947071E-6
1000 1 10 iJN1463.cmd 6,9644723844E-7
1000 4 2 iAF1260.cmd 9,9014117862E-7
1000 4 2 iJN1463.cmd 6,0123332826E-7
1000 12 14 iAF1260.cmd 1,0320910214E-7
1000 12 14 iJN1463.cmd 4,8048455705E-8
1000 4 0 iAF1260.cmd 7,5680058544E-7
1000 4 0 iJN1463.cmd 4,766699046E-7
1000 12 10 iAF1260.cmd 9,5189912762E-8
1000 12 10 iJN1463.cmd 4,1918443317E-8
1000 2 3 iAF1260.cmd 9,5950099116E-7
1000 2 3 iJN1463.cmd 6,0245288595E-7
1000 14 6 iAF1260.cmd 5,3534389013E-8
1000 14 6 iJN1463.cmd 1,859912159E-8
1000 0 5 iAF1260.cmd 5,3290293346E-7
1000 0 5 iJN1463.cmd 3,0747685649E-7
1000 2 11 iAF1260.cmd 1,1885626069E-6
1000 2 11 iJN1463.cmd 7,8713901751E-7
1000 1 4 iAF1260.cmd 8,1255811386E-7
1000 1 4 iJN1463.cmd 5,1235988866E-7
1000 3 12 iAF1260.cmd 9,1070792193E-7
1000 3 12 iJN1463.cmd 6,0508581962E-7
1000 3 2 iAF1260.cmd 9,7969872169E-7
1000 3 2 iJN1463.cmd 6,1394579944E-7
1000 11 8 iAF1260.cmd 7,7177287893E-8
1000 11 8 iJN1463.cmd 3,3355743207E-8
1000 11 9 iAF1260.cmd 9,2064900811E-8
1000 11 9 iJN1463.cmd 4,061071337E-8
1000 4 14 iAF1260.cmd 4,4849530579E-7
1000 4 14 iJN1463.cmd 2,8242945169E-7
1000 0 10 iAF1260.cmd 7,6979174279E-7
1000 0 10 iJN1463.cmd 4,9337097563E-7
1000 13 9 iAF1260.cmd 4,8052767672E-8
1000 13 9 iJN1463.cmd 1,880101178E-8
1000 14 8 iAF1260.cmd 3,7866896634E-8
1000 14 8 iJN1463.cmd 1,3432320821E-8
1000 1 11 iAF1260.cmd 1,03549005E-6
1000 1 11 iJN1463.cmd 6,8867478721E-7
1000 3 13 iAF1260.cmd 7,1273031088E-7
1000 3 13 iJN1463.cmd 4,7570477282E-7
1000 1 3 iAF1260.cmd 7,8918381032E-7
1000 1 3 iJN1463.cmd 5,0360757698E-7
1000 2 2 iAF1260.cmd 9,6024890514E-7
1000 2 2 iJN1463.cmd 6,1576086118E-7
1000 3 0 iAF1260.cmd 8,5814867896E-7
1000 3 0 iJN1463.cmd 5,6104205581E-7
1000 2 12 iAF1260.cmd 1,1180718821E-6
1000 2 12 iJN1463.cmd 7,4297583286E-7
1000 0 4 iAF1260.cmd 5,5301146099E-7
1000 0 4 iJN1463.cmd 3,3576728754E-7
1000 12 9 iAF1260.cmd 6,7034690623E-8
1000 12 9 iJN1463.cmd 2,8105928839E-8
1000 3 1 iAF1260.cmd 9,2275625346E-7
1000 3 1 iJN1463.cmd 5,9919569666E-7
1000 0 11 iAF1260.cmd 6,4355731374E-7
1000 0 11 iJN1463.cmd 4,126656543E-7
1000 3 14 iAF1260.cmd 4,1342499934E-7
1000 3 14 iJN1463.cmd 2,6033538169E-7
1000 0 3 iAF1260.cmd 5,0302524895E-7
1000 0 3 iJN1463.cmd 3,0997962823E-7
1000 2 1 iAF1260.cmd 8,7358975776E-7
1000 2 1 iJN1463.cmd 5,8049953322E-7
1000 12 8 iAF1260.cmd 5,3644907462E-8
1000 12 8 iJN1463.cmd 2,1613557525E-8
1000 14 7 iAF1260.cmd 3,4494596227E-8
1000 14 7 iJN1463.cmd 1,0822394897E-8
1000 2 0 iAF1260.cmd 8,3636700329E-7
1000 2 0 iJN1463.cmd 5,637581188E-7
1000 13 8 iAF1260.cmd 3,7846155737E-8
1000 13 8 iJN1463.cmd 1,3607893188E-8
1000 0 12 iAF1260.cmd 3,4775539851E-7
1000 0 12 iJN1463.cmd 1,9849005627E-7
1000 1 1 iAF1260.cmd 6,9546581231E-7
1000 1 1 iJN1463.cmd 4,753100448E-7
1000 2 14 iAF1260.cmd 2,4557866028E-7
1000 2 14 iJN1463.cmd 1,3207064096E-7
1000 1 0 iAF1260.cmd 6,9218802978E-7
1000 1 0 iJN1463.cmd 4,7585542268E-7
1000 0 2 iAF1260.cmd 3,5418664631E-7
1000 0 2 iJN1463.cmd 2,1231663471E-7
1000 0 1 iAF1260.cmd 4,3048919268E-7
1000 0 1 iJN1463.cmd 2,7857066647E-7
1000 0 0 iAF1260.cmd 4,5422619541E-7
1000 0 0 iJN1463.cmd 2,9891703408E-7
1000 13 7 iAF1260.cmd 2,8392103827E-8
1000 13 7 iJN1463.cmd 8,4251410002E-9
1000 0 13 iAF1260.cmd 2,9007347346E-7
1000 0 13 iJN1463.cmd 1,5067053789E-7
1000 1 14 iAF1260.cmd 2,6285289508E-7
1000 1 14 iJN1463.cmd 1,3322108225E-7
1000 0 14 iAF1260.cmd 1,7601357707E-7
1000 0 14 iJN1463.cmd 7,3364045478E-8
1000 1 13 iAF1260.cmd 5,568391189E-7
1000 1 13 iJN1463.cmd 3,5251573953E-7
