0	1,5E-7	1,5E-9
1	1,5910604705E-7	1,5657256924E-9
2	1,6876050932E-7	1,6343339538E-9
3	1,7983925787E-7	1,7179851076E-9
4	1,9223204814E-7	1,8082188911E-9
5	2,0598361644E-7	1,9034533006E-9
6	2,2117471962E-7	2,0037849136E-9
7	2,3782492823E-7	2,1094512947E-9
8	2,5596117268E-7	2,2207213723E-9
9	2,7560932453E-7	2,3378706769E-9
10	2,9684774785E-7	2,4612176613E-9
11	3,1973736603E-7	2,591083228E-9
12	3,4437996226E-7	2,7278057731E-9
13	3,709089397E-7	2,8717475179E-9
14	3,9946784102E-7	3,0232898464E-9
15	4,3021110514E-7	3,1828343139E-9
16	4,6330488531E-7	3,3508037112E-9
17	4,9892793042E-7	3,5276431856E-9
18	5,3727253351E-7	3,7138214215E-9
19	5,7854555204E-7	3,909831885E-9
20	6,2296950505E-7	4,1161941325E-9
21	6,7078375262E-7	4,3334551904E-9
22	7,2227303187E-7	4,5621910056E-9
23	7,7771787113E-7	4,8030079732E-9
24	8,3747891073E-7	5,0565445426E-9
25	9,0137018186E-7	5,3234053034E-9
26	9,6833387866E-7	5,604334157E-9
27	1,0376714006E-6	5,9000084612E-9
28	1,1090095226E-6	6,2112578988E-9
29	1,1826043812E-6	6,5388942889E-9
30	1,2591283453E-6	6,8837682812E-9
31	1,3383381236E-6	7,24676938E-9
32	1,4203478735E-6	7,628824355E-9
33	1,5051641255E-6	8,0308924095E-9
34	1,592472137E-6	8,4539525446E-9
35	1,6819631577E-6	8,8989820665E-9
36	1,7730892702E-6	9,3669098796E-9
37	1,8655663084E-6	9,8586870742E-9
38	1,9598396497E-6	1,0375231034E-8
39	2,0540693401E-6	1,0917329467E-8
40	2,1487610895E-6	1,148566452E-8
41	2,2443332036E-6	1,2080767733E-8
42	2,3410784212E-6	1,2701833957E-8
43	2,4392514086E-6	1,3345048274E-8
44	2,5391028593E-6	1,4007615904E-8
45	2,6408619156E-6	1,4686357077E-8
46	2,7448368432E-6	1,5374893541E-8
47	2,8510937733E-6	1,6074772531E-8
48	2,9598610716E-6	1,678713372E-8
49	3,0714153636E-6	1,751619894E-8
50	3,1859271142E-6	1,8266134254E-8
51	3,3034652328E-6	1,9040825598E-8
52	3,4241158091E-6	1,9843751771E-8
53	3,5479229939E-6	2,0677574676E-8
54	3,6746231076E-6	2,1544375935E-8
55	3,8043140914E-6	2,2446053097E-8
56	3,9371984373E-6	2,3384297738E-8
57	4,0734480498E-6	2,4360720576E-8
58	4,213217609E-6	2,537682824E-8
59	4,3566004877E-6	2,6433940246E-8
60	4,5036474693E-6	2,7533499645E-8
61	4,6543535929E-6	2,867713506E-8
62	4,8084962334E-6	2,9866443026E-8
63	4,9658470449E-6	3,110301945E-8
64	5,1263155375E-6	3,2388726971E-8
65	5,2899934758E-6	3,3725474907E-8
66	5,4568377709E-6	3,5115082672E-8
67	5,6268792801E-6	3,6559397582E-8
68	5,7998706157E-6	3,8060222655E-8
69	5,9753652914E-6	3,9626191869E-8
70	6,1532314288E-6	4,125807752E-8
71	6,3333678122E-6	4,297149603E-8
72	6,5160008628E-6	4,4753034685E-8
73	6,7008236749E-6	4,6612249523E-8
74	6,8880365003E-6	4,8545117377E-8
75	7,077547458E-6	5,0551297236E-8
76	7,2693702942E-6	5,263917993E-8
77	7,4637384643E-6	5,481114867E-8
78	7,660895731E-6	5,7070539181E-8
79	7,8610489741E-6	5,9421191932E-8
80	8,0644170255E-6	6,1866120333E-8
81	8,2712856152E-6	6,4403841447E-8
82	8,4818545422E-6	6,706446581E-8
83	8,6963928887E-6	6,9828861299E-8
84	8,9150909989E-6	7,2725532834E-8
85	9,1381139566E-6	7,5810464172E-8
86	9,3656639183E-6	7,9017639464E-8
87	9,5977796773E-6	8,2377501023E-8
88	9,8345834422E-6	8,5897172242E-8
89	1,0076241248E-5	8,955386407E-8
90	1,0322825679E-5	9,3356010257E-8
91	1,057443894E-5	9,7301557401E-8
92	1,08311887E-5	1,0140228844E-7
93	1,1093184936E-5	1,056599005E-7
94	1,1360534151E-5	1,1007916947E-7
95	1,1633322324E-5	1,1467339574E-7
96	1,1911635284E-5	1,194495853E-7
97	1,2195540435E-5	1,2446479876E-7
98	1,2485159752E-5	1,2973257252E-7
99	1,2780624237E-5	1,3529183539E-7
100	1,3082020161E-5	1,4119823717E-7
101	1,3389460159E-5	1,473421349E-7
102	1,3703073663E-5	1,5374140951E-7
103	1,4022958228E-5	1,604067677E-7
104	1,4349272771E-5	1,6785819089E-7
105	1,4682079006E-5	1,757448016E-7
106	1,5021507294E-5	1,8398596057E-7
107	1,5367572617E-5	1,925966209E-7
108	1,5719747199E-5	2,0159221439E-7
109	1,6077485802E-5	2,1101440909E-7
110	1,6439635512E-5	2,2090841735E-7
111	1,6802317255E-5	2,3124643286E-7
112	1,716196353E-5	2,4204908853E-7
113	1,7515508066E-5	2,5332610496E-7
114	1,786012957E-5	2,6511027613E-7
115	1,8194558507E-5	2,7742387749E-7
116	1,8516303822E-5	2,9028382652E-7
117	1,8823505645E-5	3,0371087116E-7
118	1,9114853533E-5	3,177201361E-7
119	1,9391287976E-5	3,3233321862E-7
120	1,9654356406E-5	3,475561565E-7
121	1,9905965556E-5	3,6342381607E-7
122	2,0148237429E-5	3,7995783637E-7
123	2,0383572534E-5	3,9720913154E-7
124	2,0613019177E-5	4,1516829444E-7
125	2,0836729891E-5	4,3388446532E-7
126	2,1055055988E-5	4,5338360024E-7
127	2,1268765716E-5	4,7368250583E-7
128	2,1478665329E-5	4,9480380339E-7
129	2,1685563383E-5	5,1677847168E-7
130	2,1890280832E-5	5,3969974547E-7
131	2,2093494011E-5	5,6358332622E-7
132	2,2295690356E-5	5,884147386E-7
133	2,2497154757E-5	6,1425447294E-7
134	2,269816264E-5	6,4114430984E-7
135	2,2898877519E-5	6,6912477021E-7
136	2,3099381477E-5	6,9823391905E-7
137	2,3299713262E-5	7,2851833778E-7
138	2,3499854586E-5	7,6004979951E-7
139	2,3699362175E-5	7,9285626296E-7
140	2,3898557974E-5	8,2699285679E-7
141	2,4097541464E-5	8,6258566714E-7
142	2,4296406001E-5	8,9960283761E-7
143	2,4494966206E-5	9,3811014361E-7
144	2,4692943594E-5	9,7836501869E-7
145	2,4890544363E-5	1,020424837E-6
146	2,5088065748E-5	1,06419712E-6
147	2,5285393115E-5	1,1097591806E-6
148	2,5482630731E-5	1,1571578692E-6
149	2,5679939524E-5	1,2064850663E-6
150	2,5877249785E-5	1,2578188126E-6
151	2,6074377819E-5	1,3112947164E-6
152	2,6271574627E-5	1,366899927E-6
153	2,6468533487E-5	1,4247963219E-6
154	2,6665548177E-5	1,4851222053E-6
155	2,6862561599E-5	1,5480121995E-6
156	2,7059397713E-5	1,6133793412E-6
157	2,725524681E-5	1,6813909538E-6
158	2,7450415995E-5	1,7521390624E-6
159	2,7645095532E-5	1,825718823E-6
160	2,7839432231E-5	1,9022348139E-6
161	2,8033475547E-5	1,9817755377E-6
162	2,8227140091E-5	2,0644648849E-6
163	2,8420589877E-5	2,1504501586E-6
164	2,8613786608E-5	2,2398371658E-6
165	2,8806851408E-5	2,3327347285E-6
166	2,8999468025E-5	2,4292438954E-6
167	2,9191337142E-5	2,5295721354E-6
168	2,9382811461E-5	2,6338233628E-6
169	2,9573996112E-5	2,7421403117E-6
170	2,9769418302E-5	2,854363447E-6
171	2,9961486968E-5	2,9708697728E-6
172	3,0152191726E-5	3,0917440297E-6
173	3,034152577E-5	3,2172085358E-6
174	3,0529179427E-5	3,3475737598E-6
175	3,0716235202E-5	3,4830269054E-6
176	3,0902530932E-5	3,6237328558E-6
177	3,1088637634E-5	3,7698350368E-6
178	3,1274057149E-5	3,9216051583E-6
179	3,1459202735E-5	4,0792177548E-6
180	3,1644153676E-5	4,2428530905E-6
181	3,1828809925E-5	4,4127025669E-6
182	3,2012990565E-5	4,5890304218E-6
183	3,2196722032E-5	4,7721237141E-6
184	3,2380061386E-5	4,9621851072E-6
185	3,2562204743E-5	5,1594121683E-6
186	3,2743491955E-5	5,3640586446E-6
187	3,2923831671E-5	5,5764708314E-6
188	3,3102940563E-5	5,7968863952E-6
189	3,3281463399E-5	6,0255745912E-6
190	3,3459134728E-5	6,2627838882E-6
191	3,363689466E-5	6,5074098531E-6
192	3,3812452069E-5	6,7586620679E-6
193	3,3986765423E-5	7,0162075164E-6
194	3,4161066631E-5	7,2791724123E-6
195	3,433434161E-5	7,5451055635E-6
196	3,4504174622E-5	7,8143104806E-6
197	3,4673048401E-5	8,0852518476E-6
198	3,4840759285E-5	8,3577056E-6
199	3,5007388321E-5	8,6318487001E-6
200	3,5173231063E-5	8,9082225195E-6
201	3,5338300384E-5	9,1855507002E-6
202	3,5502914458E-5	9,461786774E-6
203	3,5667234015E-5	9,7345801548E-6
204	3,5831618168E-5	1,0000108195E-5
205	3,5995874091E-5	1,0254133477E-5
206	3,6158627345E-5	1,0493570827E-5
207	3,6320604006E-5	1,0716641518E-5
208	3,6481849331E-5	1,091998409E-5
209	3,6642204999E-5	1,1105713455E-5
210	3,680164507E-5	1,1269198185E-5
211	3,6960272291E-5	1,1412640771E-5
212	3,7118222611E-5	1,1541298397E-5
213	3,7275316871E-5	1,165845868E-5
214	3,7431702177E-5	1,1767131368E-5
215	3,7587858215E-5	1,1869515556E-5
216	3,7743186982E-5	1,1967666758E-5
217	3,7897847007E-5	1,2062956757E-5
218	3,8051846586E-5	1,2156130262E-5
219	3,8205141596E-5	1,224837727E-5
220	3,8358046336E-5	1,2339734521E-5
221	3,8510055619E-5	1,2430127114E-5
222	3,8661197329E-5	1,2520512358E-5
223	3,8812053443E-5	1,2610966349E-5
224	3,8962833343E-5	1,2701324739E-5
225	3,9113195998E-5	1,2790917611E-5
226	3,9262961668E-5	1,2880698581E-5
227	3,9412033651E-5	1,2969322401E-5
228	3,9560563056E-5	1,3057686904E-5
229	3,9708522441E-5	1,3146211494E-5
230	3,9856181537E-5	1,3234422199E-5
231	4,0003414332E-5	1,3322384056E-5
232	4,0150477149E-5	1,3410391426E-5
233	4,0297362862E-5	1,3498626879E-5
234	4,0444060467E-5	1,3586442463E-5
235	4,0590509033E-5	1,3674338536E-5
236	4,0736887222E-5	1,3762277353E-5
237	4,0883129211E-5	1,3850280065E-5
238	4,1029258723E-5	1,3938363343E-5
239	4,1175277092E-5	1,402637134E-5
240	4,1320996318E-5	1,4114432424E-5
241	4,146626599E-5	1,4202510417E-5
242	4,1610842093E-5	1,4290771781E-5
243	4,1754834265E-5	1,4379242243E-5
244	4,1898492453E-5	1,4467804145E-5
245	4,2041822479E-5	1,45564303E-5
246	4,218486746E-5	1,4645018407E-5
247	4,2327632356E-5	1,4733546746E-5
248	4,2470281983E-5	1,4822098438E-5
249	4,2613342362E-5	1,4910718956E-5
250	4,2756399582E-5	1,4999211954E-5
251	4,2899022014E-5	1,5088089896E-5
252	4,3042417008E-5	1,5176734145E-5
253	4,3186231128E-5	1,5265562616E-5
254	4,3329709871E-5	1,5354979934E-5
255	4,3473184982E-5	1,5444577328E-5
256	4,3617223745E-5	1,5534316485E-5
257	4,3761430901E-5	1,5623508455E-5
258	4,3904399834E-5	1,571221709E-5
259	4,4047526182E-5	1,5801162781E-5
260	4,4190140823E-5	1,5890396501E-5
261	4,4332583419E-5	1,5979857593E-5
262	4,4474669499E-5	1,6069145828E-5
263	4,4616212073E-5	1,6158443977E-5
264	4,475669604E-5	1,6247967709E-5
265	4,4896601758E-5	1,6337943603E-5
266	4,503605362E-5	1,6428375524E-5
267	4,5175484923E-5	1,6519218532E-5
268	4,5314536746E-5	1,6610038918E-5
269	4,5453064151E-5	1,6701089386E-5
270	4,5591041643E-5	1,6791770223E-5
271	4,5728555531E-5	1,6882863364E-5
272	4,5866257791E-5	1,6974099919E-5
273	4,6005317308E-5	1,7066576061E-5
274	4,6144513217E-5	1,7158791331E-5
275	4,6284625182E-5	1,7248448255E-5
276	4,6424917313E-5	1,7337027344E-5
277	4,6564424643E-5	1,7426687444E-5
278	4,6703253299E-5	1,7516731303E-5
279	4,6840807139E-5	1,7606927859E-5
280	4,6977767687E-5	1,7697570428E-5
281	4,711422136E-5	1,7788289541E-5
282	4,72502163E-5	1,7879474255E-5
283	4,7385961184E-5	1,7971071271E-5
284	4,7521486591E-5	1,8063025264E-5
285	4,765682731E-5	1,8155275917E-5
286	4,7792975007E-5	1,8247708059E-5
287	4,7928423668E-5	1,8340052129E-5
288	4,8063635709E-5	1,8432723084E-5
289	4,8198578052E-5	1,8525466525E-5
290	4,8336474019E-5	1,8616310782E-5
291	4,8472080824E-5	1,8707095703E-5
292	4,8608281435E-5	1,8797714573E-5
293	4,8743319935E-5	1,8889177166E-5
294	4,8877959907E-5	1,8981160936E-5
295	4,9011942797E-5	1,9073683284E-5
296	4,9145113496E-5	1,9166581272E-5
297	4,9280196041E-5	1,9258980374E-5
298	4,9416087556E-5	1,9352220178E-5
299	4,9550980332E-5	1,9445987935E-5
300	4,9685631646E-5	1,9540349853E-5
301	4,9819615508E-5	1,963449252E-5
302	4,9952879187E-5	1,9729159412E-5
303	5,0085186617E-5	1,9824349985E-5
304	5,0215806251E-5	1,9920089224E-5
305	5,0344631844E-5	2,0016907831E-5
306	5,0474047761E-5	2,0112282076E-5
307	5,0602972755E-5	2,0207576212E-5
308	5,0731821692E-5	2,0303093854E-5
309	5,0859789972E-5	2,0398773721E-5
310	5,0987345499E-5	2,0494954275E-5
311	5,1116468951E-5	2,0590678042E-5
312	5,1245904852E-5	2,068534996E-5
313	5,1373339698E-5	2,0780808049E-5
314	5,1499939759E-5	2,0876306286E-5
315	5,1625822485E-5	2,0972355163E-5
316	5,1750872845E-5	2,1068536318E-5
317	5,1875792132E-5	2,1164776585E-5
318	5,2001362307E-5	2,1261316689E-5
319	5,2129031213E-5	2,1355846915E-5
320	5,2254602552E-5	2,1452464831E-5
321	5,2379161678E-5	2,1548630318E-5
322	5,2503222445E-5	2,1645125753E-5
323	5,2626957205E-5	2,174169936E-5
324	5,274990591E-5	2,183859437E-5
325	5,2871778696E-5	2,193602879E-5
326	5,2994190818E-5	2,2032762414E-5
327	5,3116622638E-5	2,2129510503E-5
328	5,3238559241E-5	2,2226005378E-5
329	5,3359899597E-5	2,2322970281E-5
330	5,3480962058E-5	2,2420175883E-5
331	5,360157669E-5	2,2517560789E-5
332	5,3721908526E-5	2,2615211095E-5
333	5,3841942247E-5	2,2713061494E-5
334	5,396131568E-5	2,2810949567E-5
335	5,4080366323E-5	2,2908319075E-5
336	5,419900036E-5	2,3005898557E-5
337	5,4317147045E-5	2,310358344E-5
338	5,4434969418E-5	2,3201461508E-5
339	5,4552489442E-5	2,3299544676E-5
340	5,4669719866E-5	2,3397804476E-5
341	5,4786695198E-5	2,3496312396E-5
342	5,4903433284E-5	2,3595068789E-5
343	5,5019960179E-5	2,3693453119E-5
344	5,5136220157E-5	2,3791553554E-5
345	5,5252167304E-5	2,3889241257E-5
346	5,5367656011E-5	2,3986897407E-5
347	5,5482757552E-5	2,4084147046E-5
348	5,559744833E-5	2,4181457585E-5
349	5,5711788124E-5	2,4278778754E-5
350	5,5825761121E-5	2,4376184803E-5
351	5,5939692249E-5	2,4473655667E-5
352	5,6053323345E-5	2,4570678316E-5
353	5,6166800824E-5	2,4667620435E-5
354	5,6281336891E-5	2,4763849155E-5
355	5,6395174611E-5	2,4859971278E-5
356	5,6510495092E-5	2,4954577125E-5
357	5,6626057001E-5	2,5048724287E-5
358	5,674189294E-5	2,5141947515E-5
359	5,6857727171E-5	2,5234902897E-5
360	5,6973486101E-5	2,5327636332E-5
361	5,7087037532E-5	2,542238353E-5
362	5,7198968667E-5	2,5517833386E-5
363	5,7309903647E-5	2,5613728814E-5
364	5,7420471292E-5	2,570982923E-5
365	5,7533524226E-5	2,5803530112E-5
366	5,7647807156E-5	2,5896385316E-5
367	5,7762278025E-5	2,5987559209E-5
368	5,787682958E-5	2,6078225155E-5
369	5,7990089658E-5	2,6170335565E-5
370	5,8102295597E-5	2,6262297972E-5
371	5,8215248802E-5	2,635345597E-5
372	5,8324777716E-5	2,6446821136E-5
373	5,8433394081E-5	2,6540760307E-5
374	5,8540008589E-5	2,6636961261E-5
375	5,8647746546E-5	2,6732311077E-5
376	5,8754850505E-5	2,6826755101E-5
377	5,8861978912E-5	2,6920899894E-5
378	5,8969170217E-5	2,7014914597E-5
379	5,907899576E-5	2,7106658025E-5
380	5,9190797274E-5	2,719696835E-5
381	5,9303513909E-5	2,7286221673E-5
382	5,9413445331E-5	2,7377639906E-5
383	5,9521368331E-5	2,7470642228E-5
384	5,9628799892E-5	2,7563388856E-5
385	5,9735452755E-5	2,7656920941E-5
386	5,9841725498E-5	2,7750493413E-5
387	5,9947516967E-5	2,7843582442E-5
388	6,0053119871E-5	2,793660162E-5
389	6,0158553423E-5	2,8029527857E-5
390	6,026379633E-5	2,8122346937E-5
391	6,0368793106E-5	2,8215077012E-5
392	6,0473642175E-5	2,8307764814E-5
393	6,0578196532E-5	2,8400467987E-5
394	6,0682582167E-5	2,8493190805E-5
395	6,0786352789E-5	2,8585649206E-5
396	6,0889837866E-5	2,8678230319E-5
397	6,0993016606E-5	2,8770851506E-5
398	6,1095894737E-5	2,8863494511E-5
399	6,1198475849E-5	2,8955690707E-5
400	6,1300782976E-5	2,9047868268E-5
401	6,1402748059E-5	2,9140028995E-5
402	6,1504421683E-5	2,9232140835E-5
403	6,1605883846E-5	2,9324144215E-5
404	6,1706993421E-5	2,9416088388E-5
405	6,180780273E-5	2,9507989792E-5
406	6,1908342951E-5	2,9599808566E-5
407	6,2008653982E-5	2,9691513185E-5
408	6,2108834803E-5	2,9783036427E-5
409	6,2208815884E-5	2,9874441841E-5
410	6,2308692095E-5	2,996569147E-5
411	6,2408305232E-5	3,0056877561E-5
412	6,2507690827E-5	3,0147982443E-5
413	6,2606849335E-5	3,0239001572E-5
414	6,2705321806E-5	3,0330183036E-5
415	6,2804723171E-5	3,0420358184E-5
416	6,2903553612E-5	3,0510842521E-5
417	6,3002141721E-5	3,0601262119E-5
418	6,3100461484E-5	3,0691411077E-5
419	6,3198587933E-5	3,0781400801E-5
420	6,3296424587E-5	3,0871349473E-5
421	6,3394066885E-5	3,096120429E-5
422	6,3491528384E-5	3,1050953243E-5
423	6,3588813284E-5	3,1140595651E-5
424	6,3685923525E-5	3,1230131619E-5
425	6,3782860027E-5	3,1319561832E-5
426	6,3879625184E-5	3,1408877523E-5
427	6,3976045637E-5	3,1497990278E-5
428	6,4072232394E-5	3,1586988111E-5
429	6,4168217805E-5	3,1675891857E-5
430	6,42642042E-5	3,1764565978E-5
431	6,4359814762E-5	3,1852855157E-5
432	6,4455198559E-5	3,1941045142E-5
433	6,4550336391E-5	3,2029137024E-5
434	6,4645191724E-5	3,2117156202E-5
435	6,4739777273E-5	3,220511258E-5
436	6,4834098509E-5	3,229297858E-5
437	6,4928147415E-5	3,2380781585E-5
438	6,5021922868E-5	3,2468542212E-5
439	6,5119317106E-5	3,2553318387E-5
440	6,5212693773E-5	3,2640496683E-5
441	6,5306039948E-5	3,2727475993E-5
442	6,5398793919E-5	3,2814555587E-5
443	6,5491201551E-5	3,2901568625E-5
444	6,5583347766E-5	3,2988468377E-5
445	6,5675217018E-5	3,3075217787E-5
446	6,576679712E-5	3,3161872243E-5
447	6,5858086591E-5	3,3248427106E-5
448	6,5955560626E-5	3,3328904875E-5
449	6,6054308736E-5	3,3409949062E-5
450	6,6152784511E-5	3,3491248844E-5
451	6,6251567752E-5	3,3572457818E-5
452	6,634501358E-5	3,3656037751E-5
453	6,6437174231E-5	3,3740243273E-5
454	6,6527670824E-5	3,3825210264E-5
455	6,661757774E-5	3,3910355088E-5
456	6,670719322E-5	3,3995436247E-5
457	6,6796578292E-5	3,4080388602E-5
458	6,6885786049E-5	3,4165165461E-5
459	6,6979312005E-5	3,4245425393E-5
460	6,7071388101E-5	3,432641479E-5
461	6,7163041115E-5	3,4407476416E-5
462	6,7257217568E-5	3,4486596357E-5
463	6,7351378961E-5	3,4565471287E-5
464	6,7445070975E-5	3,4644178026E-5
465	6,7539497764E-5	3,4722606609E-5
466	6,7634007386E-5	3,480065203E-5
467	6,7728460881E-5	3,4878430461E-5
468	6,7822789231E-5	3,4956012109E-5
469	6,7916754197E-5	3,5033364351E-5
470	6,8011104437E-5	3,5110116762E-5
471	6,8104868135E-5	3,5186461166E-5
472	6,8200915894E-5	3,5261392738E-5
473	6,829794888E-5	3,5335477296E-5
474	6,8395882295E-5	3,5408855867E-5
475	6,8494224219E-5	3,5481786529E-5
476	6,858454207E-5	3,5559471877E-5
477	6,8672023246E-5	3,5638259433E-5
478	6,8760819475E-5	3,5715598602E-5
479	6,8847769823E-5	3,5794123478E-5
480	6,8934525172E-5	3,5872779022E-5
481	6,902003988E-5	3,5952219413E-5
482	6,911527196E-5	3,6024657049E-5
483	6,9206406115E-5	3,6100190394E-5
484	6,9292395261E-5	3,6178540581E-5
485	6,937680181E-5	3,6257554077E-5
486	6,9460310332E-5	3,6336849726E-5
487	6,9543358246E-5	3,6416141126E-5
488	6,962608772E-5	3,6495318935E-5
489	6,9714843618E-5	3,656927766E-5
490	6,9807707825E-5	3,6641312938E-5
491	6,9901440862E-5	3,6712376896E-5
492	6,998985101E-5	3,6785994299E-5
493	7,0073803134E-5	3,6862647965E-5
494	7,0157494425E-5	3,6939039707E-5
495	7,0239346931E-5	3,7016441087E-5
496	7,0320682224E-5	3,7093878944E-5
497	7,0401727305E-5	3,7171181202E-5
498	7,0482514471E-5	3,7248321683E-5
499	7,0563078185E-5	3,732527419E-5
500	7,0643435807E-5	3,7402024785E-5
501	7,0723628605E-5	3,7478539776E-5
502	7,0803606655E-5	3,7554853953E-5
503	7,0883383603E-5	3,76309638E-5
504	7,0962979985E-5	3,7706865389E-5
505	7,1042402388E-5	3,7782580626E-5
506	7,1121659333E-5	3,7858080747E-5
507	7,1200753695E-5	3,7933362998E-5
508	7,1279687006E-5	3,8008425686E-5
509	7,1358491918E-5	3,808324364E-5
510	7,1437185919E-5	3,8157826106E-5
511	7,1515697781E-5	3,8232188599E-5
512	7,1594055663E-5	3,8306340979E-5
513	7,167224548E-5	3,8380284306E-5
514	7,1750271518E-5	3,8454007693E-5
515	7,1828094866E-5	3,852753768E-5
516	7,1905746561E-5	3,8600850413E-5
517	7,1983144981E-5	3,8674002328E-5
518	7,2060309583E-5	3,874698275E-5
519	7,2137253931E-5	3,8819790943E-5
520	7,2213983985E-5	3,8892426579E-5
521	7,2290494501E-5	3,8964894579E-5
522	7,2366844793E-5	3,9037149462E-5
523	7,2442964255E-5	3,9109245703E-5
524	7,2518846317E-5	3,9181180422E-5
525	7,2594510906E-5	3,9252942989E-5
526	7,2669979577E-5	3,9324520938E-5
527	7,2745232543E-5	3,9395927502E-5
528	7,2820284578E-5	3,9467152853E-5
529	7,2895167104E-5	3,9538173954E-5
530	7,2969847906E-5	3,9609004955E-5
531	7,3044366793E-5	3,967962267E-5
532	7,3118718958E-5	3,9750039836E-5
533	7,3192885947E-5	3,9820277923E-5
534	7,3266937048E-5	3,9890276771E-5
535	7,3340822906E-5	3,9960069934E-5
536	7,3414488434E-5	4,0029687427E-5
537	7,3488010148E-5	4,0099103774E-5
538	7,3561897366E-5	4,0167884009E-5
539	7,3635129489E-5	4,0236841314E-5
540	7,3708092076E-5	4,0305677872E-5
541	7,3780820457E-5	4,0374361162E-5
542	7,3853358195E-5	4,044285862E-5
543	7,3925772151E-5	4,0511118186E-5
544	7,3999584207E-5	4,0577947296E-5
545	7,4072681357E-5	4,0645013302E-5
546	7,4144980817E-5	4,0712319772E-5
547	7,4216863131E-5	4,0779608223E-5
548	7,4288480271E-5	4,0846745317E-5
549	7,4359816271E-5	4,091375018E-5
550	7,4431006127E-5	4,0980532335E-5
551	7,4501982981E-5	4,1047126393E-5
552	7,4572836688E-5	4,1113460604E-5
553	7,464354333E-5	4,1179551105E-5
554	7,4714013556E-5	4,1245459695E-5
555	7,4784384865E-5	4,1311107923E-5
556	7,4854617756E-5	4,1376493577E-5
557	7,4924764024E-5	4,1441605603E-5
558	7,4994784691E-5	4,1506460202E-5
559	7,5064692248E-5	4,1571056557E-5
560	7,5134490258E-5	4,1635410897E-5
561	7,5204082615E-5	4,169957343E-5
562	7,5273556822E-5	4,1763478625E-5
563	7,5342887966E-5	4,1827141209E-5
564	7,5411983633E-5	4,1890636732E-5
565	7,5480856734E-5	4,1953927805E-5
566	7,5549536772E-5	4,2016999693E-5
567	7,5618025953E-5	4,2079882358E-5
568	7,5686372177E-5	4,2142567828E-5
569	7,5762699174E-5	4,2198754017E-5
570	7,5844559208E-5	4,2252020025E-5
571	7,5920552003E-5	4,2308788051E-5
572	7,5991736394E-5	4,2368150074E-5
573	7,6060461024E-5	4,2428904943E-5
574	7,6128381572E-5	4,2489951979E-5
575	7,6196002699E-5	4,2550925214E-5
576	7,6272910431E-5	4,2603922117E-5
577	7,6345777771E-5	4,2659906526E-5
578	7,6415219925E-5	4,2718647185E-5
579	7,6482865476E-5	4,27779069E-5
580	7,6551289586E-5	4,2836317654E-5
581	7,6618747414E-5	4,2895668439E-5
582	7,6685297402E-5	4,2956086616E-5
583	7,6751616673E-5	4,3016311182E-5
584	7,6819225868E-5	4,3074383283E-5
585	7,6887064619E-5	4,3131703787E-5
586	7,6953938743E-5	4,3189503886E-5
587	7,7020311382E-5	4,3247366235E-5
588	7,7086540466E-5	4,3305060938E-5
589	7,7152589819E-5	4,3362554913E-5
590	7,7218571278E-5	4,3419778646E-5
591	7,7284448962E-5	4,3476730663E-5
592	7,735015275E-5	4,3533451977E-5
593	7,7415714512E-5	4,3589924536E-5
594	7,7481172621E-5	4,364612386E-5
595	7,7546545129E-5	4,3702033235E-5
596	7,7611855873E-5	4,3757644095E-5
597	7,767711895E-5	4,38129354E-5
598	7,7742310211E-5	4,3867928077E-5
599	7,78074378E-5	4,3922649259E-5
600	7,7872497327E-5	4,3977120653E-5
601	7,7937494939E-5	4,4031345638E-5
602	7,8002434159E-5	4,4085325107E-5
603	7,8067338414E-5	4,4139044972E-5
604	7,8132172201E-5	4,4192528906E-5
605	7,8196928889E-5	4,4245847549E-5
606	7,8261597067E-5	4,4298960489E-5
607	7,832619075E-5	4,4351861585E-5
608	7,8390706886E-5	4,4404551074E-5
609	7,8455149339E-5	4,4457031125E-5
610	7,8519540506E-5	4,4509295666E-5
611	7,8583832599E-5	4,4561383549E-5
612	7,8648049261E-5	4,4613302513E-5
613	7,8711886419E-5	4,4665141826E-5
614	7,8776266617E-5	4,4716192138E-5
615	7,8840222295E-5	4,4767354604E-5
616	7,8904107636E-5	4,4818280035E-5
617	7,8967855545E-5	4,4869051644E-5
618	7,9031505416E-5	4,4919639515E-5
619	7,9094723415E-5	4,4970123628E-5
620	7,9158000363E-5	4,5020377495E-5
621	7,9221064644E-5	4,5070511988E-5
622	7,9283957152E-5	4,5120918976E-5
623	7,9346540952E-5	4,5171022125E-5
624	7,9409493124E-5	4,522043162E-5
625	7,9471393685E-5	4,5270873752E-5
626	7,9534524586E-5	4,5319394345E-5
627	7,959622912E-5	4,5370192762E-5
628	7,965850509E-5	4,5419263493E-5
629	7,9720953834E-5	4,5467562293E-5
630	7,9783454898E-5	4,5515491634E-5
631	7,984582348E-5	4,5563194295E-5
632	7,9913546324E-5	4,5605981754E-5
633	7,9979361683E-5	4,564995491E-5
634	8,0044718945E-5	4,5694992253E-5
635	8,0110050893E-5	4,5739767614E-5
636	8,0171940656E-5	4,5788557333E-5
637	8,0232824977E-5	4,5838398888E-5
638	8,028998478E-5	4,5887605774E-5
639	8,0348701459E-5	4,5934965595E-5
640	8,0408356888E-5	4,5982567921E-5
641	8,0467698211E-5	4,6032170785E-5
642	8,0527259389E-5	4,608085015E-5
643	8,0587979335E-5	4,6126851274E-5
644	8,0649051879E-5	4,6172036388E-5
645	8,0710298436E-5	4,6216747283E-5
646	8,0771372647E-5	4,6261299341E-5
647	8,0833874383E-5	4,6304319373E-5
648	8,0894646124E-5	4,6348342244E-5
649	8,095350363E-5	4,6394449707E-5
650	8,1011467619E-5	4,6442874967E-5
651	8,1069205374E-5	4,6491589234E-5
652	8,1124629151E-5	4,654255753E-5
653	8,1184472163E-5	4,658774325E-5
654	8,1244368202E-5	4,663163211E-5
655	8,1302476697E-5	4,6678527531E-5
656	8,1358995542E-5	4,67271556E-5
657	8,141499217E-5	4,6776056998E-5
658	8,147598856E-5	4,6818823719E-5
659	8,1544793738E-5	4,685539195E-5
660	8,1611590203E-5	4,6892615014E-5
661	8,167401037E-5	4,6932368969E-5
662	8,1730040964E-5	4,6978807034E-5
663	8,1787874602E-5	4,7023051914E-5
664	8,1843645795E-5	4,7070338785E-5
665	8,1900093548E-5	4,7117337226E-5
666	8,1956136809E-5	4,7163863796E-5
667	8,2012418616E-5	4,7212627576E-5
668	8,2069509356E-5	4,7257441607E-5
669	8,2126400211E-5	4,7299996377E-5
670	8,2183247869E-5	4,7341614841E-5
671	8,223998795E-5	4,7382807775E-5
672	8,2296524998E-5	4,7423896258E-5
673	8,2352960134E-5	4,7464874245E-5
674	8,2409329621E-5	4,7505685159E-5
675	8,2465541504E-5	4,7546375378E-5
676	8,252332334E-5	4,758325674E-5
677	8,2586525334E-5	4,761874183E-5
678	8,264382733E-5	4,7657136096E-5
679	8,2697647624E-5	4,7696792183E-5
680	8,2749164166E-5	4,773790408E-5
681	8,2800607924E-5	4,7778706498E-5
682	8,2849710586E-5	4,7820277257E-5
683	8,2899513767E-5	4,7860773216E-5
684	8,2949693654E-5	4,7900635913E-5
685	8,3001029993E-5	4,7941403119E-5
686	8,3049635966E-5	4,7982402761E-5
687	8,3109216413E-5	4,8015995555E-5
688	8,3171064013E-5	4,8048096544E-5
689	8,3233749747E-5	4,8079232286E-5
690	8,3291091418E-5	4,8113744835E-5
691	8,3353131928E-5	4,8144424437E-5
692	8,3403455486E-5	4,8182158027E-5
693	8,3450736848E-5	4,8221490103E-5
694	8,3497070307E-5	4,8261104287E-5
695	8,3546564411E-5	4,8298555685E-5
696	8,3601499685E-5	4,8332640793E-5
697	8,3653733494E-5	4,8368353965E-5
698	8,3707302181E-5	4,8404879607E-5
699	8,3760379646E-5	4,8442484864E-5
700	8,3812689004E-5	4,8480611117E-5
701	8,3864876646E-5	4,8518553655E-5
702	8,3916600039E-5	4,8556638098E-5
703	8,3968092045E-5	4,8594349821E-5
704	8,4019503276E-5	4,8632067235E-5
705	8,4070689506E-5	4,8669689893E-5
706	8,4121747074E-5	4,8707107106E-5
707	8,4174562035E-5	4,8746423985E-5
708	8,4236087198E-5	4,8778278485E-5
709	8,4295713168E-5	4,8807038203E-5
710	8,4348456561E-5	4,884018372E-5
711	8,440037258E-5	4,8874913572E-5
712	8,4451384319E-5	4,891035169E-5
713	8,4501734987E-5	4,8946301821E-5
714	8,4551777695E-5	4,898253178E-5
715	8,460171779E-5	4,9018579939E-5
716	8,4651426483E-5	4,9054560235E-5
717	8,4700937196E-5	4,9090411436E-5
718	8,4750258325E-5	4,9126258467E-5
719	8,4799374736E-5	4,9162054755E-5
720	8,4848318273E-5	4,9197767303E-5
721	8,489716807E-5	4,9233237354E-5
722	8,4945851598E-5	4,9268657306E-5
723	8,4994537953E-5	4,9303842671E-5
724	8,5043010341E-5	4,9339002037E-5
725	8,5091277807E-5	4,9374090939E-5
726	8,5139349036E-5	4,9409149203E-5
727	8,5187268453E-5	4,9444125835E-5
728	8,5235117841E-5	4,9478835411E-5
729	8,528292275E-5	4,9513382593E-5
730	8,5330514625E-5	4,9547969308E-5
731	8,5377902529E-5	4,9582502556E-5
732	8,5425139012E-5	4,9616897973E-5
733	8,5472184233E-5	4,9651225955E-5
734	8,5519138319E-5	4,9685429041E-5
735	8,556599074E-5	4,9719457142E-5
736	8,5612718818E-5	4,9753405641E-5
737	8,5659377955E-5	4,9787221587E-5
738	8,5705928206E-5	4,9820870096E-5
739	8,5752406376E-5	4,9854405432E-5
740	8,5798759499E-5	4,988778899E-5
741	8,584502904E-5	4,992106717E-5
742	8,5891132575E-5	4,9954207473E-5
743	8,5937164286E-5	4,9987225474E-5
744	8,598310552E-5	5,0020080283E-5
745	8,6028960366E-5	5,0052850589E-5
746	8,6074642884E-5	5,0085484392E-5
747	8,6120255819E-5	5,0118000622E-5
748	8,6165721065E-5	5,0150386101E-5
749	8,6211103332E-5	5,018268036E-5
750	8,6256403559E-5	5,0214829068E-5
751	8,6301619265E-5	5,0246901838E-5
752	8,6346735693E-5	5,0278813902E-5
753	8,6391758428E-5	5,0310645324E-5
754	8,6436675242E-5	5,0342316104E-5
755	8,6481498571E-5	5,0373905373E-5
756	8,6526219369E-5	5,0405330087E-5
757	8,6570845836E-5	5,0436674911E-5
758	8,6615370859E-5	5,0467853994E-5
759	8,6659827151E-5	5,049895486E-5
760	8,6704136053E-5	5,0529910496E-5
761	8,6748344454E-5	5,0560806138E-5
762	8,6792417877E-5	5,059156598E-5
763	8,6836364183E-5	5,0622266481E-5
764	8,6880157198E-5	5,0652830901E-5
765	8,6923842308E-5	5,0683314692E-5
766	8,6967383828E-5	5,0713653876E-5
767	8,7010818064E-5	5,0743918608E-5
768	8,7054101528E-5	5,0774053366E-5
769	8,7097252907E-5	5,0804140821E-5
770	8,7140264024E-5	5,0834085012E-5
771	8,7183149922E-5	5,0863982816E-5
772	8,7225893741E-5	5,0893738156E-5
773	8,7268512905E-5	5,092344753E-5
774	8,7311022207E-5	5,0953011363E-5
775	8,7353377857E-5	5,0982538805E-5
776	8,7395273034E-5	5,1012009315E-5
777	8,7436972559E-5	5,1041488785E-5
778	8,7478877525E-5	5,1070629241E-5
779	8,7520819134E-5	5,1099610689E-5
780	8,7562815981E-5	5,112875761E-5
781	8,7604528611E-5	5,1157738714E-5
782	8,7646084058E-5	5,1186635376E-5
783	8,7687473169E-5	5,1215376179E-5
784	8,7728737946E-5	5,1244083472E-5
785	8,7769907272E-5	5,1272716552E-5
786	8,78109221E-5	5,1301192784E-5
787	8,7851787539E-5	5,1329662084E-5
788	8,7892563412E-5	5,1358054769E-5
789	8,7933211199E-5	5,1386282267E-5
790	8,7973707322E-5	5,1414500766E-5
791	8,8014131579E-5	5,1442639737E-5
792	8,8054432478E-5	5,1470697707E-5
793	8,8094602647E-5	5,1498588475E-5
794	8,8134657644E-5	5,1526477403E-5
795	8,8174609993E-5	5,1554297801E-5
796	8,8214457084E-5	5,1582033009E-5
797	8,825420608E-5	5,1609684832E-5
798	8,8293825405E-5	5,1637257108E-5
799	8,833334248E-5	5,1664745632E-5
800	8,8372728344E-5	5,1692155273E-5
801	8,8411976039E-5	5,1719398621E-5
802	8,8451081083E-5	5,1746644938E-5
803	8,8490110577E-5	5,1773817178E-5
804	8,8529021019E-5	5,1800908223E-5
805	8,856780401E-5	5,1827817866E-5
806	8,8606469161E-5	5,1854717813E-5
807	8,8645054941E-5	5,1881531878E-5
808	8,8683545504E-5	5,1908247779E-5
809	8,87218967E-5	5,1934778416E-5
810	8,8760130701E-5	5,1961298441E-5
811	8,8798286294E-5	5,1987732375E-5
812	8,8836346899E-5	5,2014068081E-5
813	8,8874267524E-5	5,2040216232E-5
814	8,8912111734E-5	5,2066337034E-5
815	8,8949866321E-5	5,2092381422E-5
816	8,8987557982E-5	5,2118319488E-5
817	8,9025136184E-5	5,2144061041E-5
818	8,9062665816E-5	5,216975813E-5
819	8,9100130922E-5	5,2195366742E-5
820	8,913750503E-5	5,2220778343E-5
821	8,9174812126E-5	5,2246153087E-5
822	8,9212075138E-5	5,2271436361E-5
823	8,9249220597E-5	5,2296532232E-5
824	8,9286326608E-5	5,232158269E-5
825	8,9323360676E-5	5,2346552399E-5
826	8,9360277796E-5	5,2371329773E-5
827	8,9397161497E-5	5,2396055271E-5
828	8,9433967387E-5	5,2420703665E-5
829	8,9470657169E-5	5,2445159693E-5
830	8,9507316605E-5	5,2469561706E-5
831	8,9543899575E-5	5,2493894841E-5
832	8,9580372456E-5	5,2518040504E-5
833	8,9616815938E-5	5,2542135082E-5
834	8,9653182989E-5	5,2566162711E-5
835	8,9689441641E-5	5,2590002592E-5
836	8,9725672232E-5	5,2613791889E-5
837	8,9761830494E-5	5,2637509951E-5
838	8,9797890333E-5	5,2661025459E-5
839	8,9833927879E-5	5,2684477805E-5
840	8,9869795851E-5	5,2707877196E-5
841	8,990559437E-5	5,2731011777E-5
842	8,9941430793E-5	5,2754101538E-5
843	8,9977214197E-5	5,277711589E-5
844	9,0012905812E-5	5,2799927464E-5
845	9,0048605334E-5	5,2822679405E-5
846	9,0084208648E-5	5,2845360827E-5
847	9,0119750948E-5	5,2867828896E-5
848	9,0155266295E-5	5,2890244693E-5
849	9,019071773E-5	5,2912582662E-5
850	9,0226078389E-5	5,2934713847E-5
851	9,0261410389E-5	5,2956786628E-5
852	9,0296679794E-5	5,2978779822E-5
853	9,0331859933E-5	5,3000564525E-5
854	9,0367009866E-5	5,3022294497E-5
855	9,040210819E-5	5,3043947785E-5
856	9,0437123255E-5	5,3065397114E-5
857	9,0472111852E-5	5,3086801916E-5
858	9,0507050627E-5	5,3108127601E-5
859	9,0541910127E-5	5,3129250778E-5
860	9,0576751125E-5	5,315034089E-5
861	9,0611556372E-5	5,3171343344E-5
862	9,0646284216E-5	5,3192124688E-5
863	9,068102372E-5	5,3212860773E-5
864	9,0715724307E-5	5,3233506596E-5
865	9,0750344252E-5	5,325392507E-5
866	9,0784978606E-5	5,327430239E-5
867	9,0819585782E-5	5,3294587072E-5
868	9,0854144368E-5	5,3314774239E-5
869	9,0888589563E-5	5,3334738372E-5
870	9,0923083107E-5	5,3354674542E-5
871	9,0957525022E-5	5,3374536531E-5
872	9,0991915808E-5	5,3394308561E-5
873	9,1026257633E-5	5,3413983486E-5
874	9,1060575173E-5	5,3433558043E-5
875	9,1094828265E-5	5,3453036177E-5
876	9,1129059743E-5	5,3472409295E-5
877	9,1163249097E-5	5,3491684918E-5
878	9,1198858172E-5	5,3512095797E-5
879	9,1239732184E-5	5,3527754208E-5
880	9,1276398811E-5	5,3539529087E-5
881	9,1308492545E-5	5,3553161737E-5
882	9,1340578376E-5	5,3568145287E-5
883	9,1375026008E-5	5,3585153092E-5
884	9,140900042E-5	5,3603096591E-5
885	9,1442887889E-5	5,3621304064E-5
886	9,1476723171E-5	5,3639584682E-5
887	9,151051004E-5	5,3657837082E-5
888	9,1544255936E-5	5,3676021183E-5
889	9,1577962708E-5	5,3694121982E-5
890	9,1611634237E-5	5,3712128081E-5
891	9,1648189056E-5	5,3732462047E-5
892	9,1691302499E-5	5,3749781725E-5
893	9,1727443309E-5	5,3761088886E-5
894	9,1760089546E-5	5,3772649355E-5
895	9,1791019142E-5	5,3785048421E-5
896	9,1823219859E-5	5,3799280512E-5
897	9,1857160298E-5	5,3814886994E-5
898	9,1890804895E-5	5,3831402582E-5
899	9,1924322545E-5	5,3848233942E-5
900	9,1957651755E-5	5,3865145454E-5
901	9,1990975615E-5	5,3881952946E-5
902	9,2024247389E-5	5,3898754476E-5
903	9,205744413E-5	5,3915514195E-5
904	9,2090569898E-5	5,3932212325E-5
905	9,2123629583E-5	5,3948838785E-5
906	9,2156626005E-5	5,3965389742E-5
907	9,2189560413E-5	5,3981863344E-5
908	9,2222433323E-5	5,399825913E-5
909	9,2256727244E-5	5,4015826814E-5
910	9,2293368512E-5	5,4028336317E-5
911	9,2326940314E-5	5,4037947325E-5
912	9,2357812529E-5	5,4049569623E-5
913	9,2390911377E-5	5,4063105004E-5
914	9,2423905775E-5	5,4077732249E-5
915	9,2458188698E-5	5,4094208167E-5
916	9,2494433836E-5	5,4106199886E-5
917	9,2527624366E-5	5,4115510849E-5
918	9,2557698338E-5	5,4126803612E-5
919	9,2590518575E-5	5,4139824786E-5
920	9,2624207097E-5	5,4153264747E-5
921	9,2660084254E-5	5,4167687583E-5
922	9,2697997709E-5	5,4180191122E-5
923	9,2738209948E-5	5,4199703832E-5
924	9,2769757948E-5	5,421251295E-5
925	9,2803593322E-5	5,4222943692E-5
926	9,283880486E-5	5,4232263578E-5
927	9,2874097827E-5	5,4241482405E-5
928	9,2907294716E-5	5,425164987E-5
929	9,2939285277E-5	5,4262335475E-5
930	9,2972139475E-5	5,4274041152E-5
931	9,3007438652E-5	5,4287280405E-5
932	9,304360883E-5	5,4301160248E-5
933	9,3078199817E-5	5,4316252389E-5
934	9,311252013E-5	5,433208215E-5
935	9,3149604675E-5	5,4343486044E-5
936	9,3184341644E-5	5,4352603579E-5
937	9,3215878302E-5	5,4363462965E-5
938	9,3250652709E-5	5,4376144016E-5
939	9,3286412084E-5	5,438936276E-5
940	9,3320830712E-5	5,4403881724E-5
941	9,3354987425E-5	5,4419260331E-5
942	9,339165383E-5	5,4430358889E-5
943	9,3425869648E-5	5,4439124531E-5
944	9,3459826839E-5	5,4447664285E-5
945	9,3493977465E-5	5,4459757292E-5
946	9,352941334E-5	5,4472579561E-5
947	9,3563547674E-5	5,4486700354E-5
948	9,3597414183E-5	5,4501556735E-5
949	9,3633800019E-5	5,451257602E-5
950	9,3667545637E-5	5,4521166724E-5
951	9,3698786106E-5	5,4531311921E-5
952	9,3733007797E-5	5,4543110276E-5
953	9,3768432182E-5	5,4555706791E-5
954	9,3802289582E-5	5,4569441898E-5
955	9,3835921724E-5	5,4583897266E-5
956	9,3871832229E-5	5,4594617731E-5
957	9,3905143905E-5	5,46029493E-5
958	9,3936157153E-5	5,4612661779E-5
959	9,3970304605E-5	5,4624114732E-5
960	9,4005546333E-5	5,4636291069E-5
961	9,403920373E-5	5,4649681696E-5
962	9,4072688227E-5	5,4664071573E-5
963	9,4106626476E-5	5,467352562E-5
964	9,41391659E-5	5,4681491159E-5
965	9,4171142803E-5	5,4691604885E-5
966	9,4204497371E-5	5,4702580467E-5
967	9,4237916187E-5	5,471473272E-5
968	9,426951605E-5	5,4727183171E-5
969	9,4301775939E-5	5,4740850081E-5
970	9,4336386065E-5	5,4750940351E-5
971	9,4368605216E-5	5,4758752828E-5
972	9,4397775107E-5	5,4767038315E-5
973	9,4430596651E-5	5,477752826E-5
974	9,4462053895E-5	5,4788311925E-5
975	9,4492565477E-5	5,48000317E-5
976	9,4522515433E-5	5,4812002445E-5
977	9,4555416229E-5	5,4826442598E-5
978	9,458962671E-5	5,4836365995E-5
979	9,4619880297E-5	5,4843152845E-5
980	9,464789139E-5	5,4850719456E-5
981	9,467802549E-5	5,4859476232E-5
982	9,4708095264E-5	5,4869362368E-5
983	9,4737112356E-5	5,4880042081E-5
984	9,476567607E-5	5,4891021152E-5
985	9,4795634017E-5	5,4903233798E-5
986	9,4828663592E-5	5,4912510392E-5
987	9,4858171243E-5	5,4918950608E-5
988	9,4884974354E-5	5,492573848E-5
989	9,4913678437E-5	5,4933616862E-5
990	9,4944056266E-5	5,4942464109E-5
991	9,4973726848E-5	5,495202877E-5
992	9,5002286964E-5	5,4962330776E-5
993	9,5031937346E-5	5,49740372E-5
994	9,5064419543E-5	5,4982978511E-5
995	9,509336433E-5	5,4989102318E-5
996	9,5120372084E-5	5,4996035121E-5
997	9,5149556259E-5	5,5004106511E-5
998	9,517973359E-5	5,5012746464E-5
999	9,5208168092E-5	5,502247919E-5
1000	9,523598112E-5	5,5032661331E-5
