0 3 11 iMM904.cmd 1E-8
0 3 11 iJN1463.cmd 1E-8
0 14 7 iMM904.cmd 1E-8
0 14 7 iJN1463.cmd 1E-8
0 7 13 iMM904.cmd 1E-8
0 7 13 iJN1463.cmd 1E-8
0 7 4 iMM904.cmd 1E-8
0 7 4 iJN1463.cmd 1E-8
0 8 13 iMM904.cmd 1E-8
0 8 13 iJN1463.cmd 1E-8
0 11 11 iMM904.cmd 1E-8
0 11 11 iJN1463.cmd 1E-8
0 12 1 iMM904.cmd 1E-8
0 12 1 iJN1463.cmd 1E-8
0 9 7 iMM904.cmd 1E-8
0 9 7 iJN1463.cmd 1E-8
0 4 9 iMM904.cmd 1E-8
0 4 9 iJN1463.cmd 1E-8
0 4 8 iMM904.cmd 1E-8
0 4 8 iJN1463.cmd 1E-8
0 14 13 iMM904.cmd 1E-8
0 14 13 iJN1463.cmd 1E-8
0 11 2 iMM904.cmd 1E-8
0 11 2 iJN1463.cmd 1E-8
0 6 2 iMM904.cmd 1E-8
0 6 2 iJN1463.cmd 1E-8
0 14 6 iMM904.cmd 1E-8
0 14 6 iJN1463.cmd 1E-8
0 13 2 iMM904.cmd 1E-8
0 13 2 iJN1463.cmd 1E-8
500 3 11 iMM904.cmd 4,6099151131E-7
500 3 11 iJN1463.cmd 2,24291965E-6
500 14 7 iMM904.cmd 7,2825620401E-8
500 14 7 iJN1463.cmd 2,242914596E-6
500 7 13 iMM904.cmd 2,0075463887E-7
500 7 13 iJN1463.cmd 1,7548444373E-6
500 7 4 iMM904.cmd 1,6395693915E-7
500 7 4 iJN1463.cmd 1,9175697206E-6
500 8 13 iMM904.cmd 1,9388696132E-7
500 8 13 iJN1463.cmd 1,9690891462E-6
500 11 11 iMM904.cmd 7,8766327351E-8
500 11 11 iJN1463.cmd 1,6577969537E-6
500 12 1 iMM904.cmd 7,7777565927E-8
500 12 1 iJN1463.cmd 2,0130617435E-6
500 9 7 iMM904.cmd 7,3741305228E-8
500 9 7 iJN1463.cmd 1,4759760498E-6
500 4 9 iMM904.cmd 4,086682723E-7
500 4 9 iJN1463.cmd 3,298870454E-6
500 4 8 iMM904.cmd 4,1431299951E-7
500 4 8 iJN1463.cmd 3,1644453202E-6
500 14 13 iMM904.cmd 5,1728042242E-8
500 14 13 iJN1463.cmd 1,2460546926E-6
500 11 2 iMM904.cmd 7,4064588387E-8
500 11 2 iJN1463.cmd 1,7552848938E-6
500 6 2 iMM904.cmd 3,5241268048E-7
500 6 2 iJN1463.cmd 2,4322556328E-6
500 14 6 iMM904.cmd 7,3002232784E-8
500 14 6 iJN1463.cmd 2,2483300963E-6
500 13 2 iMM904.cmd 6,852245514E-8
500 13 2 iJN1463.cmd 1,8915192198E-6
500 2 11 iMM904.cmd 4,7094574656E-7
500 2 11 iJN1463.cmd 1,8556150235E-6
500 3 9 iMM904.cmd 4,8216701489E-7
500 3 9 iJN1463.cmd 2,8454814167E-6
500 3 10 iMM904.cmd 5,0374139363E-7
500 3 10 iJN1463.cmd 2,5804200568E-6
500 3 12 iMM904.cmd 4,3037634708E-7
500 3 12 iJN1463.cmd 1,9453708302E-6
500 4 7 iMM904.cmd 3,1045159566E-7
500 4 7 iJN1463.cmd 2,0293619075E-6
500 4 11 iMM904.cmd 3,561469292E-7
500 4 11 iJN1463.cmd 1,8174403373E-6
500 5 2 iMM904.cmd 3,5096021793E-7
500 5 2 iJN1463.cmd 2,1135174721E-6
500 5 8 iMM904.cmd 3,4048057851E-7
500 5 8 iJN1463.cmd 2,632164529E-6
500 5 9 iMM904.cmd 2,8831930179E-7
500 5 9 iJN1463.cmd 2,2929527671E-6
500 6 1 iMM904.cmd 2,5777195185E-7
500 6 1 iJN1463.cmd 1,651511798E-6
500 6 3 iMM904.cmd 3,286491409E-7
500 6 3 iJN1463.cmd 2,5263594453E-6
500 6 4 iMM904.cmd 2,2823977318E-7
500 6 4 iJN1463.cmd 2,1414868121E-6
500 6 13 iMM904.cmd 1,8077449235E-7
500 6 13 iJN1463.cmd 1,2936506551E-6
500 7 5 iMM904.cmd 1,4018093526E-7
500 7 5 iJN1463.cmd 1,4863968424E-6
500 7 12 iMM904.cmd 1,8956687068E-7
500 7 12 iJN1463.cmd 1,5361046979E-6
500 7 14 iMM904.cmd 1,1703797785E-7
500 7 14 iJN1463.cmd 1,3488783177E-6
500 8 4 iMM904.cmd 1,016795656E-7
500 8 4 iJN1463.cmd 1,2884877572E-6
500 8 7 iMM904.cmd 7,9539689636E-8
500 8 7 iJN1463.cmd 1,4379874482E-6
500 8 12 iMM904.cmd 1,7370228378E-7
500 8 12 iJN1463.cmd 1,5918508838E-6
500 8 14 iMM904.cmd 1,0425115422E-7
500 8 14 iJN1463.cmd 1,3311645836E-6
500 9 6 iMM904.cmd 8,2302201506E-8
500 9 6 iJN1463.cmd 1,3554193917E-6
500 9 8 iMM904.cmd 6,9286766789E-8
500 9 8 iJN1463.cmd 1,2845210982E-6
500 10 2 iMM904.cmd 6,5012139455E-8
500 10 2 iJN1463.cmd 1,1948839981E-6
500 10 7 iMM904.cmd 5,7323935719E-8
500 10 7 iJN1463.cmd 1,3612559516E-6
500 10 11 iMM904.cmd 8,7672912132E-8
500 10 11 iJN1463.cmd 1,365761348E-6
500 11 1 iMM904.cmd 7,5187098205E-8
500 11 1 iJN1463.cmd 1,719445498E-6
500 11 3 iMM904.cmd 5,9677210048E-8
500 11 3 iJN1463.cmd 1,3635504311E-6
500 11 10 iMM904.cmd 5,6211003216E-8
500 11 10 iJN1463.cmd 1,0451767839E-6
500 11 12 iMM904.cmd 7,1703039645E-8
500 11 12 iJN1463.cmd 1,6799793509E-6
500 12 0 iMM904.cmd 6,97390077E-8
500 12 0 iJN1463.cmd 1,7269725463E-6
500 12 2 iMM904.cmd 7,786837475E-8
500 12 2 iJN1463.cmd 2,0610283552E-6
500 13 1 iMM904.cmd 6,7400673812E-8
500 13 1 iJN1463.cmd 1,8197284928E-6
500 13 3 iMM904.cmd 5,6659738055E-8
500 13 3 iJN1463.cmd 1,5636868376E-6
500 13 6 iMM904.cmd 5,371522315E-8
500 13 6 iJN1463.cmd 1,620249308E-6
500 13 7 iMM904.cmd 5,4957820765E-8
500 13 7 iJN1463.cmd 1,6570076402E-6
500 13 13 iMM904.cmd 4,4185598727E-8
500 13 13 iJN1463.cmd 9,7188874903E-7
500 14 2 iMM904.cmd 5,7472173717E-8
500 14 2 iJN1463.cmd 1,5989471387E-6
500 14 5 iMM904.cmd 5,6610441919E-8
500 14 5 iJN1463.cmd 1,7078749027E-6
500 14 8 iMM904.cmd 5,3748878742E-8
500 14 8 iJN1463.cmd 1,6149967129E-6
500 14 12 iMM904.cmd 4,525892026E-8
500 14 12 iJN1463.cmd 1,1074118477E-6
500 14 14 iMM904.cmd 4,4750543196E-8
500 14 14 iJN1463.cmd 9,9725629566E-7
500 12 3 iMM904.cmd 6,6928329439E-8
500 12 3 iJN1463.cmd 1,75231592E-6
500 10 1 iMM904.cmd 6,7016128547E-8
500 10 1 iJN1463.cmd 1,1325095385E-6
500 11 0 iMM904.cmd 6,8422107697E-8
500 11 0 iJN1463.cmd 1,4643297245E-6
500 13 0 iMM904.cmd 5,9140031543E-8
500 13 0 iJN1463.cmd 1,5344462013E-6
500 14 1 iMM904.cmd 5,483107285E-8
500 14 1 iJN1463.cmd 1,4855616339E-6
500 5 7 iMM904.cmd 2,3925351045E-7
500 5 7 iJN1463.cmd 1,6981897818E-6
500 2 10 iMM904.cmd 4,8313997048E-7
500 2 10 iJN1463.cmd 1,9434911631E-6
500 2 12 iMM904.cmd 4,3192093743E-7
500 2 12 iJN1463.cmd 1,5261794717E-6
500 4 12 iMM904.cmd 3,2088443482E-7
500 4 12 iJN1463.cmd 1,5069439085E-6
500 5 1 iMM904.cmd 2,9364891045E-7
500 5 1 iJN1463.cmd 1,6777606501E-6
500 5 3 iMM904.cmd 3,505124888E-7
500 5 3 iJN1463.cmd 2,3553953929E-6
500 6 5 iMM904.cmd 1,6641493041E-7
500 6 5 iJN1463.cmd 1,3855386054E-6
500 6 12 iMM904.cmd 1,9810659256E-7
500 6 12 iJN1463.cmd 1,2831117881E-6
500 8 5 iMM904.cmd 1,0261462297E-7
500 8 5 iJN1463.cmd 1,2914489032E-6
500 10 10 iMM904.cmd 6,8578216423E-8
500 10 10 iJN1463.cmd 9,8134911094E-7
500 13 5 iMM904.cmd 4,4028088195E-8
500 13 5 iJN1463.cmd 1,2941326101E-6
500 13 8 iMM904.cmd 4,5115841674E-8
500 13 8 iJN1463.cmd 1,3225685361E-6
500 8 6 iMM904.cmd 9,528459538E-8
500 8 6 iJN1463.cmd 1,3011944221E-6
500 8 8 iMM904.cmd 7,1073734045E-8
500 8 8 iJN1463.cmd 1,3504121203E-6
500 10 3 iMM904.cmd 5,6445034536E-8
500 10 3 iJN1463.cmd 9,9835818817E-7
500 13 12 iMM904.cmd 4,2687748325E-8
500 13 12 iJN1463.cmd 9,6494669182E-7
500 14 3 iMM904.cmd 4,9621077819E-8
500 14 3 iJN1463.cmd 1,3909970431E-6
500 6 14 iMM904.cmd 1,0305890419E-7
500 6 14 iJN1463.cmd 9,7552089586E-7
500 13 14 iMM904.cmd 3,4337928424E-8
500 13 14 iJN1463.cmd 7,3077587489E-7
500 2 9 iMM904.cmd 4,6273635758E-7
500 2 9 iJN1463.cmd 1,8240297836E-6
500 3 7 iMM904.cmd 3,6262203608E-7
500 3 7 iJN1463.cmd 1,5491988915E-6
500 4 6 iMM904.cmd 2,3106492635E-7
500 4 6 iJN1463.cmd 1,4351390342E-6
500 5 10 iMM904.cmd 2,309978035E-7
500 5 10 iJN1463.cmd 1,470509601E-6
500 6 9 iMM904.cmd 1,9324384423E-7
500 6 9 iJN1463.cmd 1,2684550759E-6
500 7 11 iMM904.cmd 1,5080345277E-7
500 7 11 iJN1463.cmd 1,0655714665E-6
500 8 11 iMM904.cmd 1,2930573679E-7
500 8 11 iJN1463.cmd 1,0772499013E-6
500 9 12 iMM904.cmd 1,3794811004E-7
500 9 12 iJN1463.cmd 1,2742972833E-6
500 12 6 iMM904.cmd 3,3860797562E-8
500 12 6 iJN1463.cmd 9,5390399234E-7
500 12 7 iMM904.cmd 3,8263702718E-8
500 12 7 iJN1463.cmd 1,0801874217E-6
500 12 12 iMM904.cmd 5,0984005064E-8
500 12 12 iJN1463.cmd 1,1287101158E-6
500 14 4 iMM904.cmd 4,5626872965E-8
500 14 4 iJN1463.cmd 1,3199494721E-6
500 14 9 iMM904.cmd 3,3181807795E-8
500 14 9 iJN1463.cmd 8,9796876063E-7
500 4 2 iMM904.cmd 3,9630338027E-7
500 4 2 iJN1463.cmd 1,6631076536E-6
500 5 11 iMM904.cmd 2,5192057392E-7
500 5 11 iJN1463.cmd 1,3478132897E-6
500 5 13 iMM904.cmd 1,9320552389E-7
500 5 13 iJN1463.cmd 9,7915851542E-7
500 6 0 iMM904.cmd 2,2012853933E-7
500 6 0 iJN1463.cmd 1,1663174738E-6
500 7 1 iMM904.cmd 1,5851545151E-7
500 7 1 iJN1463.cmd 9,7594200487E-7
500 7 6 iMM904.cmd 1,2488825097E-7
500 7 6 iJN1463.cmd 1,1897901268E-6
500 8 3 iMM904.cmd 7,1777475327E-8
500 8 3 iJN1463.cmd 8,2796393487E-7
500 9 4 iMM904.cmd 6,9462449475E-8
500 9 4 iJN1463.cmd 9,3681086222E-7
500 9 5 iMM904.cmd 8,0367144562E-8
500 9 5 iJN1463.cmd 1,13057297E-6
500 9 11 iMM904.cmd 1,0726220282E-7
500 9 11 iJN1463.cmd 1,0882368036E-6
500 11 7 iMM904.cmd 3,5176720207E-8
500 11 7 iJN1463.cmd 8,5484924257E-7
500 14 11 iMM904.cmd 3,1800805673E-8
500 14 11 iJN1463.cmd 7,2850985636E-7
500 1 11 iMM904.cmd 3,9078773966E-7
500 1 11 iJN1463.cmd 1,2229652826E-6
500 9 2 iMM904.cmd 6,185283467E-8
500 9 2 iJN1463.cmd 7,576324013E-7
500 9 9 iMM904.cmd 6,3802605506E-8
500 9 9 iJN1463.cmd 8,5975382938E-7
500 11 4 iMM904.cmd 4,0297334878E-8
500 11 4 iJN1463.cmd 7,9947695292E-7
500 11 9 iMM904.cmd 3,9612266881E-8
500 11 9 iJN1463.cmd 6,6692320284E-7
500 12 10 iMM904.cmd 3,4784306917E-8
500 12 10 iJN1463.cmd 6,5154085948E-7
500 12 13 iMM904.cmd 3,9711879673E-8
500 12 13 iJN1463.cmd 7,898251574E-7
500 13 4 iMM904.cmd 4,3880659142E-8
500 13 4 iJN1463.cmd 1,2489946151E-6
500 9 14 iMM904.cmd 4,1097186281E-8
500 9 14 iJN1463.cmd 5,6473323929E-7
500 10 0 iMM904.cmd 6,2743225742E-8
500 10 0 iJN1463.cmd 9,4652407006E-7
500 14 0 iMM904.cmd 4,6991038489E-8
500 14 0 iJN1463.cmd 1,2196676697E-6
500 5 12 iMM904.cmd 2,4246847412E-7
500 5 12 iJN1463.cmd 1,2325781673E-6
500 6 11 iMM904.cmd 1,8834732417E-7
500 6 11 iJN1463.cmd 1,0924111493E-6
500 9 3 iMM904.cmd 6,0920903808E-8
500 9 3 iJN1463.cmd 8,0175557073E-7
500 9 1 iMM904.cmd 6,7055298286E-8
500 9 1 iJN1463.cmd 6,8382560129E-7
500 9 10 iMM904.cmd 8,1539992721E-8
500 9 10 iJN1463.cmd 8,2595495714E-7
500 10 9 iMM904.cmd 5,2949779511E-8
500 10 9 iJN1463.cmd 7,3274715874E-7
500 5 6 iMM904.cmd 1,7950595509E-7
500 5 6 iJN1463.cmd 1,167543059E-6
500 10 4 iMM904.cmd 4,9651263746E-8
500 10 4 iJN1463.cmd 7,8500078242E-7
500 5 0 iMM904.cmd 2,6040106294E-7
500 5 0 iJN1463.cmd 1,1713419729E-6
500 6 6 iMM904.cmd 1,4707939443E-7
500 6 6 iJN1463.cmd 1,0750878518E-6
500 12 5 iMM904.cmd 2,8859047937E-8
500 12 5 iJN1463.cmd 7,8015915222E-7
500 13 9 iMM904.cmd 3,022076298E-8
500 13 9 iJN1463.cmd 7,3678775998E-7
500 1 10 iMM904.cmd 3,9318061597E-7
500 1 10 iJN1463.cmd 1,2294529037E-6
500 1 12 iMM904.cmd 3,6058328335E-7
500 1 12 iJN1463.cmd 1,0275883345E-6
500 4 13 iMM904.cmd 2,1890781647E-7
500 4 13 iJN1463.cmd 9,2192166038E-7
500 13 11 iMM904.cmd 3,02680518E-8
500 13 11 iJN1463.cmd 6,4430017174E-7
500 6 7 iMM904.cmd 1,6931334096E-7
500 6 7 iJN1463.cmd 1,0908609555E-6
500 5 5 iMM904.cmd 1,4544029342E-7
500 5 5 iJN1463.cmd 9,8957841724E-7
500 6 10 iMM904.cmd 1,7801728366E-7
500 6 10 iJN1463.cmd 1,0329203156E-6
500 2 13 iMM904.cmd 3,36787226E-7
500 2 13 iJN1463.cmd 9,1819280484E-7
500 11 6 iMM904.cmd 2,6155533021E-8
500 11 6 iJN1463.cmd 6,408816192E-7
500 14 10 iMM904.cmd 2,6164362697E-8
500 14 10 iJN1463.cmd 5,9686018862E-7
500 7 0 iMM904.cmd 1,4730353263E-7
500 7 0 iJN1463.cmd 7,8990477338E-7
500 11 8 iMM904.cmd 2,9864645884E-8
500 11 8 iJN1463.cmd 5,711080185E-7
500 8 2 iMM904.cmd 6,7298701626E-8
500 8 2 iJN1463.cmd 6,1206847608E-7
500 12 9 iMM904.cmd 3,0249483132E-8
500 12 9 iJN1463.cmd 5,6135312005E-7
500 5 14 iMM904.cmd 9,3047629673E-8
500 5 14 iJN1463.cmd 6,2851349496E-7
500 12 14 iMM904.cmd 2,2589432378E-8
500 12 14 iJN1463.cmd 4,4986297349E-7
500 1 9 iMM904.cmd 3,7580493815E-7
500 1 9 iJN1463.cmd 1,113052041E-6
500 2 8 iMM904.cmd 4,2242474279E-7
500 2 8 iJN1463.cmd 1,2487113044E-6
500 8 10 iMM904.cmd 9,9910260495E-8
500 8 10 iJN1463.cmd 7,3487583142E-7
500 2 7 iMM904.cmd 3,890552708E-7
500 2 7 iJN1463.cmd 1,1533209364E-6
500 7 9 iMM904.cmd 1,4401752679E-7
500 7 9 iJN1463.cmd 7,718568446E-7
500 7 10 iMM904.cmd 1,33671933E-7
500 7 10 iJN1463.cmd 7,7712998585E-7
500 8 1 iMM904.cmd 8,7181324098E-8
500 8 1 iJN1463.cmd 6,0846231953E-7
500 13 10 iMM904.cmd 2,6794366866E-8
500 13 10 iJN1463.cmd 5,5485915157E-7
500 3 2 iMM904.cmd 3,6632007895E-7
500 3 2 iJN1463.cmd 1,1308340568E-6
500 11 5 iMM904.cmd 2,5769456011E-8
500 11 5 iJN1463.cmd 5,7162733698E-7
500 0 11 iMM904.cmd 1,6474986159E-7
500 0 11 iJN1463.cmd 5,8833534532E-7
500 9 0 iMM904.cmd 6,4241962241E-8
500 9 0 iJN1463.cmd 5,6659343154E-7
500 1 13 iMM904.cmd 2,8411305804E-7
500 1 13 iJN1463.cmd 6,8765584338E-7
500 4 14 iMM904.cmd 8,4662358866E-8
500 4 14 iJN1463.cmd 4,3421718759E-7
500 0 10 iMM904.cmd 1,6375714757E-7
500 0 10 iJN1463.cmd 5,7712330549E-7
500 0 12 iMM904.cmd 1,4617141933E-7
500 0 12 iJN1463.cmd 4,8543458028E-7
500 4 0 iMM904.cmd 2,6651076296E-7
500 4 0 iJN1463.cmd 8,7230264317E-7
500 8 0 iMM904.cmd 8,7437821889E-8
500 8 0 iJN1463.cmd 5,1760795157E-7
500 1 8 iMM904.cmd 3,4799443549E-7
500 1 8 iJN1463.cmd 8,9040614996E-7
500 2 14 iMM904.cmd 1,1119855569E-7
500 2 14 iJN1463.cmd 3,4979352861E-7
500 0 9 iMM904.cmd 1,4968564759E-7
500 0 9 iJN1463.cmd 4,9934631959E-7
500 1 7 iMM904.cmd 3,2652496753E-7
500 1 7 iJN1463.cmd 8,0202846223E-7
500 2 2 iMM904.cmd 3,3441983093E-7
500 2 2 iJN1463.cmd 9,4347482746E-7
500 3 1 iMM904.cmd 3,2766984675E-7
500 3 1 iJN1463.cmd 9,3043533739E-7
500 3 3 iMM904.cmd 3,366338273E-7
500 3 3 iJN1463.cmd 9,6465819025E-7
500 10 14 iMM904.cmd 1,1577824593E-8
500 10 14 iJN1463.cmd 1,8245586304E-7
500 0 13 iMM904.cmd 1,0602426469E-7
500 0 13 iJN1463.cmd 3,1391258606E-7
500 11 14 iMM904.cmd 9,3716043921E-9
500 11 14 iJN1463.cmd 1,7198678391E-7
500 1 14 iMM904.cmd 9,8442471649E-8
500 1 14 iJN1463.cmd 2,8290454157E-7
500 3 0 iMM904.cmd 2,7435418158E-7
500 3 0 iJN1463.cmd 7,989871563E-7
500 0 8 iMM904.cmd 1,2810122836E-7
500 0 8 iJN1463.cmd 3,8844995594E-7
500 3 14 iMM904.cmd 4,8379726184E-8
500 3 14 iJN1463.cmd 2,0981096358E-7
500 2 3 iMM904.cmd 3,0419442335E-7
500 2 3 iJN1463.cmd 8,7624889408E-7
500 0 7 iMM904.cmd 1,0046215453E-7
500 0 7 iJN1463.cmd 2,9457754711E-7
500 1 2 iMM904.cmd 2,4313370317E-7
500 1 2 iJN1463.cmd 7,0124279344E-7
500 3 4 iMM904.cmd 2,790332198E-7
500 3 4 iJN1463.cmd 8,513819376E-7
500 0 14 iMM904.cmd 4,6695981649E-8
500 0 14 iJN1463.cmd 1,5075554221E-7
500 2 0 iMM904.cmd 2,3099398159E-7
500 2 0 iJN1463.cmd 7,0675456054E-7
500 1 3 iMM904.cmd 2,3057382775E-7
500 1 3 iJN1463.cmd 6,8850381944E-7
500 2 4 iMM904.cmd 2,4837390937E-7
500 2 4 iJN1463.cmd 8,0075646079E-7
500 4 4 iMM904.cmd 2,3021131126E-7
500 4 4 iJN1463.cmd 7,915068468E-7
500 0 2 iMM904.cmd 5,6256322098E-8
500 0 2 iJN1463.cmd 2,4303183776E-7
500 1 1 iMM904.cmd 1,9214213303E-7
500 1 1 iJN1463.cmd 6,2254296295E-7
500 0 6 iMM904.cmd 2,2948114187E-8
500 0 6 iJN1463.cmd 9,9100403127E-8
500 10 13 iMM904.cmd 2,5967401083E-9
500 10 13 iJN1463.cmd 9,5403049046E-8
500 1 0 iMM904.cmd 1,7794245921E-7
500 1 0 iJN1463.cmd 6,0144012902E-7
500 1 4 iMM904.cmd 1,8773053525E-7
500 1 4 iJN1463.cmd 6,5169483277E-7
500 0 3 iMM904.cmd 5,0583128017E-8
500 0 3 iJN1463.cmd 2,3451819331E-7
500 2 5 iMM904.cmd 1,8659513783E-7
500 2 5 iJN1463.cmd 7,5537099987E-7
500 0 1 iMM904.cmd 3,969677872E-8
500 0 1 iJN1463.cmd 2,141070515E-7
500 1 5 iMM904.cmd 1,405034306E-7
500 1 5 iJN1463.cmd 6,3402544802E-7
500 0 4 iMM904.cmd 3,4307248105E-8
500 0 4 iJN1463.cmd 2,0536469587E-7
500 0 0 iMM904.cmd 3,2549767444E-8
500 0 0 iJN1463.cmd 1,966400584E-7
500 0 5 iMM904.cmd 2,0939950347E-8
500 0 5 iJN1463.cmd 1,7212943973E-7
1000 3 11 iMM904.cmd 5,0070524454E-7
1000 3 11 iJN1463.cmd 1,6827599095E-6
1000 14 7 iMM904.cmd 5,0210734229E-8
1000 14 7 iJN1463.cmd 1,455904223E-6
1000 7 13 iMM904.cmd 2,1940996402E-7
1000 7 13 iJN1463.cmd 1,2687375119E-6
1000 7 4 iMM904.cmd 1,7373716992E-7
1000 7 4 iJN1463.cmd 1,4641661216E-6
1000 8 13 iMM904.cmd 1,9686681673E-7
1000 8 13 iJN1463.cmd 1,2746361278E-6
1000 11 11 iMM904.cmd 7,5864166915E-8
1000 11 11 iJN1463.cmd 1,136873356E-6
1000 12 1 iMM904.cmd 6,6155182831E-8
1000 12 1 iJN1463.cmd 1,5354779467E-6
1000 9 7 iMM904.cmd 7,8137613143E-8
1000 9 7 iJN1463.cmd 1,2318143933E-6
1000 4 9 iMM904.cmd 4,8930058734E-7
1000 4 9 iJN1463.cmd 2,1239939192E-6
1000 4 8 iMM904.cmd 4,5108156933E-7
1000 4 8 iJN1463.cmd 2,0851202084E-6
1000 14 13 iMM904.cmd 4,2615182869E-8
1000 14 13 iJN1463.cmd 9,2122385309E-7
1000 11 2 iMM904.cmd 6,6760324143E-8
1000 11 2 iJN1463.cmd 1,3488905558E-6
1000 6 2 iMM904.cmd 3,7238775296E-7
1000 6 2 iJN1463.cmd 1,7804462554E-6
1000 14 6 iMM904.cmd 5,1443879083E-8
1000 14 6 iJN1463.cmd 1,5057391636E-6
1000 13 2 iMM904.cmd 6,0823733562E-8
1000 13 2 iJN1463.cmd 1,5688293018E-6
1000 2 11 iMM904.cmd 5,1603150523E-7
1000 2 11 iJN1463.cmd 1,5278622957E-6
1000 3 9 iMM904.cmd 5,374028015E-7
1000 3 9 iJN1463.cmd 2,0167976892E-6
1000 3 10 iMM904.cmd 5,4568160962E-7
1000 3 10 iJN1463.cmd 1,8959990495E-6
1000 3 12 iMM904.cmd 4,7158492848E-7
1000 3 12 iJN1463.cmd 1,5255527876E-6
1000 4 7 iMM904.cmd 4,10292852E-7
1000 4 7 iJN1463.cmd 1,7804200037E-6
1000 4 11 iMM904.cmd 4,1107319927E-7
1000 4 11 iJN1463.cmd 1,5406533199E-6
1000 5 2 iMM904.cmd 4,2088584466E-7
1000 5 2 iJN1463.cmd 1,7660323118E-6
1000 5 8 iMM904.cmd 4,0558885329E-7
1000 5 8 iJN1463.cmd 1,9638086549E-6
1000 5 9 iMM904.cmd 3,9425640852E-7
1000 5 9 iJN1463.cmd 1,8225401243E-6
1000 6 1 iMM904.cmd 3,1984874016E-7
1000 6 1 iJN1463.cmd 1,4330472077E-6
1000 6 3 iMM904.cmd 3,471261157E-7
1000 6 3 iJN1463.cmd 1,9067884598E-6
1000 6 4 iMM904.cmd 2,4603298189E-7
1000 6 4 iJN1463.cmd 1,6719416655E-6
1000 6 13 iMM904.cmd 2,3864835799E-7
1000 6 13 iJN1463.cmd 1,2052280634E-6
1000 7 5 iMM904.cmd 1,6627841354E-7
1000 7 5 iJN1463.cmd 1,3994209438E-6
1000 7 12 iMM904.cmd 2,3865720748E-7
1000 7 12 iJN1463.cmd 1,2704448127E-6
1000 7 14 iMM904.cmd 1,7088871883E-7
1000 7 14 iJN1463.cmd 1,2015248611E-6
1000 8 4 iMM904.cmd 1,1669844402E-7
1000 8 4 iJN1463.cmd 1,2191816455E-6
1000 8 7 iMM904.cmd 8,7956943263E-8
1000 8 7 iJN1463.cmd 1,2846850742E-6
1000 8 12 iMM904.cmd 2,0292340594E-7
1000 8 12 iJN1463.cmd 1,2612166519E-6
1000 8 14 iMM904.cmd 1,4119475895E-7
1000 8 14 iJN1463.cmd 1,1172223104E-6
1000 9 6 iMM904.cmd 9,330786673E-8
1000 9 6 iJN1463.cmd 1,2558126898E-6
1000 9 8 iMM904.cmd 7,9233119694E-8
1000 9 8 iJN1463.cmd 1,1886019212E-6
1000 10 2 iMM904.cmd 7,2730585518E-8
1000 10 2 iJN1463.cmd 1,1459340448E-6
1000 10 7 iMM904.cmd 5,937856953E-8
1000 10 7 iJN1463.cmd 1,1464429508E-6
1000 10 11 iMM904.cmd 1,0140806174E-7
1000 10 11 iJN1463.cmd 1,1225567601E-6
1000 11 1 iMM904.cmd 7,0131811857E-8
1000 11 1 iJN1463.cmd 1,3750755787E-6
1000 11 3 iMM904.cmd 6,1798640002E-8
1000 11 3 iJN1463.cmd 1,25452708E-6
1000 11 10 iMM904.cmd 6,5496499543E-8
1000 11 10 iJN1463.cmd 9,7329766395E-7
1000 11 12 iMM904.cmd 6,3812725321E-8
1000 11 12 iJN1463.cmd 1,1784296589E-6
1000 12 0 iMM904.cmd 6,6592831375E-8
1000 12 0 iJN1463.cmd 1,5204888738E-6
1000 12 2 iMM904.cmd 6,4216462674E-8
1000 12 2 iJN1463.cmd 1,5199695896E-6
1000 13 1 iMM904.cmd 6,2305755747E-8
1000 13 1 iJN1463.cmd 1,5770452821E-6
1000 13 3 iMM904.cmd 5,7335235945E-8
1000 13 3 iJN1463.cmd 1,5151205481E-6
1000 13 6 iMM904.cmd 4,7698087867E-8
1000 13 6 iJN1463.cmd 1,3608867592E-6
1000 13 7 iMM904.cmd 4,7338642496E-8
1000 13 7 iJN1463.cmd 1,3350066668E-6
1000 13 13 iMM904.cmd 4,2601086802E-8
1000 13 13 iJN1463.cmd 8,904284636E-7
1000 14 2 iMM904.cmd 5,8350966892E-8
1000 14 2 iJN1463.cmd 1,5606665078E-6
1000 14 5 iMM904.cmd 5,1142477769E-8
1000 14 5 iJN1463.cmd 1,4813272501E-6
1000 14 8 iMM904.cmd 4,6105345007E-8
1000 14 8 iJN1463.cmd 1,2851060574E-6
1000 14 12 iMM904.cmd 4,1737354153E-8
1000 14 12 iJN1463.cmd 9,1261772815E-7
1000 14 14 iMM904.cmd 4,1152857568E-8
1000 14 14 iJN1463.cmd 8,9766890725E-7
1000 12 3 iMM904.cmd 6,1287907137E-8
1000 12 3 iJN1463.cmd 1,4675536272E-6
1000 10 1 iMM904.cmd 7,8353890398E-8
1000 10 1 iJN1463.cmd 1,1507190691E-6
1000 11 0 iMM904.cmd 7,1439748843E-8
1000 11 0 iJN1463.cmd 1,3645994964E-6
1000 13 0 iMM904.cmd 6,2334361587E-8
1000 13 0 iJN1463.cmd 1,5569072724E-6
1000 14 1 iMM904.cmd 5,9399650654E-8
1000 14 1 iJN1463.cmd 1,5594087771E-6
1000 5 7 iMM904.cmd 3,475100951E-7
1000 5 7 iJN1463.cmd 1,7035811887E-6
1000 2 10 iMM904.cmd 5,3710356208E-7
1000 2 10 iJN1463.cmd 1,6457221089E-6
1000 2 12 iMM904.cmd 4,7775618846E-7
1000 2 12 iJN1463.cmd 1,3306703722E-6
1000 4 12 iMM904.cmd 3,7442641709E-7
1000 4 12 iJN1463.cmd 1,3841762227E-6
1000 5 1 iMM904.cmd 3,7368654149E-7
1000 5 1 iJN1463.cmd 1,5299070846E-6
1000 5 3 iMM904.cmd 4,0112760371E-7
1000 5 3 iJN1463.cmd 1,9796450637E-6
1000 6 5 iMM904.cmd 2,1804897004E-7
1000 6 5 iJN1463.cmd 1,4762159383E-6
1000 6 12 iMM904.cmd 2,7554844756E-7
1000 6 12 iJN1463.cmd 1,272693197E-6
1000 8 5 iMM904.cmd 1,2066936903E-7
1000 8 5 iJN1463.cmd 1,2825777525E-6
1000 10 10 iMM904.cmd 8,8693050471E-8
1000 10 10 iJN1463.cmd 1,0192688175E-6
1000 13 5 iMM904.cmd 4,7998129235E-8
1000 13 5 iJN1463.cmd 1,3574865631E-6
1000 13 8 iMM904.cmd 4,5134249855E-8
1000 13 8 iJN1463.cmd 1,2264408688E-6
1000 8 6 iMM904.cmd 1,1402600333E-7
1000 8 6 iJN1463.cmd 1,2990359881E-6
1000 8 8 iMM904.cmd 7,986846202E-8
1000 8 8 iJN1463.cmd 1,2658532852E-6
1000 10 3 iMM904.cmd 6,8558180918E-8
1000 10 3 iJN1463.cmd 1,1101205178E-6
1000 13 12 iMM904.cmd 4,3639786685E-8
1000 13 12 iJN1463.cmd 9,2557816643E-7
1000 14 3 iMM904.cmd 5,5572741296E-8
1000 14 3 iJN1463.cmd 1,5221960658E-6
1000 6 14 iMM904.cmd 1,8458642582E-7
1000 6 14 iJN1463.cmd 1,1266338136E-6
1000 13 14 iMM904.cmd 3,9025462998E-8
1000 13 14 iJN1463.cmd 8,2497676859E-7
1000 2 9 iMM904.cmd 5,3291500832E-7
1000 2 9 iJN1463.cmd 1,6299432824E-6
1000 3 7 iMM904.cmd 4,5411554969E-7
1000 3 7 iJN1463.cmd 1,5834247833E-6
1000 4 6 iMM904.cmd 3,4897247924E-7
1000 4 6 iJN1463.cmd 1,631840994E-6
1000 5 10 iMM904.cmd 3,4634587508E-7
1000 5 10 iJN1463.cmd 1,5429784029E-6
1000 6 9 iMM904.cmd 3,1222540015E-7
1000 6 9 iJN1463.cmd 1,4479348802E-6
1000 7 11 iMM904.cmd 2,382834693E-7
1000 7 11 iJN1463.cmd 1,217653243E-6
1000 8 11 iMM904.cmd 1,9010620755E-7
1000 8 11 iJN1463.cmd 1,17244665E-6
1000 9 12 iMM904.cmd 1,7478853995E-7
1000 9 12 iJN1463.cmd 1,2341948258E-6
1000 12 6 iMM904.cmd 4,3010149684E-8
1000 12 6 iJN1463.cmd 1,153410093E-6
1000 12 7 iMM904.cmd 4,4477836305E-8
1000 12 7 iJN1463.cmd 1,1700433641E-6
1000 12 12 iMM904.cmd 5,0603936805E-8
1000 12 12 iJN1463.cmd 1,0201146649E-6
1000 14 4 iMM904.cmd 5,2454811619E-8
1000 14 4 iJN1463.cmd 1,4854807504E-6
1000 14 9 iMM904.cmd 4,1020787802E-8
1000 14 9 iJN1463.cmd 1,0420594411E-6
1000 4 2 iMM904.cmd 4,8293389338E-7
1000 4 2 iJN1463.cmd 1,580291452E-6
1000 5 11 iMM904.cmd 3,4199829027E-7
1000 5 11 iJN1463.cmd 1,4270013102E-6
1000 5 13 iMM904.cmd 2,551352225E-7
1000 5 13 iJN1463.cmd 1,1355486888E-6
1000 6 0 iMM904.cmd 2,9940853313E-7
1000 6 0 iJN1463.cmd 1,2484899327E-6
1000 7 1 iMM904.cmd 2,2294167763E-7
1000 7 1 iJN1463.cmd 1,1112140956E-6
1000 7 6 iMM904.cmd 1,6585972973E-7
1000 7 6 iJN1463.cmd 1,362787194E-6
1000 8 3 iMM904.cmd 9,5301215463E-8
1000 8 3 iJN1463.cmd 1,0272510375E-6
1000 9 4 iMM904.cmd 8,7760941073E-8
1000 9 4 iJN1463.cmd 1,1139437207E-6
1000 9 5 iMM904.cmd 9,7086136488E-8
1000 9 5 iJN1463.cmd 1,2111102981E-6
1000 9 11 iMM904.cmd 1,4565780189E-7
1000 9 11 iJN1463.cmd 1,1472303576E-6
1000 11 7 iMM904.cmd 4,6356429543E-8
1000 11 7 iJN1463.cmd 1,0352792402E-6
1000 14 11 iMM904.cmd 3,8862380593E-8
1000 14 11 iJN1463.cmd 8,6561666433E-7
1000 1 11 iMM904.cmd 4,6680134486E-7
1000 1 11 iJN1463.cmd 1,2679788713E-6
1000 9 2 iMM904.cmd 8,5127974259E-8
1000 9 2 iJN1463.cmd 9,9230986769E-7
1000 9 9 iMM904.cmd 8,8281457915E-8
1000 9 9 iJN1463.cmd 1,0448072796E-6
1000 11 4 iMM904.cmd 5,4620384119E-8
1000 11 4 iJN1463.cmd 1,0698151993E-6
1000 11 9 iMM904.cmd 5,6003589536E-8
1000 11 9 iJN1463.cmd 8,9420623689E-7
1000 12 10 iMM904.cmd 4,8274422885E-8
1000 12 10 iJN1463.cmd 8,6671610064E-7
1000 12 13 iMM904.cmd 4,3431551456E-8
1000 12 13 iJN1463.cmd 8,6928964293E-7
1000 13 4 iMM904.cmd 5,1970688602E-8
1000 13 4 iJN1463.cmd 1,4495064238E-6
1000 9 14 iMM904.cmd 7,9067939337E-8
1000 9 14 iJN1463.cmd 7,7177573563E-7
1000 10 0 iMM904.cmd 8,122961473E-8
1000 10 0 iJN1463.cmd 1,1354047658E-6
1000 14 0 iMM904.cmd 5,9190201742E-8
1000 14 0 iJN1463.cmd 1,534656954E-6
1000 5 12 iMM904.cmd 3,0892947153E-7
1000 5 12 iJN1463.cmd 1,3048900464E-6
1000 6 11 iMM904.cmd 2,8861779874E-7
1000 6 11 iJN1463.cmd 1,3034731897E-6
1000 9 3 iMM904.cmd 8,1226662811E-8
1000 9 3 iJN1463.cmd 1,0352166583E-6
1000 9 1 iMM904.cmd 9,8060864994E-8
1000 9 1 iJN1463.cmd 9,7377537732E-7
1000 9 10 iMM904.cmd 1,2229349808E-7
1000 9 10 iJN1463.cmd 1,057684696E-6
1000 10 9 iMM904.cmd 7,4363193515E-8
1000 10 9 iJN1463.cmd 9,5550273128E-7
1000 5 6 iMM904.cmd 2,8923587769E-7
1000 5 6 iJN1463.cmd 1,5241152962E-6
1000 10 4 iMM904.cmd 6,6999786749E-8
1000 10 4 iJN1463.cmd 1,0617014655E-6
1000 5 0 iMM904.cmd 3,5937964778E-7
1000 5 0 iJN1463.cmd 1,3051096416E-6
1000 6 6 iMM904.cmd 2,3395232944E-7
1000 6 6 iJN1463.cmd 1,4400400404E-6
1000 12 5 iMM904.cmd 4,2738064388E-8
1000 12 5 iJN1463.cmd 1,1329628877E-6
1000 13 9 iMM904.cmd 4,1968461307E-8
1000 13 9 iJN1463.cmd 9,8415958842E-7
1000 1 10 iMM904.cmd 4,7962526471E-7
1000 1 10 iJN1463.cmd 1,3319546134E-6
1000 1 12 iMM904.cmd 4,3183096269E-7
1000 1 12 iJN1463.cmd 1,1121605074E-6
1000 4 13 iMM904.cmd 2,8154469825E-7
1000 4 13 iJN1463.cmd 1,0986633137E-6
1000 13 11 iMM904.cmd 3,9782890442E-8
1000 13 11 iJN1463.cmd 8,6108574114E-7
1000 6 7 iMM904.cmd 2,8175812185E-7
1000 6 7 iJN1463.cmd 1,5095629582E-6
1000 5 5 iMM904.cmd 2,416938836E-7
1000 5 5 iJN1463.cmd 1,4243986308E-6
1000 6 10 iMM904.cmd 2,9386522011E-7
1000 6 10 iJN1463.cmd 1,3474404641E-6
1000 2 13 iMM904.cmd 3,9865940134E-7
1000 2 13 iJN1463.cmd 1,0001021894E-6
1000 11 6 iMM904.cmd 4,165369655E-8
1000 11 6 iJN1463.cmd 1,0158528091E-6
1000 14 10 iMM904.cmd 3,8420342495E-8
1000 14 10 iJN1463.cmd 8,9041850946E-7
1000 7 0 iMM904.cmd 2,1933867635E-7
1000 7 0 iJN1463.cmd 1,0480422338E-6
1000 11 8 iMM904.cmd 4,6717281565E-8
1000 11 8 iJN1463.cmd 8,9210069216E-7
1000 8 2 iMM904.cmd 1,0128597631E-7
1000 8 2 iJN1463.cmd 9,3386544073E-7
1000 12 9 iMM904.cmd 4,6153057292E-8
1000 12 9 iJN1463.cmd 8,7061472023E-7
1000 5 14 iMM904.cmd 1,9369524578E-7
1000 5 14 iJN1463.cmd 9,9382415812E-7
1000 12 14 iMM904.cmd 3,5475719992E-8
1000 12 14 iJN1463.cmd 7,0142456978E-7
1000 1 9 iMM904.cmd 4,7448468639E-7
1000 1 9 iJN1463.cmd 1,2916923809E-6
1000 2 8 iMM904.cmd 5,1592807904E-7
1000 2 8 iJN1463.cmd 1,3987055135E-6
1000 8 10 iMM904.cmd 1,7817155046E-7
1000 8 10 iJN1463.cmd 1,0942823202E-6
1000 2 7 iMM904.cmd 4,8679946294E-7
1000 2 7 iJN1463.cmd 1,3526955811E-6
1000 7 9 iMM904.cmd 2,6059782117E-7
1000 7 9 iJN1463.cmd 1,2212126089E-6
1000 7 10 iMM904.cmd 2,3795037508E-7
1000 7 10 iJN1463.cmd 1,1817884053E-6
1000 8 1 iMM904.cmd 1,3868341543E-7
1000 8 1 iJN1463.cmd 9,4140239583E-7
1000 13 10 iMM904.cmd 4,0594345557E-8
1000 13 10 iJN1463.cmd 8,7067577882E-7
1000 3 2 iMM904.cmd 5,3307106657E-7
1000 3 2 iJN1463.cmd 1,2993652635E-6
1000 11 5 iMM904.cmd 4,340210336E-8
1000 11 5 iJN1463.cmd 1,011759217E-6
1000 0 11 iMM904.cmd 3,5627859302E-7
1000 0 11 iJN1463.cmd 1,0138611146E-6
1000 9 0 iMM904.cmd 1,03990992E-7
1000 9 0 iJN1463.cmd 9,5138968206E-7
1000 1 13 iMM904.cmd 3,6220801494E-7
1000 1 13 iJN1463.cmd 8,7794958019E-7
1000 4 14 iMM904.cmd 1,975645047E-7
1000 4 14 iJN1463.cmd 8,4967445392E-7
1000 0 10 iMM904.cmd 3,6733034731E-7
1000 0 10 iJN1463.cmd 1,0575506935E-6
1000 0 12 iMM904.cmd 3,2327608763E-7
1000 0 12 iJN1463.cmd 8,8347059265E-7
1000 4 0 iMM904.cmd 4,075463685E-7
1000 4 0 iJN1463.cmd 1,1670432296E-6
1000 8 0 iMM904.cmd 1,4812642647E-7
1000 8 0 iJN1463.cmd 9,1521943835E-7
1000 1 8 iMM904.cmd 4,5775109293E-7
1000 1 8 iJN1463.cmd 1,1634144478E-6
1000 2 14 iMM904.cmd 2,507726747E-7
1000 2 14 iJN1463.cmd 6,9882373425E-7
1000 0 9 iMM904.cmd 3,5994073001E-7
1000 0 9 iJN1463.cmd 1,010692775E-6
1000 1 7 iMM904.cmd 4,3485132559E-7
1000 1 7 iJN1463.cmd 1,0796698506E-6
1000 2 2 iMM904.cmd 5,2888815689E-7
1000 2 2 iJN1463.cmd 1,1422257367E-6
1000 3 1 iMM904.cmd 5,1638430317E-7
1000 3 1 iJN1463.cmd 1,2052171309E-6
1000 3 3 iMM904.cmd 5,6297766726E-7
1000 3 3 iJN1463.cmd 1,2235858649E-6
1000 10 14 iMM904.cmd 4,0984386732E-8
1000 10 14 iJN1463.cmd 4,7633482404E-7
1000 0 13 iMM904.cmd 2,6697991325E-7
1000 0 13 iJN1463.cmd 6,9914597423E-7
1000 11 14 iMM904.cmd 3,0799635466E-8
1000 11 14 iJN1463.cmd 5,0162039642E-7
1000 1 14 iMM904.cmd 2,4493608973E-7
1000 1 14 iJN1463.cmd 6,382791946E-7
1000 3 0 iMM904.cmd 4,7031456798E-7
1000 3 0 iJN1463.cmd 1,1122345472E-6
1000 0 8 iMM904.cmd 3,3567768418E-7
1000 0 8 iJN1463.cmd 8,9474755395E-7
1000 3 14 iMM904.cmd 1,8230894238E-7
1000 3 14 iJN1463.cmd 6,4904469744E-7
1000 2 3 iMM904.cmd 5,3710211921E-7
1000 2 3 iJN1463.cmd 1,1197677806E-6
1000 0 7 iMM904.cmd 2,8858506922E-7
1000 0 7 iJN1463.cmd 7,5032890805E-7
1000 1 2 iMM904.cmd 4,4244365158E-7
1000 1 2 iJN1463.cmd 9,1711016339E-7
1000 3 4 iMM904.cmd 5,7022273632E-7
1000 3 4 iJN1463.cmd 1,1882317262E-6
1000 0 14 iMM904.cmd 2,0479051665E-7
1000 0 14 iJN1463.cmd 5,4446239566E-7
1000 2 0 iMM904.cmd 4,6561126704E-7
1000 2 0 iJN1463.cmd 9,9408919336E-7
1000 1 3 iMM904.cmd 4,5068812107E-7
1000 1 3 iJN1463.cmd 9,295070186E-7
1000 2 4 iMM904.cmd 5,341823427E-7
1000 2 4 iJN1463.cmd 1,0911429811E-6
1000 4 4 iMM904.cmd 5,7794399081E-7
1000 4 4 iJN1463.cmd 1,1987493239E-6
1000 0 2 iMM904.cmd 2,9208771147E-7
1000 0 2 iJN1463.cmd 6,7595322317E-7
1000 1 1 iMM904.cmd 4,0799410474E-7
1000 1 1 iJN1463.cmd 8,3094758273E-7
1000 0 6 iMM904.cmd 2,0117159887E-7
1000 0 6 iJN1463.cmd 5,3360804409E-7
1000 10 13 iMM904.cmd 3,3287456274E-8
1000 10 13 iJN1463.cmd 3,1026166641E-7
1000 1 0 iMM904.cmd 4,0862440874E-7
1000 1 0 iJN1463.cmd 8,4255421071E-7
1000 1 4 iMM904.cmd 4,4491758021E-7
1000 1 4 iJN1463.cmd 9,1377825769E-7
1000 0 3 iMM904.cmd 2,9395498063E-7
1000 0 3 iJN1463.cmd 6,8207560245E-7
1000 2 5 iMM904.cmd 5,1927790597E-7
1000 2 5 iJN1463.cmd 1,0482792924E-6
1000 0 1 iMM904.cmd 2,78037227E-7
1000 0 1 iJN1463.cmd 6,4195303353E-7
1000 1 5 iMM904.cmd 4,33348758E-7
1000 1 5 iJN1463.cmd 8,8871939624E-7
1000 0 4 iMM904.cmd 2,8233389537E-7
1000 0 4 iJN1463.cmd 6,60685747E-7
1000 0 0 iMM904.cmd 2,7269009792E-7
1000 0 0 iJN1463.cmd 6,3318167675E-7
1000 0 5 iMM904.cmd 2,5671858377E-7
1000 0 5 iJN1463.cmd 6,1379295486E-7
