0	1,5E-7	1,5E-7
1	1,5806496105E-7	1,5799097674E-7
2	1,6655293323E-7	1,6639700861E-7
3	1,7589124997E-7	1,7561795295E-7
4	1,8608705146E-7	1,8561711887E-7
5	1,9715269559E-7	1,9641431914E-7
6	2,0906790655E-7	2,0800925759E-7
7	2,2186005921E-7	2,204088621E-7
8	2,3556131877E-7	2,3365652957E-7
9	2,5021853092E-7	2,4779339615E-7
10	2,6588656479E-7	2,6285723156E-7
11	2,8262684941E-7	2,7889161921E-7
12	3,0049959414E-7	2,9594131685E-7
13	3,1956145174E-7	3,14052491E-7
14	3,3988034683E-7	3,3328367939E-7
15	3,6151835198E-7	3,5369511359E-7
16	3,8455081195E-7	3,7535492056E-7
17	4,0905684793E-7	3,9833486965E-7
18	4,3512320716E-7	4,2271202898E-7
19	4,627368772E-7	4,4855317643E-7
20	4,9095499114E-7	4,7579700997E-7
21	5,1961021725E-7	5,0449803298E-7
22	5,4877324585E-7	5,3474783391E-7
23	5,7851413956E-7	5,666413748E-7
24	6,0889851334E-7	6,0028111732E-7
25	6,4000369476E-7	6,3578638109E-7
26	6,7190750126E-7	6,731612189E-7
27	7,0465851401E-7	7,1247839787E-7
28	7,3828143557E-7	7,5383866209E-7
29	7,7284677407E-7	7,9735210644E-7
30	8,0853834397E-7	8,4316132782E-7
31	8,452028313E-7	8,9142209514E-7
32	8,827233436E-7	9,4217604932E-7
33	9,2056003943E-7	9,9551280521E-7
34	9,5863919776E-7	1,0516485138E-6
35	9,965094435E-7	1,1110024696E-6
36	1,0344591739E-6	1,1731469875E-6
37	1,0727833424E-6	1,2381367192E-6
38	1,1116577492E-6	1,306226748E-6
39	1,1514016927E-6	1,3776986226E-6
40	1,1920528532E-6	1,4527284804E-6
41	1,2336320411E-6	1,53151878E-6
42	1,2761445281E-6	1,6142935341E-6
43	1,3196101007E-6	1,701530359E-6
44	1,3638736677E-6	1,7933550822E-6
45	1,4090381072E-6	1,889871031E-6
46	1,4552665784E-6	1,991144458E-6
47	1,5027110292E-6	2,0974800071E-6
48	1,5513751664E-6	2,2091715092E-6
49	1,6012395062E-6	2,3265034376E-6
50	1,6524328898E-6	2,4498443879E-6
51	1,7050407157E-6	2,5795331002E-6
52	1,7591349374E-6	2,7159000894E-6
53	1,8147774368E-6	2,8592879289E-6
54	1,8719530624E-6	3,0099166349E-6
55	1,9307365714E-6	3,1681488239E-6
56	1,9910528684E-6	3,3340548704E-6
57	2,0527780994E-6	3,5077483195E-6
58	2,1162151285E-6	3,6892208896E-6
59	2,1814936358E-6	3,8787127433E-6
60	2,2486286648E-6	4,0768148263E-6
61	2,3177273809E-6	4,2835021751E-6
62	2,3886927434E-6	4,4995647392E-6
63	2,4617208956E-6	4,7248962986E-6
64	2,5366509567E-6	4,9601810188E-6
65	2,6136238744E-6	5,2053292431E-6
66	2,6926604162E-6	5,4609066244E-6
67	2,7738668756E-6	5,7273006704E-6
68	2,8573353527E-6	6,0050646245E-6
69	2,943156014E-6	6,2947288998E-6
70	3,0313149779E-6	6,5968830608E-6
71	3,1219669668E-6	6,9120113539E-6
72	3,2150957288E-6	7,2406458208E-6
73	3,3108537574E-6	7,5833224129E-6
74	3,4092220551E-6	7,9407463965E-6
75	3,5102110882E-6	8,3121609114E-6
76	3,6140523899E-6	8,6998182346E-6
77	3,720857455E-6	9,1042582449E-6
78	3,8306598626E-6	9,5259153721E-6
79	3,9439160689E-6	9,9619513956E-6
80	4,0602947789E-6	1,0417692681E-5
81	4,1797584513E-6	1,0892248637E-5
82	4,3022405875E-6	1,1383889312E-5
83	4,4275251875E-6	1,1890150449E-5
84	4,5552122545E-6	1,2409944104E-5
85	4,6851135935E-6	1,2942479345E-5
86	4,8151265761E-6	1,3487765314E-5
87	4,945610704E-6	1,4044729047E-5
88	5,0735415111E-6	1,4613136123E-5
89	5,1994314871E-6	1,5194357856E-5
90	5,3199284527E-6	1,5784044706E-5
91	5,437283403E-6	1,6383841957E-5
92	5,5491626265E-6	1,699392166E-5
93	5,6567343369E-6	1,7614939068E-5
94	5,7591503333E-6	1,8248590703E-5
95	5,8575443773E-6	1,8895728036E-5
96	5,9510425553E-6	1,9557173444E-5
97	6,0402603182E-6	2,0232217846E-5
98	6,1266766321E-6	2,0923524531E-5
99	6,2109400144E-6	2,1631807511E-5
100	6,2933471002E-6	2,2358029812E-5
101	6,3738553348E-6	2,310357829E-5
102	6,4530445042E-6	2,3869217627E-5
103	6,5305367215E-6	2,4655248396E-5
104	6,6061784548E-6	2,5463843716E-5
105	6,680534839E-6	2,6294416901E-5
106	6,7555081867E-6	2,7146835494E-5
107	6,8297398843E-6	2,8024235501E-5
108	6,9033955473E-6	2,8925479779E-5
109	6,9763619362E-6	2,9852659194E-5
110	7,048408148E-6	3,0806246208E-5
111	7,1199270077E-6	3,1788189637E-5
112	7,1910114768E-6	3,2798794803E-5
113	7,2615055796E-6	3,383979725E-5
114	7,3311026779E-6	3,4910730506E-5
115	7,3997788834E-6	3,6013047056E-5
116	7,4677302728E-6	3,7148397714E-5
117	7,535331767E-6	3,8317471122E-5
118	7,602631963E-6	3,9520578795E-5
119	7,6695937878E-6	4,0758219659E-5
120	7,7368590663E-6	4,2031882545E-5
121	7,8038268558E-6	4,3343715165E-5
122	7,8712285162E-6	4,4694161384E-5
123	7,9389519686E-6	4,608307569E-5
124	8,0068282911E-6	4,7513279658E-5
125	8,0745908715E-6	4,8986170075E-5
126	8,1422895845E-6	5,0502400645E-5
127	8,2095394941E-6	5,206378995E-5
128	8,2761465338E-6	5,3671332084E-5
129	8,3425984468E-6	5,5326241637E-5
130	8,408943157E-6	5,7029941652E-5
131	8,4752690731E-6	5,8783941881E-5
132	8,541791932E-6	6,0589505978E-5
133	8,6090150609E-6	6,2447988214E-5
134	8,6765878058E-6	6,4361096316E-5
135	8,7441019383E-6	6,6330736879E-5
136	8,8118513544E-6	6,8358378124E-5
137	8,8797857199E-6	7,0446372371E-5
138	8,9467716672E-6	7,2596614924E-5
139	9,0134863176E-6	7,4810350378E-5
140	9,0803298006E-6	7,7089593316E-5
141	9,1470303038E-6	7,9436564884E-5
142	9,2137136034E-6	8,1852837003E-5
143	9,2803943241E-6	8,4340805901E-5
144	9,3478723253E-6	8,6901026381E-5
145	9,4158643412E-6	8,9537246574E-5
146	9,4837920618E-6	9,2251619357E-5
147	9,5520239379E-6	9,5046293229E-5
148	9,6198241312E-6	9,7923688434E-5
149	9,6873284338E-6	1,0088615265E-4
150	9,7546251316E-6	1,03936276E-4
151	9,8219746542E-6	1,0707664897E-4
152	9,8894440287E-6	1,1030986067E-4
153	9,9567113796E-6	1,1363888487E-4
154	1,0023893954E-5	1,1706632277E-4
155	1,0091333839E-5	1,2059494003E-4
156	1,0158811903E-5	1,2422803126E-4
157	1,0226143078E-5	1,2796865425E-4
158	1,0293472499E-5	1,3181978411E-4
159	1,0360676242E-5	1,3578501145E-4
160	1,0428327855E-5	1,3986766995E-4
161	1,0496221817E-5	1,4407066014E-4
162	1,0564240574E-5	1,4839826729E-4
163	1,063155852E-5	1,5285425811E-4
164	1,0698825471E-5	1,5744208508E-4
165	1,0766216459E-5	1,6216563193E-4
166	1,0833674741E-5	1,6702898403E-4
167	1,0901072049E-5	1,7202875172E-4
168	1,096831865E-5	1,7706769771E-4
169	1,1036205767E-5	1,8199587658E-4
170	1,1103727295E-5	1,8663453233E-4
171	1,1171478087E-5	1,9076122869E-4
172	1,1239992026E-5	1,9397528567E-4
173	1,1307444259E-5	1,9628976656E-4
174	1,1375446741E-5	1,9779199033E-4
175	1,1443623129E-5	1,9873337073E-4
176	1,1511846279E-5	1,9937604387E-4
177	1,1579634264E-5	1,9985588685E-4
178	1,1647757425E-5	2,0022814233E-4
179	1,1715568306E-5	2,0052461272E-4
180	1,1783630747E-5	2,0077051184E-4
181	1,1852252066E-5	2,0098107486E-4
182	1,19222673E-5	2,0116447563E-4
183	1,1992275833E-5	2,013289592E-4
184	1,2062800275E-5	2,014789786E-4
185	1,21329105E-5	2,016187248E-4
186	1,2203685356E-5	2,0174878123E-4
187	1,2274071489E-5	2,0187333721E-4
188	1,2343207715E-5	2,0199459326E-4
189	1,2412340605E-5	2,0211250824E-4
190	1,2482488588E-5	2,0222750463E-4
191	1,2553180102E-5	2,0233971491E-4
192	1,2623876539E-5	2,0245047548E-4
193	1,2694070502E-5	2,0256061719E-4
194	1,276468822E-5	2,0266943884E-4
195	1,2835121668E-5	2,0277773556E-4
196	1,2904423946E-5	2,0288701524E-4
197	1,2973368407E-5	2,0299611948E-4
198	1,3043771155E-5	2,0310355438E-4
199	1,3114619214E-5	2,0321094727E-4
200	1,3185019249E-5	2,0331878799E-4
201	1,3254187822E-5	2,0342681252E-4
202	1,3321422056E-5	2,0353714071E-4
203	1,3390561163E-5	2,0364570372E-4
204	1,3460332997E-5	2,0375340908E-4
205	1,3530188726E-5	2,038608165E-4
206	1,3599784756E-5	2,0396786207E-4
207	1,3668808163E-5	2,0407541991E-4
208	1,3738166328E-5	2,0418226245E-4
209	1,3807484557E-5	2,0428989051E-4
210	1,3876276659E-5	2,0439721451E-4
211	1,3941560087E-5	2,0450773037E-4
212	1,4005278223E-5	2,0461994672E-4
213	1,4067510796E-5	2,0473345158E-4
214	1,4133136023E-5	2,0484355723E-4
215	1,4198030796E-5	2,0495417375E-4
216	1,4264593236E-5	2,0506332487E-4
217	1,4330731034E-5	2,0517118046E-4
218	1,4396750836E-5	2,0527859832E-4
219	1,4463375821E-5	2,0538559914E-4
220	1,4527591457E-5	2,0549486377E-4
221	1,4591130253E-5	2,0560431852E-4
222	1,4653349025E-5	2,0571476917E-4
223	1,4715156794E-5	2,0582540309E-4
224	1,4781317116E-5	2,0593159859E-4
225	1,4845537833E-5	2,0604059487E-4
226	1,4912180078E-5	2,0614593775E-4
227	1,4974872646E-5	2,062549735E-4
228	1,5039729537E-5	2,0636162471E-4
229	1,5101316531E-5	2,0647095992E-4
230	1,5165114781E-5	2,0657824915E-4
231	1,523160305E-5	2,0668349442E-4
232	1,5298517396E-5	2,0678796541E-4
233	1,5361906785E-5	2,0689663665E-4
234	1,5423682561E-5	2,0700596427E-4
235	1,5488255019E-5	2,0711222084E-4
236	1,5549141283E-5	2,0722128874E-4
237	1,5608882683E-5	2,0733396227E-4
238	1,566941175E-5	2,0744800834E-4
239	1,5729026867E-5	2,0756246898E-4
240	1,5786551293E-5	2,076761337E-4
241	1,5847843371E-5	2,0778449797E-4
242	1,5911236932E-5	2,0789172134E-4
243	1,5975435677E-5	2,0799730279E-4
244	1,6037059064E-5	2,0810490883E-4
245	1,6096686011E-5	2,0821371761E-4
246	1,6155562993E-5	2,0832303897E-4
247	1,6214571461E-5	2,0843211921E-4
248	1,6280332127E-5	2,0853506888E-4
249	1,6339194347E-5	2,0864420198E-4
250	1,6396099411E-5	2,0875501955E-4
251	1,6454717193E-5	2,0886389178E-4
252	1,6510717992E-5	2,089744949E-4
253	1,6566299505E-5	2,0908641103E-4
254	1,662724949E-5	2,0919292936E-4
255	1,6689621544E-5	2,0929766584E-4
256	1,6747981669E-5	2,0940537456E-4
257	1,6811541457E-5	2,0950863313E-4
258	1,6873772127E-5	2,0961252743E-4
259	1,6933391812E-5	2,0972221988E-4
260	1,6991837863E-5	2,0982796078E-4
261	1,7051454455E-5	2,0993429709E-4
262	1,7114629379E-5	2,1003605269E-4
263	1,7177245793E-5	2,1014056194E-4
264	1,7237802766E-5	2,1024514171E-4
265	1,7295210366E-5	2,1035137168E-4
266	1,7349007369E-5	2,104622367E-4
267	1,7408648807E-5	2,1056931954E-4
268	1,7469511049E-5	2,1067549185E-4
269	1,7528771503E-5	2,1078246352E-4
270	1,7587630043E-5	2,1088799611E-4
271	1,7648304056E-5	2,1099021068E-4
272	1,7705260624E-5	2,1109637726E-4
273	1,7761785804E-5	2,11204198E-4
274	1,7817115234E-5	2,1131178799E-4
275	1,7874611584E-5	2,1141561429E-4
276	1,7932579775E-5	2,1151706797E-4
277	1,7993040829E-5	2,1162186823E-4
278	1,8053025009E-5	2,1172299681E-4
279	1,811089885E-5	2,1182582429E-4
280	1,816807466E-5	2,1192889953E-4
281	1,8224926582E-5	2,1203226933E-4
282	1,8283347227E-5	2,1213438029E-4
283	1,8342220944E-5	2,1223526838E-4
284	1,8402359641E-5	2,1233462827E-4
285	1,8462162528E-5	2,1243487668E-4
286	1,8517084433E-5	2,1253732439E-4
287	1,8574182645E-5	2,1263793758E-4
288	1,8631431988E-5	2,1273985018E-4
289	1,8688660782E-5	2,1283998836E-4
290	1,8744249099E-5	2,1294056766E-4
291	1,880324967E-5	2,1303926725E-4
292	1,8856174743E-5	2,1314274619E-4
293	1,8908457525E-5	2,13244864E-4
294	1,8964231607E-5	2,1334580557E-4
295	1,9020273988E-5	2,134459807E-4
296	1,9076363906E-5	2,1354849165E-4
297	1,9127443974E-5	2,1365145698E-4
298	1,9177878373E-5	2,1375369433E-4
299	1,9230587791E-5	2,1385334119E-4
300	1,9286602089E-5	2,1395167232E-4
301	1,9344010854E-5	2,1404896834E-4
302	1,9397325758E-5	2,1415223674E-4
303	1,9453857023E-5	2,1425079154E-4
304	1,9512854897E-5	2,1434692262E-4
305	1,9569656564E-5	2,1444416192E-4
306	1,9626130708E-5	2,1454194089E-4
307	1,9684482809E-5	2,1463856219E-4
308	1,9740821854E-5	2,1473461553E-4
309	1,9797571082E-5	2,148308527E-4
310	1,9852823784E-5	2,1492630474E-4
311	1,9905886012E-5	2,1502430061E-4
312	1,9961372565E-5	2,1511963171E-4
313	2,0018681707E-5	2,1521328395E-4
314	2,0074257404E-5	2,1530952687E-4
315	2,0132023715E-5	2,1540271931E-4
316	2,0190398019E-5	2,1549593624E-4
317	2,0245352548E-5	2,1559033401E-4
318	2,0302260366E-5	2,1568067475E-4
319	2,0358705454E-5	2,1577111769E-4
320	2,0411035217E-5	2,1586473755E-4
321	2,0464358095E-5	2,159580173E-4
322	2,051775005E-5	2,1605141349E-4
323	2,0573593612E-5	2,1614574196E-4
324	2,063168616E-5	2,1623613541E-4
325	2,0689352981E-5	2,1632725595E-4
326	2,0745151025E-5	2,1641630779E-4
327	2,0802406689E-5	2,1650887799E-4
328	2,0860567202E-5	2,165989871E-4
329	2,091726969E-5	2,1668633491E-4
330	2,0974316357E-5	2,1677467596E-4
331	2,1032505746E-5	2,1686288165E-4
332	2,1086943357E-5	2,1695433494E-4
333	2,1145595026E-5	2,1704144326E-4
334	2,1205294639E-5	2,1713017471E-4
335	2,1263435904E-5	2,1721629086E-4
336	2,131809944E-5	2,1730569745E-4
337	2,1374789977E-5	2,1739045541E-4
338	2,1423455297E-5	2,1748856543E-4
339	2,14754885E-5	2,1757807937E-4
340	2,1528756952E-5	2,1766375661E-4
341	2,1585621066E-5	2,177524447E-4
342	2,1641656296E-5	2,1784012842E-4
343	2,1698279096E-5	2,1792659496E-4
344	2,1756009935E-5	2,1801138055E-4
345	2,181269737E-5	2,180960443E-4
346	2,1869583612E-5	2,1817986548E-4
347	2,192871059E-5	2,182638558E-4
348	2,1981277256E-5	2,1835421126E-4
349	2,2037054246E-5	2,1843920232E-4
350	2,2095262512E-5	2,1852184813E-4
351	2,2151765376E-5	2,1860486015E-4
352	2,2208855835E-5	2,1868766733E-4
353	2,226580067E-5	2,1876981863E-4
354	2,2319466624E-5	2,1885508349E-4
355	2,2375280295E-5	2,1893811107E-4
356	2,243519553E-5	2,1901582889E-4
357	2,2492486949E-5	2,1909554182E-4
358	2,2548920314E-5	2,1917666573E-4
359	2,2606919634E-5	2,1925799169E-4
360	2,2666193605E-5	2,1933364086E-4
361	2,2723319777E-5	2,1941302614E-4
362	2,2782417109E-5	2,1948998766E-4
363	2,2840256865E-5	2,1956623191E-4
364	2,2899294424E-5	2,1964187035E-4
365	2,2959404023E-5	2,1971817199E-4
366	2,3015472838E-5	2,1980319477E-4
367	2,307383256E-5	2,1988105229E-4
368	2,3135695332E-5	2,1995479663E-4
369	2,3196008217E-5	2,2003250356E-4
370	2,3254410868E-5	2,2010953029E-4
371	2,3315926266E-5	2,2019561819E-4
372	2,3380324246E-5	2,2027875751E-4
373	2,3442750648E-5	2,2035443767E-4
374	2,3502416004E-5	2,2042886078E-4
375	2,356354184E-5	2,2050037116E-4
376	2,3625243993E-5	2,2056943227E-4
377	2,3681756936E-5	2,2064631733E-4
378	2,3743082562E-5	2,2071547399E-4
379	2,3806193013E-5	2,2078693455E-4
380	2,3867243123E-5	2,2085827303E-4
381	2,3924431849E-5	2,2093236888E-4
382	2,3985602009E-5	2,2100160292E-4
383	2,4043800098E-5	2,2107295137E-4
384	2,4098280991E-5	2,2114823881E-4
385	2,4155602126E-5	2,212200309E-4
386	2,421421887E-5	2,2129061761E-4
387	2,4268111374E-5	2,2136696023E-4
388	2,4324194661E-5	2,2144039111E-4
389	2,4386347694E-5	2,2150548489E-4
390	2,4448699938E-5	2,2157013793E-4
391	2,4510622713E-5	2,2163491092E-4
392	2,4570999188E-5	2,2170081107E-4
393	2,4628729601E-5	2,2176935127E-4
394	2,468608195E-5	2,2183776693E-4
395	2,474189383E-5	2,2190743313E-4
396	2,4796345224E-5	2,2197822722E-4
397	2,4858159641E-5	2,2204062081E-4
398	2,4916420667E-5	2,2210677832E-4
399	2,4972987203E-5	2,2217494909E-4
400	2,5029421532E-5	2,2224376504E-4
401	2,5085658916E-5	2,2231138105E-4
402	2,514034027E-5	2,2237991066E-4
403	2,5193082443E-5	2,2245008855E-4
404	2,5244657889E-5	2,2252091131E-4
405	2,5295578538E-5	2,225918568E-4
406	2,5345112236E-5	2,2266365653E-4
407	2,5392812308E-5	2,2273708852E-4
408	2,544469243E-5	2,2280633543E-4
409	2,5499368117E-5	2,2287322985E-4
410	2,5548813477E-5	2,2294388535E-4
411	2,5604951235E-5	2,2300843921E-4
412	2,566076146E-5	2,2307321765E-4
413	2,5710406967E-5	2,2314210527E-4
414	2,5758668358E-5	2,2321189238E-4
415	2,5806838534E-5	2,2328150989E-4
416	2,5860870592E-5	2,2334543885E-4
417	2,5909293189E-5	2,2341396814E-4
418	2,5963419456E-5	2,2347780303E-4
419	2,6017245631E-5	2,235417539E-4
420	2,6070375656E-5	2,2360552605E-4
421	2,6124408842E-5	2,2366863896E-4
422	2,6179958062E-5	2,2373055258E-4
423	2,6238499363E-5	2,2378956782E-4
424	2,6296468071E-5	2,2384775003E-4
425	2,6350652518E-5	2,239084631E-4
426	2,6404034207E-5	2,2396977236E-4
427	2,6457056181E-5	2,2403203688E-4
428	2,6510602964E-5	2,2409432984E-4
429	2,656238518E-5	2,2415700674E-4
430	2,6613610376E-5	2,2421936227E-4
431	2,666517057E-5	2,2428143659E-4
432	2,6716847693E-5	2,2434315187E-4
433	2,6768591456E-5	2,2440462331E-4
434	2,682010032E-5	2,2446607261E-4
435	2,6877669718E-5	2,2452172003E-4
436	2,6934480661E-5	2,2457844874E-4
437	2,6990030401E-5	2,2463544827E-4
438	2,704987885E-5	2,2468796805E-4
439	2,7104526117E-5	2,2474478395E-4
440	2,7163573683E-5	2,2479671174E-4
441	2,7221435201E-5	2,2484925198E-4
442	2,7281823849E-5	2,248997029E-4
443	2,7341288521E-5	2,2495052419E-4
444	2,7399325212E-5	2,2500226647E-4
445	2,7452414006E-5	2,2505859093E-4
446	2,7507560795E-5	2,2511249503E-4
447	2,7560984364E-5	2,2516748854E-4
448	2,7614322571E-5	2,2522350395E-4
449	2,7667947783E-5	2,2527828857E-4
450	2,7722197993E-5	2,253317074E-4
451	2,7776742683E-5	2,2538449797E-4
452	2,7830912085E-5	2,2543776878E-4
453	2,7888523931E-5	2,2548807229E-4
454	2,7941638057E-5	2,2554286689E-4
455	2,7998326054E-5	2,2559404186E-4
456	2,8054147784E-5	2,2564468171E-4
457	2,8109810453E-5	2,2569547153E-4
458	2,8167220429E-5	2,2574361918E-4
459	2,8223070548E-5	2,2579308463E-4
460	2,8276955986E-5	2,2584443727E-4
461	2,833252024E-5	2,258939789E-4
462	2,8385611086E-5	2,2594432345E-4
463	2,8438750778E-5	2,2599472097E-4
464	2,8495900638E-5	2,260419302E-4
465	2,8551303021E-5	2,2609030239E-4
466	2,8607600386E-5	2,2613941525E-4
467	2,8660711279E-5	2,2618863898E-4
468	2,8715813573E-5	2,2623638671E-4
469	2,8770948543E-5	2,2628337433E-4
470	2,8827705444E-5	2,2632896954E-4
471	2,8883911339E-5	2,2637434596E-4
472	2,893931438E-5	2,2642037928E-4
473	2,8995014284E-5	2,264664394E-4
474	2,9052681801E-5	2,2651082515E-4
475	2,9108304706E-5	2,2655617123E-4
476	2,9163870698E-5	2,2660122916E-4
477	2,9216555696E-5	2,266475612E-4
478	2,9268364236E-5	2,2669396647E-4
479	2,9324008411E-5	2,2673834539E-4
480	2,9377877629E-5	2,2678368149E-4
481	2,9432754996E-5	2,2682810518E-4
482	2,9486874498E-5	2,2687217672E-4
483	2,9539140822E-5	2,26918E-4
484	2,9590086053E-5	2,2696402897E-4
485	2,9640891071E-5	2,2700995879E-4
486	2,9691880193E-5	2,2705558264E-4
487	2,9741323912E-5	2,271039125E-4
488	2,9791110743E-5	2,2715092561E-4
489	2,9843943964E-5	2,2719497431E-4
490	2,989665774E-5	2,2723885556E-4
491	2,9949065371E-5	2,27282591E-4
492	3,0000611761E-5	2,2732544695E-4
493	3,0052071771E-5	2,273681414E-4
494	3,0103297473E-5	2,2741064428E-4
495	3,0152790986E-5	2,2745535649E-4
496	3,0202221026E-5	2,2749989862E-4
497	3,0250880308E-5	2,2754574344E-4
498	3,0299425003E-5	2,2759093259E-4
499	3,034629388E-5	2,2763775422E-4
500	3,0392820542E-5	2,2768424753E-4
501	3,0438406581E-5	2,2773148201E-4
502	3,0487747954E-5	2,2777200686E-4
503	3,0536112804E-5	2,278124145E-4
504	3,0584879432E-5	2,2785267519E-4
505	3,0630851588E-5	2,2789668475E-4
506	3,0674091015E-5	2,279437608E-4
507	3,0718995792E-5	2,2798987843E-4
508	3,0768627344E-5	2,2803249598E-4
509	3,0817280744E-5	2,2807243103E-4
510	3,086521957E-5	2,2811266924E-4
511	3,0915364676E-5	2,2815161464E-4
512	3,0965797748E-5	2,2819070634E-4
513	3,101333999E-5	2,2823327277E-4
514	3,1060795616E-5	2,2827504394E-4
515	3,1110960758E-5	2,2831414512E-4
516	3,1157996859E-5	2,2835582221E-4
517	3,1204974841E-5	2,2839730861E-4
518	3,1252342897E-5	2,2843892121E-4
519	3,1299127755E-5	2,2848051477E-4
520	3,1346359149E-5	2,285219623E-4
521	3,1389022071E-5	2,2856738126E-4
522	3,1435401199E-5	2,2860946468E-4
523	3,1480588207E-5	2,2865062985E-4
524	3,1529466804E-5	2,2868919002E-4
525	3,1578748156E-5	2,2872712057E-4
526	3,1628462362E-5	2,287640382E-4
527	3,1672043291E-5	2,2880686278E-4
528	3,17173266E-5	2,2884786932E-4
529	3,1764731003E-5	2,2888451754E-4
530	3,1813048304E-5	2,2892160993E-4
531	3,1857922378E-5	2,2896214606E-4
532	3,1903440107E-5	2,2900130605E-4
533	3,1951641198E-5	2,2903984293E-4
534	3,1997327863E-5	2,290755312E-4
535	3,2042863894E-5	2,291129134E-4
536	3,2087928113E-5	2,2914946281E-4
537	3,2135647956E-5	2,2918455382E-4
538	3,2181103348E-5	2,2921997851E-4
539	3,2225987411E-5	2,2925701529E-4
540	3,2271203192E-5	2,2929188777E-4
541	3,2316152956E-5	2,2932830099E-4
542	3,2358256684E-5	2,2936813661E-4
543	3,2399787261E-5	2,2940800575E-4
544	3,2446383125E-5	2,2944386132E-4
545	3,2490265192E-5	2,2947819776E-4
546	3,2532269188E-5	2,2951697924E-4
547	3,2576526406E-5	2,2955357495E-4
548	3,2616230521E-5	2,2959147788E-4
549	3,2658526089E-5	2,2962893943E-4
550	3,2699490236E-5	2,2966790818E-4
551	3,2737426429E-5	2,2970570592E-4
552	3,2773702995E-5	2,2974490344E-4
553	3,2807069353E-5	2,2978359209E-4
554	3,2837894835E-5	2,2981948121E-4
555	3,287041037E-5	2,2985026466E-4
556	3,2901879641E-5	2,2988537801E-4
557	3,2931344638E-5	2,2991899207E-4
558	3,2967994517E-5	2,2995549525E-4
559	3,3001017466E-5	2,299869287E-4
560	3,3033465222E-5	2,3001702362E-4
561	3,3066614892E-5	2,3004553716E-4
562	3,3096346215E-5	2,3007679718E-4
563	3,3126367581E-5	2,3010746238E-4
564	3,3160395344E-5	2,3013397018E-4
565	3,3194378881E-5	2,3016103899E-4
566	3,3227989931E-5	2,3019459203E-4
567	3,3263335483E-5	2,302286526E-4
568	3,3305441754E-5	2,3025982754E-4
569	3,3337732055E-5	2,3029009926E-4
570	3,3375662558E-5	2,3032032328E-4
571	3,3407161249E-5	2,3035001384E-4
572	3,3440877519E-5	2,3037631766E-4
573	3,3470763867E-5	2,3040463183E-4
574	3,3501832195E-5	2,3043160171E-4
575	3,3531809837E-5	2,3045913088E-4
576	3,3560567512E-5	2,3048732244E-4
577	3,3593315623E-5	2,3051370242E-4
578	3,3629676542E-5	2,305456056E-4
579	3,3666734676E-5	2,305802331E-4
580	3,3704639058E-5	2,3061579429E-4
581	3,3743831654E-5	2,3065054813E-4
582	3,3781040251E-5	2,3068697254E-4
583	3,3822666154E-5	2,3071970074E-4
584	3,3866103402E-5	2,3074964734E-4
585	3,391147758E-5	2,3077767831E-4
586	3,3954850535E-5	2,3080559777E-4
587	3,3997707998E-5	2,3083329549E-4
588	3,4041810865E-5	2,3086133526E-4
589	3,4083964302E-5	2,308904274E-4
590	3,4127347199E-5	2,3091966138E-4
591	3,416902644E-5	2,3094780912E-4
592	3,4212508832E-5	2,3097586574E-4
593	3,425262296E-5	2,3100166047E-4
594	3,4291657791E-5	2,3103061201E-4
595	3,4320259239E-5	2,3105796834E-4
596	3,4352624735E-5	2,3108358737E-4
597	3,4379064671E-5	2,3110962103E-4
598	3,4407555253E-5	2,3113286688E-4
599	3,4431738633E-5	2,3116078923E-4
600	3,4457837087E-5	2,3118809831E-4
601	3,4490153933E-5	2,3121812063E-4
602	3,4527265928E-5	2,3124837767E-4
603	3,4565359714E-5	2,3127835496E-4
604	3,4602476655E-5	2,3131094624E-4
605	3,4638141884E-5	2,3134487729E-4
606	3,4675627495E-5	2,3137745067E-4
607	3,4713432998E-5	2,3140852604E-4
608	3,4748592669E-5	2,314386645E-4
609	3,4777880445E-5	2,3146146998E-4
610	3,4807585658E-5	2,3148131871E-4
611	3,4836357653E-5	2,315042592E-4
612	3,4862786848E-5	2,3152928551E-4
613	3,4888929538E-5	2,3155069546E-4
614	3,4915064942E-5	2,3157390578E-4
615	3,4945113893E-5	2,3159690084E-4
616	3,4972660457E-5	2,3161710913E-4
617	3,5006630419E-5	2,3164189898E-4
618	3,5035815991E-5	2,3167539871E-4
619	3,5064138665E-5	2,3171160606E-4
620	3,5096852653E-5	2,317441802E-4
621	3,5131639871E-5	2,3177498955E-4
622	3,5170222192E-5	2,3180252859E-4
623	3,521050886E-5	2,3182929585E-4
624	3,5245051618E-5	2,3186037088E-4
625	3,5278816984E-5	2,3188144696E-4
626	3,5316221319E-5	2,3190399463E-4
627	3,5347784157E-5	2,3192098263E-4
628	3,5377892827E-5	2,3193955044E-4
629	3,5407701942E-5	2,3195812193E-4
630	3,543965645E-5	2,3197436294E-4
631	3,5467624041E-5	2,3199734207E-4
632	3,5497121963E-5	2,3202578939E-4
633	3,5534329959E-5	2,3204988236E-4
634	3,5574169272E-5	2,3207487536E-4
635	3,5614392765E-5	2,3210031846E-4
636	3,5654698116E-5	2,3212573494E-4
637	3,5693647352E-5	2,3215013436E-4
638	3,5726826006E-5	2,3217079593E-4
639	3,5754809296E-5	2,3218820403E-4
640	3,5786544068E-5	2,3220548983E-4
641	3,5816710474E-5	2,3222788132E-4
642	3,5849568102E-5	2,3224862575E-4
643	3,587542785E-5	2,3227038225E-4
644	3,5909793997E-5	2,3229258777E-4
645	3,5941350746E-5	2,3231119344E-4
646	3,5975204567E-5	2,3233287298E-4
647	3,6012697397E-5	2,3235476411E-4
648	3,6051771238E-5	2,3237613086E-4
649	3,6088420125E-5	2,3239693799E-4
650	3,6121077127E-5	2,324246223E-4
651	3,6150974166E-5	2,324534983E-4
652	3,6186382672E-5	2,3247950135E-4
653	3,6213502419E-5	2,3249710538E-4
654	3,6240440907E-5	2,3251286538E-4
655	3,6267195589E-5	2,325297035E-4
656	3,6301910039E-5	2,3254887724E-4
657	3,6337578965E-5	2,3256970146E-4
658	3,6372742406E-5	2,3259179552E-4
659	3,6406546269E-5	2,3261542021E-4
660	3,6438436522E-5	2,3264023251E-4
661	3,6470966401E-5	2,3266411821E-4
662	3,6506173024E-5	2,3268594608E-4
663	3,6536998909E-5	2,3271311911E-4
664	3,6572356816E-5	2,3273693542E-4
665	3,6609405894E-5	2,3275942541E-4
666	3,6646653996E-5	2,3278133348E-4
667	3,6684811262E-5	2,3280171851E-4
668	3,6722562668E-5	2,3282167061E-4
669	3,6758622968E-5	2,3284177755E-4
670	3,6793504585E-5	2,3286168347E-4
671	3,6829441244E-5	2,3288159658E-4
672	3,6864735776E-5	2,3290175476E-4
673	3,6900382976E-5	2,329229566E-4
674	3,6938488007E-5	2,3294379374E-4
675	3,6976784155E-5	2,3296400871E-4
676	3,701099466E-5	2,3298152361E-4
677	3,7047497238E-5	2,3299972545E-4
678	3,7076232591E-5	2,3301290869E-4
679	3,7102253723E-5	2,3302575913E-4
680	3,7132269099E-5	2,3304334624E-4
681	3,7159891703E-5	2,3306624832E-4
682	3,7192975927E-5	2,3308716258E-4
683	3,7226854493E-5	2,331071717E-4
684	3,7261066178E-5	2,331261869E-4
685	3,7294294536E-5	2,3314534755E-4
686	3,7328125818E-5	2,331645671E-4
687	3,7359680853E-5	2,3318536959E-4
688	3,7388487577E-5	2,3320798433E-4
689	3,7420090341E-5	2,33229433E-4
690	3,7451482339E-5	2,3325177121E-4
691	3,7487113686E-5	2,3327099567E-4
692	3,7523525769E-5	2,3328994548E-4
693	3,7558277492E-5	2,3330793081E-4
694	3,759211216E-5	2,3332642071E-4
695	3,7626170913E-5	2,3334488424E-4
696	3,7660438455E-5	2,3336332921E-4
697	3,7695149773E-5	2,3338150651E-4
698	3,772938509E-5	2,3339982214E-4
699	3,7762292409E-5	2,3341609713E-4
700	3,779732533E-5	2,3343394707E-4
701	3,7832289314E-5	2,3345192854E-4
702	3,7867212245E-5	2,3346944644E-4
703	3,7902695569E-5	2,3348690463E-4
704	3,793821849E-5	2,3350472504E-4
705	3,7974163395E-5	2,335226694E-4
706	3,8009351398E-5	2,335398464E-4
707	3,8034311092E-5	2,335499639E-4
708	3,806447289E-5	2,3356295542E-4
709	3,8089617396E-5	2,3357263824E-4
710	3,8110513426E-5	2,3358049272E-4
711	3,8132564517E-5	2,3359042688E-4
712	3,815793699E-5	2,336023492E-4
713	3,8185031597E-5	2,3361696448E-4
714	3,821028232E-5	2,3362954334E-4
715	3,8234467255E-5	2,3363993243E-4
716	3,8266010798E-5	2,3365493312E-4
717	3,8299886025E-5	2,3367106971E-4
718	3,8333747854E-5	2,3368738077E-4
719	3,8366049619E-5	2,3370326389E-4
720	3,839772713E-5	2,3371888879E-4
721	3,8428807087E-5	2,3373482394E-4
722	3,8460223112E-5	2,3375028651E-4
723	3,8492144427E-5	2,337656851E-4
724	3,8520085182E-5	2,3377952618E-4
725	3,8542309084E-5	2,3380128783E-4
726	3,8564302377E-5	2,3382410213E-4
727	3,8590121314E-5	2,3384524788E-4
728	3,8619716206E-5	2,3386204732E-4
729	3,865083573E-5	2,3387723677E-4
730	3,868340558E-5	2,3389246755E-4
731	3,8714479295E-5	2,3390767205E-4
732	3,8745285026E-5	2,3392273975E-4
733	3,877627661E-5	2,3393765327E-4
734	3,8806618559E-5	2,3395277891E-4
735	3,8837297006E-5	2,3396762968E-4
736	3,8868828588E-5	2,3398442045E-4
737	3,8897860875E-5	2,3400461542E-4
738	3,8930780545E-5	2,3402035361E-4
739	3,8961399916E-5	2,3403529892E-4
740	3,899149254E-5	2,3404984112E-4
741	3,9021453783E-5	2,3406421084E-4
742	3,9051346669E-5	2,3407848349E-4
743	3,908103621E-5	2,3409267505E-4
744	3,9110690724E-5	2,3410679528E-4
745	3,9140164387E-5	2,3412084427E-4
746	3,9170914518E-5	2,3413545166E-4
747	3,9200415944E-5	2,3414949822E-4
748	3,9230234561E-5	2,3416497742E-4
749	3,9261134574E-5	2,3418001369E-4
750	3,929145321E-5	2,3419415122E-4
751	3,932077499E-5	2,3420798933E-4
752	3,934970724E-5	2,342216674E-4
753	3,937868241E-5	2,3423524646E-4
754	3,9407504305E-5	2,3424875549E-4
755	3,9436266114E-5	2,342622012E-4
756	3,9464882982E-5	2,3427558347E-4
757	3,949333406E-5	2,3428928009E-4
758	3,9518468564E-5	2,3430687047E-4
759	3,9549482555E-5	2,343215385E-4
760	3,9580293707E-5	2,3433586712E-4
761	3,9610150828E-5	2,3434949509E-4
762	3,9639104114E-5	2,3436281358E-4
763	3,9667492864E-5	2,3437594985E-4
764	3,9695423425E-5	2,3438894904E-4
765	3,972561005E-5	2,3440289919E-4
766	3,975458812E-5	2,3441850741E-4
767	3,9784393743E-5	2,344314724E-4
768	3,9811147395E-5	2,3444664244E-4
769	3,9827879876E-5	2,3445742305E-4
770	3,9851397475E-5	2,3446838652E-4
771	3,9877849665E-5	2,3448148432E-4
772	3,9905362372E-5	2,3449416962E-4
773	3,9932096599E-5	2,3450731393E-4
774	3,9955901063E-5	2,3452275517E-4
775	3,9981849286E-5	2,3453729396E-4
776	4,0009650801E-5	2,3455146771E-4
777	4,003467975E-5	2,3456774448E-4
778	4,0063393083E-5	2,3458065793E-4
779	4,0090463626E-5	2,3459322869E-4
780	4,0117197388E-5	2,3460556503E-4
781	4,0143602098E-5	2,3461776099E-4
782	4,0169995417E-5	2,3462987045E-4
783	4,0196175012E-5	2,3464190619E-4
784	4,0222379654E-5	2,3465387945E-4
785	4,0248467747E-5	2,3466577783E-4
786	4,0274555799E-5	2,3467788271E-4
787	4,0300991053E-5	2,3469058283E-4
788	4,0327632615E-5	2,3470262767E-4
789	4,035380181E-5	2,3471474796E-4
790	4,0379642248E-5	2,3472648417E-4
791	4,0404898619E-5	2,3473836211E-4
792	4,0430131198E-5	2,3475019391E-4
793	4,045518827E-5	2,3476197168E-4
794	4,0480225094E-5	2,3477375073E-4
795	4,0503724978E-5	2,3478720227E-4
796	4,0527942652E-5	2,3480006405E-4
797	4,0554372134E-5	2,3481249534E-4
798	4,0578605965E-5	2,34825101E-4
799	4,0603345388E-5	2,348368272E-4
800	4,0628279522E-5	2,3484798107E-4
801	4,0653341676E-5	2,3485978997E-4
802	4,0677195031E-5	2,3487201553E-4
803	4,0701549515E-5	2,3488369091E-4
804	4,0726326888E-5	2,3489481878E-4
805	4,0752069179E-5	2,349058829E-4
806	4,0778479603E-5	2,3491821712E-4
807	4,0803670908E-5	2,3493157465E-4
808	4,0830778005E-5	2,349436228E-4
809	4,0856712898E-5	2,3495607635E-4
810	4,088405461E-5	2,3496763566E-4
811	4,0910181792E-5	2,3497874468E-4
812	4,0938035244E-5	2,3499227756E-4
813	4,0965360903E-5	2,3500612013E-4
814	4,0992867793E-5	2,3501997339E-4
815	4,1020730117E-5	2,3503378562E-4
816	4,1048779274E-5	2,35047241E-4
817	4,1073855335E-5	2,3505801966E-4
818	4,1099687932E-5	2,3506910984E-4
819	4,1126105061E-5	2,3508008645E-4
820	4,115265926E-5	2,350908647E-4
821	4,1178526211E-5	2,3510125715E-4
822	4,1203256796E-5	2,3511137517E-4
823	4,1228158933E-5	2,3512149251E-4
824	4,1253387495E-5	2,3513168086E-4
825	4,1277720397E-5	2,3514154348E-4
826	4,1300402326E-5	2,3515170778E-4
827	4,1318508163E-5	2,3516541781E-4
828	4,134211503E-5	2,3517537699E-4
829	4,1363993074E-5	2,3518549946E-4
830	4,1389528067E-5	2,3519569427E-4
831	4,1413243615E-5	2,3520525978E-4
832	4,1438963565E-5	2,3521536365E-4
833	4,1460488606E-5	2,352262113E-4
834	4,1485911552E-5	2,3523634462E-4
835	4,1510698738E-5	2,3524628931E-4
836	4,1528964216E-5	2,3525275634E-4
837	4,1542970219E-5	2,3525666817E-4
838	4,1554479461E-5	2,3525919358E-4
839	4,1564114812E-5	2,3526045628E-4
840	4,1574809648E-5	2,3526188246E-4
841	4,159567397E-5	2,3527008549E-4
842	4,1610058924E-5	2,3528430405E-4
843	4,163041071E-5	2,3529431584E-4
844	4,1645052984E-5	2,3530900173E-4
845	4,1662615878E-5	2,3531661715E-4
846	4,1676694677E-5	2,3532776495E-4
847	4,1688866103E-5	2,3534425553E-4
848	4,1701984443E-5	2,3536150965E-4
849	4,1713927217E-5	2,3537791707E-4
850	4,1731139996E-5	2,3539096683E-4
851	4,1747644914E-5	2,3540331351E-4
852	4,1772252054E-5	2,3541330065E-4
853	4,1796071209E-5	2,3542283748E-4
854	4,1820211749E-5	2,3543243787E-4
855	4,1844444462E-5	2,3544242995E-4
856	4,1866443905E-5	2,3545228399E-4
857	4,1890430433E-5	2,3546224948E-4
858	4,1913889012E-5	2,354718103E-4
859	4,1935205974E-5	2,3548115385E-4
860	4,1955511306E-5	2,3549006132E-4
861	4,197676986E-5	2,3549810019E-4
862	4,1998211566E-5	2,3550651702E-4
863	4,2021266015E-5	2,3551582994E-4
864	4,2039331883E-5	2,3552611719E-4
865	4,206145707E-5	2,3553476959E-4
866	4,2083265087E-5	2,3554338161E-4
867	4,2104708243E-5	2,3555137028E-4
868	4,212609446E-5	2,3555955195E-4
869	4,2148938267E-5	2,3556880674E-4
870	4,2170355083E-5	2,3557695448E-4
871	4,2193233462E-5	2,3558555475E-4
872	4,2215451823E-5	2,355939498E-4
873	4,2227149816E-5	2,3560055987E-4
874	4,2234022911E-5	2,3561026549E-4
875	4,2246136253E-5	2,3562627398E-4
876	4,2255573444E-5	2,3564201629E-4
877	4,2265190863E-5	2,3565755872E-4
878	4,2273986258E-5	2,3567298539E-4
879	4,2283454354E-5	2,3568853819E-4
880	4,2292037845E-5	2,3570402274E-4
881	4,2301202938E-5	2,3571962284E-4
882	4,2309741562E-5	2,3573508761E-4
883	4,2321454192E-5	2,3574976114E-4
884	4,2331434672E-5	2,3576447045E-4
885	4,2348078959E-5	2,3577588368E-4
886	4,2361683981E-5	2,3578789037E-4
887	4,2381412777E-5	2,3579894441E-4
888	4,2402473748E-5	2,3580726641E-4
889	4,2424426038E-5	2,3581563822E-4
890	4,244599171E-5	2,3582380056E-4
891	4,2467626423E-5	2,3583196816E-4
892	4,2488274201E-5	2,3583985439E-4
893	4,2509753689E-5	2,3584783558E-4
894	4,2530732254E-5	2,3585550831E-4
895	4,2550585887E-5	2,3586283333E-4
896	4,2570873558E-5	2,3587264687E-4
897	4,2591255368E-5	2,3588338915E-4
898	4,2611394E-5	2,3589421394E-4
899	4,2632135308E-5	2,3590340209E-4
900	4,2653380099E-5	2,3591119376E-4
901	4,2673137772E-5	2,3591810695E-4
902	4,2693876345E-5	2,3592558808E-4
903	4,2713959911E-5	2,3593248059E-4
904	4,2734717444E-5	2,3593981782E-4
905	4,2755502077E-5	2,3594932142E-4
906	4,2775027437E-5	2,3595955797E-4
907	4,2797436503E-5	2,3596973718E-4
908	4,2817302925E-5	2,3597725465E-4
909	4,2836932573E-5	2,359845372E-4
910	4,2857184175E-5	2,3599174568E-4
911	4,2876323475E-5	2,3599926081E-4
912	4,2894376775E-5	2,3600600407E-4
913	4,2912990578E-5	2,3601196656E-4
914	4,2932657726E-5	2,3601860516E-4
915	4,2951386803E-5	2,3602463053E-4
916	4,2969408817E-5	2,3603111902E-4
917	4,2987794756E-5	2,3603693868E-4
918	4,3006167352E-5	2,3604289815E-4
919	4,3024872365E-5	2,3605096441E-4
920	4,3042525917E-5	2,3605891658E-4
921	4,3062848545E-5	2,360656568E-4
922	4,3082895643E-5	2,3607235772E-4
923	4,3102595109E-5	2,3607903999E-4
924	4,3122360907E-5	2,3608557069E-4
925	4,3140979067E-5	2,3609341808E-4
926	4,3157640181E-5	2,3610293284E-4
927	4,3173625225E-5	2,3611237533E-4
928	4,3190770057E-5	2,3611865569E-4
929	4,3207003347E-5	2,3612672478E-4
930	4,3223280022E-5	2,3613315448E-4
931	4,3241098192E-5	2,3613880664E-4
932	4,3258390063E-5	2,3614421343E-4
933	4,32767011E-5	2,361507492E-4
934	4,3294585436E-5	2,3615661579E-4
935	4,3312031642E-5	2,3616193788E-4
936	4,3328525138E-5	2,3616908966E-4
937	4,3345147142E-5	2,3617567815E-4
938	4,3361592064E-5	2,3618144667E-4
939	4,3378781505E-5	2,3618817073E-4
940	4,3395767474E-5	2,3619593932E-4
941	4,3414396494E-5	2,3620257659E-4
942	4,3433779739E-5	2,3620866213E-4
943	4,3452776618E-5	2,3621502891E-4
944	4,3473616907E-5	2,3622326778E-4
945	4,3492642563E-5	2,3622948138E-4
946	4,3508736618E-5	2,3623680738E-4
947	4,3526031863E-5	2,3624539666E-4
948	4,3543444696E-5	2,3625409193E-4
949	4,355744073E-5	2,3625727108E-4
950	4,3571887463E-5	2,3626409749E-4
951	4,3586743613E-5	2,3627162867E-4
952	4,3603021766E-5	2,3627814286E-4
953	4,361990895E-5	2,362833303E-4
954	4,3636307466E-5	2,3628817358E-4
955	4,3651220883E-5	2,3629421691E-4
956	4,3667105673E-5	2,3629929836E-4
957	4,3681404793E-5	2,3630529401E-4
958	4,3695590882E-5	2,363132289E-4
959	4,3709942751E-5	2,3632182977E-4
960	4,3723802875E-5	2,3633070709E-4
961	4,3739170293E-5	2,3633881787E-4
962	4,3747894967E-5	2,3633938211E-4
963	4,3759746857E-5	2,3634404199E-4
964	4,3773028178E-5	2,3634970122E-4
965	4,3789332888E-5	2,3635521574E-4
966	4,3805007821E-5	2,3635978409E-4
967	4,3822503261E-5	2,3636508178E-4
968	4,3836763825E-5	2,3637038862E-4
969	4,3845592472E-5	2,3637402561E-4
970	4,3850038681E-5	2,3637852264E-4
971	4,386237176E-5	2,363869096E-4
972	4,3873419831E-5	2,3639592713E-4
973	4,3890421653E-5	2,3640091784E-4
974	4,3907281243E-5	2,3640575539E-4
975	4,3921625591E-5	2,3641200902E-4
976	4,3936183144E-5	2,3641651211E-4
977	4,3949552391E-5	2,3642427049E-4
978	4,3962910827E-5	2,3643073826E-4
979	4,3975509818E-5	2,3643677338E-4
980	4,3987426359E-5	2,3644450351E-4
981	4,3999622532E-5	2,3645245307E-4
982	4,4016152968E-5	2,3645736945E-4
983	4,4032881193E-5	2,364620617E-4
984	4,4044399765E-5	2,364680509E-4
985	4,4059133996E-5	2,3647571765E-4
986	4,4074424285E-5	2,3648185786E-4
987	4,408727455E-5	2,364897478E-4
988	4,4099192387E-5	2,364982679E-4
989	4,4112767378E-5	2,3650534599E-4
990	4,4126298978E-5	2,3651263183E-4
991	4,4144324805E-5	2,365194409E-4
992	4,4158261379E-5	2,3652468146E-4
993	4,4173228042E-5	2,3652999725E-4
994	4,4185231074E-5	2,3653542653E-4
995	4,4198790927E-5	2,3654105742E-4
996	4,4210507494E-5	2,365464539E-4
997	4,4225968199E-5	2,3655226231E-4
998	4,4233703818E-5	2,365543038E-4
999	4,4248168894E-5	2,3655829601E-4
1000	4,4261695345E-5	2,3656181456E-4
