0 10 2 iAF1260.cmd 1E-8
0 10 2 iJN1463.cmd 1E-8
0 10 3 iAF1260.cmd 1E-8
0 10 3 iJN1463.cmd 1E-8
0 1 3 iAF1260.cmd 1E-8
0 1 3 iJN1463.cmd 1E-8
0 6 10 iAF1260.cmd 1E-8
0 6 10 iJN1463.cmd 1E-8
0 9 13 iAF1260.cmd 1E-8
0 9 13 iJN1463.cmd 1E-8
0 9 2 iAF1260.cmd 1E-8
0 9 2 iJN1463.cmd 1E-8
0 7 13 iAF1260.cmd 1E-8
0 7 13 iJN1463.cmd 1E-8
0 11 4 iAF1260.cmd 1E-8
0 11 4 iJN1463.cmd 1E-8
0 2 4 iAF1260.cmd 1E-8
0 2 4 iJN1463.cmd 1E-8
0 2 9 iAF1260.cmd 1E-8
0 2 9 iJN1463.cmd 1E-8
0 11 12 iAF1260.cmd 1E-8
0 11 12 iJN1463.cmd 1E-8
0 9 3 iAF1260.cmd 1E-8
0 9 3 iJN1463.cmd 1E-8
0 12 14 iAF1260.cmd 1E-8
0 12 14 iJN1463.cmd 1E-8
0 10 4 iAF1260.cmd 1E-8
0 10 4 iJN1463.cmd 1E-8
0 14 4 iAF1260.cmd 1E-8
0 14 4 iJN1463.cmd 1E-8
500 10 2 iAF1260.cmd 2,3633970929E-7
500 10 2 iJN1463.cmd 2,872532143E-7
500 10 3 iAF1260.cmd 2,3254831874E-7
500 10 3 iJN1463.cmd 2,890362854E-7
500 1 3 iAF1260.cmd 7,9949298334E-7
500 1 3 iJN1463.cmd 8,159896717E-7
500 6 10 iAF1260.cmd 3,6142564593E-7
500 6 10 iJN1463.cmd 3,7961342293E-7
500 9 13 iAF1260.cmd 1,7305312829E-7
500 9 13 iJN1463.cmd 1,937593637E-7
500 9 2 iAF1260.cmd 2,2620731687E-7
500 9 2 iJN1463.cmd 2,6754136376E-7
500 7 13 iAF1260.cmd 3,4130737409E-7
500 7 13 iJN1463.cmd 3,6252455189E-7
500 11 4 iAF1260.cmd 1,6279808893E-7
500 11 4 iJN1463.cmd 2,0895520368E-7
500 2 4 iAF1260.cmd 8,4461152239E-7
500 2 4 iJN1463.cmd 8,5525847104E-7
500 2 9 iAF1260.cmd 8,7783730848E-7
500 2 9 iJN1463.cmd 8,9436721995E-7
500 11 12 iAF1260.cmd 1,0933731822E-7
500 11 12 iJN1463.cmd 1,264483851E-7
500 9 3 iAF1260.cmd 2,2912006679E-7
500 9 3 iJN1463.cmd 2,733154798E-7
500 12 14 iAF1260.cmd 5,5609746188E-8
500 12 14 iJN1463.cmd 6,2655919716E-8
500 10 4 iAF1260.cmd 1,9475529966E-7
500 10 4 iJN1463.cmd 2,428045743E-7
500 14 4 iAF1260.cmd 1,0175827315E-7
500 14 4 iJN1463.cmd 1,4116755079E-7
500 0 3 iAF1260.cmd 3,950836943E-7
500 0 3 iJN1463.cmd 4,235377342E-7
500 1 2 iAF1260.cmd 7,7221838265E-7
500 1 2 iJN1463.cmd 7,8811296293E-7
500 1 4 iAF1260.cmd 7,9925926871E-7
500 1 4 iJN1463.cmd 8,1477320426E-7
500 1 9 iAF1260.cmd 8,0689692868E-7
500 1 9 iJN1463.cmd 8,2672381666E-7
500 2 3 iAF1260.cmd 8,5715011981E-7
500 2 3 iJN1463.cmd 8,6942802431E-7
500 2 5 iAF1260.cmd 7,6162135908E-7
500 2 5 iJN1463.cmd 7,7190276123E-7
500 2 8 iAF1260.cmd 8,8084765677E-7
500 2 8 iJN1463.cmd 8,9723268498E-7
500 2 10 iAF1260.cmd 8,3590568488E-7
500 2 10 iJN1463.cmd 8,6132439705E-7
500 3 4 iAF1260.cmd 7,5261942198E-7
500 3 4 iJN1463.cmd 7,6489285402E-7
500 3 9 iAF1260.cmd 7,5072473151E-7
500 3 9 iJN1463.cmd 7,6549185398E-7
500 5 10 iAF1260.cmd 4,4840854438E-7
500 5 10 iJN1463.cmd 4,674831912E-7
500 6 9 iAF1260.cmd 3,1829009619E-7
500 6 9 iJN1463.cmd 3,3280000418E-7
500 6 13 iAF1260.cmd 3,494196434E-7
500 6 13 iJN1463.cmd 3,7104525524E-7
500 7 10 iAF1260.cmd 2,6913084664E-7
500 7 10 iJN1463.cmd 2,8369032895E-7
500 7 12 iAF1260.cmd 3,7129890307E-7
500 7 12 iJN1463.cmd 3,9023587221E-7
500 7 14 iAF1260.cmd 1,7389169182E-7
500 7 14 iJN1463.cmd 2,0012115328E-7
500 8 2 iAF1260.cmd 2,0050999969E-7
500 8 2 iJN1463.cmd 2,2898632953E-7
500 8 3 iAF1260.cmd 1,9477891724E-7
500 8 3 iJN1463.cmd 2,238790929E-7
500 9 1 iAF1260.cmd 1,7706474874E-7
500 9 1 iJN1463.cmd 2,0535476914E-7
500 9 4 iAF1260.cmd 1,912975943E-7
500 9 4 iJN1463.cmd 2,2859088579E-7
500 9 12 iAF1260.cmd 2,078656834E-7
500 9 12 iJN1463.cmd 2,2456320886E-7
500 9 14 iAF1260.cmd 1,1054028349E-7
500 9 14 iJN1463.cmd 1,3393141098E-7
500 10 1 iAF1260.cmd 1,6332606681E-7
500 10 1 iJN1463.cmd 1,924649138E-7
500 10 5 iAF1260.cmd 1,3281240728E-7
500 10 5 iJN1463.cmd 1,631528892E-7
500 10 13 iAF1260.cmd 1,4258345579E-7
500 10 13 iJN1463.cmd 1,6140110192E-7
500 11 3 iAF1260.cmd 1,8378105375E-7
500 11 3 iJN1463.cmd 2,3620463634E-7
500 11 5 iAF1260.cmd 1,146927449E-7
500 11 5 iJN1463.cmd 1,4428199868E-7
500 11 11 iAF1260.cmd 8,4025572111E-8
500 11 11 iJN1463.cmd 9,5981773978E-8
500 11 13 iAF1260.cmd 1,1122145472E-7
500 11 13 iJN1463.cmd 1,2619075287E-7
500 11 14 iAF1260.cmd 7,9304053578E-8
500 11 14 iJN1463.cmd 9,3919678442E-8
500 12 4 iAF1260.cmd 1,1949136285E-7
500 12 4 iJN1463.cmd 1,5638297716E-7
500 12 12 iAF1260.cmd 8,1798626487E-8
500 12 12 iJN1463.cmd 9,2677611196E-8
500 12 13 iAF1260.cmd 7,8175294307E-8
500 12 13 iJN1463.cmd 8,6264664509E-8
500 13 4 iAF1260.cmd 1,0617100807E-7
500 13 4 iJN1463.cmd 1,4382907426E-7
500 13 14 iAF1260.cmd 3,3454208215E-8
500 13 14 iJN1463.cmd 3,5560941873E-8
500 14 3 iAF1260.cmd 8,035550824E-8
500 14 3 iJN1463.cmd 1,1033487276E-7
500 14 5 iAF1260.cmd 8,5937094529E-8
500 14 5 iJN1463.cmd 1,1924592996E-7
500 0 4 iAF1260.cmd 3,5256209574E-7
500 0 4 iJN1463.cmd 3,7801389328E-7
500 2 2 iAF1260.cmd 8,3373431301E-7
500 2 2 iJN1463.cmd 8,4727699726E-7
500 3 3 iAF1260.cmd 7,4145032744E-7
500 3 3 iJN1463.cmd 7,5860687728E-7
500 8 4 iAF1260.cmd 1,7021334838E-7
500 8 4 iJN1463.cmd 1,9618843977E-7
500 9 5 iAF1260.cmd 1,3199249947E-7
500 9 5 iJN1463.cmd 1,5833622534E-7
500 12 3 iAF1260.cmd 1,1140874695E-7
500 12 3 iJN1463.cmd 1,4563569773E-7
500 0 2 iAF1260.cmd 3,3324679489E-7
500 0 2 iJN1463.cmd 3,5685121185E-7
500 1 8 iAF1260.cmd 7,9780955278E-7
500 1 8 iJN1463.cmd 8,2378725774E-7
500 3 5 iAF1260.cmd 5,8212994823E-7
500 3 5 iJN1463.cmd 5,9575858615E-7
500 3 10 iAF1260.cmd 7,3448601204E-7
500 3 10 iJN1463.cmd 7,5222071943E-7
500 6 12 iAF1260.cmd 4,0349031758E-7
500 6 12 iJN1463.cmd 4,2409999944E-7
500 7 9 iAF1260.cmd 2,4834106308E-7
500 7 9 iJN1463.cmd 2,6079702739E-7
500 8 1 iAF1260.cmd 1,7210037282E-7
500 8 1 iJN1463.cmd 1,9468468482E-7
500 8 12 iAF1260.cmd 2,987491497E-7
500 8 12 iJN1463.cmd 3,1567517569E-7
500 10 14 iAF1260.cmd 9,8999676897E-8
500 10 14 iJN1463.cmd 1,1956212796E-7
500 3 8 iAF1260.cmd 7,3154523535E-7
500 3 8 iJN1463.cmd 7,4678697194E-7
500 5 9 iAF1260.cmd 4,0539139549E-7
500 5 9 iJN1463.cmd 4,2053333075E-7
500 12 5 iAF1260.cmd 9,0936871108E-8
500 12 5 iJN1463.cmd 1,157097141E-7
500 12 11 iAF1260.cmd 6,3440760645E-8
500 12 11 iJN1463.cmd 7,2212784285E-8
500 13 3 iAF1260.cmd 8,4607632338E-8
500 13 3 iJN1463.cmd 1,1351958489E-7
500 6 14 iAF1260.cmd 1,8015101587E-7
500 6 14 iJN1463.cmd 2,0650753208E-7
500 8 14 iAF1260.cmd 1,0169875272E-7
500 8 14 iJN1463.cmd 1,2369611151E-7
500 0 9 iAF1260.cmd 3,2206569982E-7
500 0 9 iJN1463.cmd 3,5268100331E-7
500 2 11 iAF1260.cmd 7,3607232515E-7
500 2 11 iJN1463.cmd 7,8618160262E-7
500 4 9 iAF1260.cmd 5,7323397749E-7
500 4 9 iJN1463.cmd 5,8832965709E-7
500 4 10 iAF1260.cmd 5,5944148682E-7
500 4 10 iJN1463.cmd 5,7862660942E-7
500 5 11 iAF1260.cmd 4,5206974317E-7
500 5 11 iJN1463.cmd 4,7572242946E-7
500 5 13 iAF1260.cmd 3,5476455084E-7
500 5 13 iJN1463.cmd 3,8138058224E-7
500 6 8 iAF1260.cmd 2,4764921051E-7
500 6 8 iJN1463.cmd 2,5922410117E-7
500 7 2 iAF1260.cmd 1,976241411E-7
500 7 2 iJN1463.cmd 2,2100483952E-7
500 7 3 iAF1260.cmd 1,6897060328E-7
500 7 3 iJN1463.cmd 1,8873646875E-7
500 8 10 iAF1260.cmd 1,7776684583E-7
500 8 10 iJN1463.cmd 1,8795139428E-7
500 9 0 iAF1260.cmd 1,4016010542E-7
500 9 0 iJN1463.cmd 1,5860573448E-7
500 9 11 iAF1260.cmd 1,3021322438E-7
500 9 11 iJN1463.cmd 1,409146458E-7
500 10 0 iAF1260.cmd 1,1803878964E-7
500 10 0 iJN1463.cmd 1,3541556702E-7
500 10 6 iAF1260.cmd 7,3673776797E-8
500 10 6 iJN1463.cmd 8,84886517E-8
500 11 1 iAF1260.cmd 1,0704952443E-7
500 11 1 iJN1463.cmd 1,2461057493E-7
500 14 6 iAF1260.cmd 4,4780362644E-8
500 14 6 iJN1463.cmd 5,9984829369E-8
500 10 11 iAF1260.cmd 9,2501783279E-8
500 10 11 iJN1463.cmd 1,0213747174E-7
500 11 6 iAF1260.cmd 6,3839048063E-8
500 11 6 iJN1463.cmd 7,7920339102E-8
500 11 10 iAF1260.cmd 5,5647771826E-8
500 11 10 iJN1463.cmd 6,284031466E-8
500 13 12 iAF1260.cmd 5,086094588E-8
500 13 12 iJN1463.cmd 5,5920852826E-8
500 13 13 iAF1260.cmd 4,8009157808E-8
500 13 13 iJN1463.cmd 5,092083576E-8
500 14 2 iAF1260.cmd 4,5637955253E-8
500 14 2 iJN1463.cmd 6,1585170639E-8
500 3 2 iAF1260.cmd 6,9491137311E-7
500 3 2 iJN1463.cmd 7,1603427322E-7
500 7 4 iAF1260.cmd 1,3117428044E-7
500 7 4 iJN1463.cmd 1,4751755075E-7
500 5 12 iAF1260.cmd 4,2505914095E-7
500 5 12 iJN1463.cmd 4,518434324E-7
500 9 6 iAF1260.cmd 7,3349093595E-8
500 9 6 iJN1463.cmd 8,6137001806E-8
500 4 3 iAF1260.cmd 5,9793182425E-7
500 4 3 iJN1463.cmd 6,2448165865E-7
500 7 8 iAF1260.cmd 1,597153696E-7
500 7 8 iJN1463.cmd 1,6866588569E-7
500 8 0 iAF1260.cmd 1,4679738344E-7
500 8 0 iJN1463.cmd 1,6600506582E-7
500 12 2 iAF1260.cmd 6,3282826052E-8
500 12 2 iJN1463.cmd 8,2229402085E-8
500 0 8 iAF1260.cmd 3,4203496267E-7
500 0 8 iJN1463.cmd 3,773510885E-7
500 5 8 iAF1260.cmd 2,8878945977E-7
500 5 8 iJN1463.cmd 3,0301043586E-7
500 12 6 iAF1260.cmd 4,7879107646E-8
500 12 6 iJN1463.cmd 5,9050319941E-8
500 13 2 iAF1260.cmd 4,7878990548E-8
500 13 2 iJN1463.cmd 6,3297469938E-8
500 13 11 iAF1260.cmd 4,037955599E-8
500 13 11 iJN1463.cmd 4,5198796648E-8
500 12 10 iAF1260.cmd 4,0765553631E-8
500 12 10 iJN1463.cmd 4,6353042758E-8
500 1 7 iAF1260.cmd 7,5972764531E-7
500 1 7 iJN1463.cmd 7,9690209219E-7
500 3 6 iAF1260.cmd 4,4870920612E-7
500 3 6 iJN1463.cmd 4,6632856339E-7
500 3 7 iAF1260.cmd 4,9167705522E-7
500 3 7 iJN1463.cmd 5,1016724431E-7
500 4 5 iAF1260.cmd 3,4818623136E-7
500 4 5 iJN1463.cmd 3,6480976247E-7
500 4 11 iAF1260.cmd 4,8177252959E-7
500 4 11 iJN1463.cmd 5,0930184847E-7
500 9 10 iAF1260.cmd 1,0377794841E-7
500 9 10 iJN1463.cmd 1,1139907042E-7
500 11 0 iAF1260.cmd 7,4910413716E-8
500 11 0 iJN1463.cmd 8,6107317486E-8
500 5 14 iAF1260.cmd 1,6376752115E-7
500 5 14 iJN1463.cmd 1,908162484E-7
500 0 5 iAF1260.cmd 1,2855198904E-7
500 0 5 iJN1463.cmd 1,4670609801E-7
500 10 10 iAF1260.cmd 7,6310088698E-8
500 10 10 iJN1463.cmd 8,3524220931E-8
500 1 11 iAF1260.cmd 5,8878124859E-7
500 1 11 iJN1463.cmd 6,4593274862E-7
500 2 12 iAF1260.cmd 5,8757799476E-7
500 2 12 iJN1463.cmd 6,5361017749E-7
500 6 2 iAF1260.cmd 2,3294948226E-7
500 6 2 iJN1463.cmd 2,6534082849E-7
500 13 6 iAF1260.cmd 3,1193442976E-8
500 13 6 iJN1463.cmd 3,9380439827E-8
500 10 7 iAF1260.cmd 4,1069241001E-8
500 10 7 iJN1463.cmd 4,8312654267E-8
500 11 7 iAF1260.cmd 3,3117779791E-8
500 11 7 iJN1463.cmd 3,9749630421E-8
500 14 7 iAF1260.cmd 1,992210999E-8
500 14 7 iJN1463.cmd 2,6263996139E-8
500 4 13 iAF1260.cmd 3,6854585194E-7
500 4 13 iJN1463.cmd 4,0777551475E-7
500 14 1 iAF1260.cmd 2,0709271118E-8
500 14 1 iJN1463.cmd 2,7688520602E-8
500 11 9 iAF1260.cmd 2,9836647068E-8
500 11 9 iJN1463.cmd 3,4354589807E-8
500 14 12 iAF1260.cmd 3,2546243682E-8
500 14 12 iJN1463.cmd 3,4953463999E-8
500 0 1 iAF1260.cmd 1,0513084969E-7
500 0 1 iJN1463.cmd 1,2322725659E-7
500 4 2 iAF1260.cmd 4,7295651632E-7
500 4 2 iJN1463.cmd 5,0825463412E-7
500 14 13 iAF1260.cmd 3,0791873526E-8
500 14 13 iJN1463.cmd 3,1705327973E-8
500 0 10 iAF1260.cmd 1,3754692691E-7
500 0 10 iJN1463.cmd 1,6519206885E-7
500 4 12 iAF1260.cmd 4,5102988265E-7
500 4 12 iJN1463.cmd 4,9099916371E-7
500 9 7 iAF1260.cmd 4,9237015434E-8
500 9 7 iJN1463.cmd 5,6347556982E-8
500 13 10 iAF1260.cmd 2,84400053E-8
500 13 10 iJN1463.cmd 3,2170705058E-8
500 6 4 iAF1260.cmd 1,1302228101E-7
500 6 4 iJN1463.cmd 1,2755821895E-7
500 7 5 iAF1260.cmd 9,9519099084E-8
500 7 5 iJN1463.cmd 1,1207275809E-7
500 4 6 iAF1260.cmd 3,1682586939E-7
500 4 6 iJN1463.cmd 3,361505022E-7
500 8 6 iAF1260.cmd 6,2904081381E-8
500 8 6 iJN1463.cmd 7,1731562289E-8
500 0 7 iAF1260.cmd 2,8291677647E-7
500 0 7 iJN1463.cmd 3,17522045E-7
500 7 0 iAF1260.cmd 1,5262530251E-7
500 7 0 iJN1463.cmd 1,8013285214E-7
500 5 7 iAF1260.cmd 2,5221977157E-7
500 5 7 iJN1463.cmd 2,7094644644E-7
500 12 7 iAF1260.cmd 2,4035929607E-8
500 12 7 iJN1463.cmd 2,9406685512E-8
500 13 1 iAF1260.cmd 2,1300388439E-8
500 13 1 iJN1463.cmd 2,7901973225E-8
500 7 7 iAF1260.cmd 9,0605012189E-8
500 7 7 iJN1463.cmd 9,867941606E-8
500 8 8 iAF1260.cmd 7,8952654472E-8
500 8 8 iJN1463.cmd 8,5322117733E-8
500 12 9 iAF1260.cmd 2,4435082738E-8
500 12 9 iJN1463.cmd 2,8344213065E-8
500 14 11 iAF1260.cmd 2,5718945628E-8
500 14 11 iJN1463.cmd 2,8526999351E-8
500 4 7 iAF1260.cmd 3,2956751227E-7
500 4 7 iJN1463.cmd 3,5009586145E-7
500 5 5 iAF1260.cmd 1,8667496345E-7
500 5 5 iJN1463.cmd 2,0356158196E-7
500 12 0 iAF1260.cmd 3,2080351468E-8
500 12 0 iJN1463.cmd 3,7736128558E-8
500 9 9 iAF1260.cmd 5,9514758794E-8
500 9 9 iJN1463.cmd 6,4939954065E-8
500 1 12 iAF1260.cmd 5,0926086104E-7
500 1 12 iJN1463.cmd 5,753436826E-7
500 5 2 iAF1260.cmd 3,0737986638E-7
500 5 2 iJN1463.cmd 3,4630326708E-7
500 13 7 iAF1260.cmd 1,7358251431E-8
500 13 7 iJN1463.cmd 2,2091897119E-8
500 4 14 iAF1260.cmd 1,4790640115E-7
500 4 14 iJN1463.cmd 1,8019857534E-7
500 3 12 iAF1260.cmd 5,0076579147E-7
500 3 12 iJN1463.cmd 5,6176385111E-7
500 14 14 iAF1260.cmd 2,0499064399E-8
500 14 14 iJN1463.cmd 2,0905940489E-8
500 11 8 iAF1260.cmd 2,3040905957E-8
500 11 8 iJN1463.cmd 2,7334652392E-8
500 0 11 iAF1260.cmd 1,9938611358E-7
500 0 11 iJN1463.cmd 2,4195713829E-7
500 6 1 iAF1260.cmd 2,1367540082E-7
500 6 1 iJN1463.cmd 2,5553083925E-7
500 2 13 iAF1260.cmd 4,3536224618E-7
500 2 13 iJN1463.cmd 5,0109567752E-7
500 3 13 iAF1260.cmd 3,9949631655E-7
500 3 13 iJN1463.cmd 4,558606928E-7
500 4 1 iAF1260.cmd 3,1669993197E-7
500 4 1 iJN1463.cmd 3,7186440399E-7
500 10 8 iAF1260.cmd 2,9878621999E-8
500 10 8 iJN1463.cmd 3,4761561024E-8
500 8 7 iAF1260.cmd 6,2530354353E-8
500 8 7 iJN1463.cmd 6,9428436591E-8
500 5 6 iAF1260.cmd 2,0331088802E-7
500 5 6 iJN1463.cmd 2,2200917926E-7
500 6 5 iAF1260.cmd 1,1868942957E-7
500 6 5 iJN1463.cmd 1,3345979206E-7
500 7 6 iAF1260.cmd 8,351872201E-8
500 7 6 iJN1463.cmd 9,4343137342E-8
500 9 8 iAF1260.cmd 4,7147258558E-8
500 9 8 iJN1463.cmd 5,2559335349E-8
500 5 4 iAF1260.cmd 1,2672044694E-7
500 5 4 iJN1463.cmd 1,4280712594E-7
500 0 6 iAF1260.cmd 1,0136233203E-7
500 0 6 iJN1463.cmd 1,210489256E-7
500 12 8 iAF1260.cmd 1,6541485188E-8
500 12 8 iJN1463.cmd 2,0165945385E-8
500 6 0 iAF1260.cmd 1,8316587648E-7
500 6 0 iJN1463.cmd 2,2677075417E-7
500 14 10 iAF1260.cmd 1,6436048697E-8
500 14 10 iJN1463.cmd 1,9122193541E-8
500 5 1 iAF1260.cmd 2,5382685332E-7
500 5 1 iJN1463.cmd 3,0372473432E-7
500 1 13 iAF1260.cmd 3,8221798014E-7
500 1 13 iJN1463.cmd 4,4686773168E-7
500 0 12 iAF1260.cmd 1,7518239473E-7
500 0 12 iJN1463.cmd 2,233915582E-7
500 13 0 iAF1260.cmd 1,5050480869E-8
500 13 0 iJN1463.cmd 1,9404129883E-8
500 3 14 iAF1260.cmd 1,4178614486E-7
500 3 14 iJN1463.cmd 1,8202653753E-7
500 6 6 iAF1260.cmd 1,1848620811E-7
500 6 6 iJN1463.cmd 1,3420355439E-7
500 14 8 iAF1260.cmd 8,8613896478E-9
500 14 8 iJN1463.cmd 1,2400907778E-8
500 14 0 iAF1260.cmd 1,0525457973E-8
500 14 0 iJN1463.cmd 1,4692454155E-8
500 2 14 iAF1260.cmd 1,4120965862E-7
500 2 14 iJN1463.cmd 1,8557157618E-7
500 4 0 iAF1260.cmd 2,4907081893E-7
500 4 0 iJN1463.cmd 3,3118374312E-7
500 5 0 iAF1260.cmd 2,1574612347E-7
500 5 0 iJN1463.cmd 2,7630660654E-7
500 0 0 iAF1260.cmd 4,2052159759E-8
500 0 0 iJN1463.cmd 8,7056909765E-8
500 0 13 iAF1260.cmd 1,2063593704E-7
500 0 13 iJN1463.cmd 1,6319312902E-7
500 13 8 iAF1260.cmd 9,9711595161E-9
500 13 8 iJN1463.cmd 1,3281084393E-8
500 1 14 iAF1260.cmd 1,1439769573E-7
500 1 14 iJN1463.cmd 1,5452723563E-7
500 3 0 iAF1260.cmd 2,2475680028E-7
500 3 0 iJN1463.cmd 3,5791934956E-7
500 0 14 iAF1260.cmd 4,6478347703E-8
500 0 14 iJN1463.cmd 7,1062201471E-8
500 14 9 iAF1260.cmd 7,3360495709E-9
500 14 9 iJN1463.cmd 1,0256020013E-8
500 2 0 iAF1260.cmd 1,8335593204E-7
500 2 0 iJN1463.cmd 3,6155741975E-7
500 1 0 iAF1260.cmd 1,3296265923E-7
500 1 0 iJN1463.cmd 3,1433617313E-7
1000 10 2 iAF1260.cmd 1,9566321593E-7
1000 10 2 iJN1463.cmd 2,0657190531E-7
1000 10 3 iAF1260.cmd 1,830260582E-7
1000 10 3 iJN1463.cmd 2,0109351178E-7
1000 1 3 iAF1260.cmd 9,0046742681E-7
1000 1 3 iJN1463.cmd 7,9496393744E-7
1000 6 10 iAF1260.cmd 4,7919346936E-7
1000 6 10 iJN1463.cmd 4,1728060441E-7
1000 9 13 iAF1260.cmd 1,9473230768E-7
1000 9 13 iJN1463.cmd 1,8295865262E-7
1000 9 2 iAF1260.cmd 2,1091486638E-7
1000 9 2 iJN1463.cmd 2,1411334998E-7
1000 7 13 iAF1260.cmd 4,3878072305E-7
1000 7 13 iJN1463.cmd 3,9714766575E-7
1000 11 4 iAF1260.cmd 1,3741457895E-7
1000 11 4 iJN1463.cmd 1,6113505302E-7
1000 2 4 iAF1260.cmd 9,6352052212E-7
1000 2 4 iJN1463.cmd 8,3487789693E-7
1000 2 9 iAF1260.cmd 1,0614123158E-6
1000 2 9 iJN1463.cmd 9,2326284039E-7
1000 11 12 iAF1260.cmd 9,7154797593E-8
1000 11 12 iJN1463.cmd 9,2703256079E-8
1000 9 3 iAF1260.cmd 2,0220878283E-7
1000 9 3 iJN1463.cmd 2,1034954912E-7
1000 12 14 iAF1260.cmd 7,6941775945E-8
1000 12 14 iJN1463.cmd 8,0647599807E-8
1000 10 4 iAF1260.cmd 1,6177008559E-7
1000 10 4 iJN1463.cmd 1,800225054E-7
1000 14 4 iAF1260.cmd 8,2280726421E-8
1000 14 4 iJN1463.cmd 1,0814277262E-7
1000 0 3 iAF1260.cmd 6,423200402E-7
1000 0 3 iJN1463.cmd 6,3001561116E-7
1000 1 2 iAF1260.cmd 8,8546204342E-7
1000 1 2 iJN1463.cmd 7,8290227198E-7
1000 1 4 iAF1260.cmd 8,8657121202E-7
1000 1 4 iJN1463.cmd 7,811697581E-7
1000 1 9 iAF1260.cmd 9,6353310802E-7
1000 1 9 iJN1463.cmd 8,5510138954E-7
1000 2 3 iAF1260.cmd 9,8434590053E-7
1000 2 3 iJN1463.cmd 8,5453351825E-7
1000 2 5 iAF1260.cmd 9,1673623973E-7
1000 2 5 iJN1463.cmd 7,927401526E-7
1000 2 8 iAF1260.cmd 1,0536492522E-6
1000 2 8 iJN1463.cmd 9,1667431542E-7
1000 2 10 iAF1260.cmd 1,0748334414E-6
1000 2 10 iJN1463.cmd 9,3657953529E-7
1000 3 4 iAF1260.cmd 9,2407408022E-7
1000 3 4 iJN1463.cmd 8,0068927978E-7
1000 3 9 iAF1260.cmd 9,7781346293E-7
1000 3 9 iJN1463.cmd 8,4647594186E-7
1000 5 10 iAF1260.cmd 6,4502245294E-7
1000 5 10 iJN1463.cmd 5,6090143944E-7
1000 6 9 iAF1260.cmd 4,4407622295E-7
1000 6 9 iJN1463.cmd 3,8723074859E-7
1000 6 13 iAF1260.cmd 4,9046713245E-7
1000 6 13 iJN1463.cmd 4,4424625909E-7
1000 7 10 iAF1260.cmd 3,545374491E-7
1000 7 10 iJN1463.cmd 3,1019476912E-7
1000 7 12 iAF1260.cmd 4,7460334507E-7
1000 7 12 iJN1463.cmd 4,1856184461E-7
1000 7 14 iAF1260.cmd 3,0050402825E-7
1000 7 14 iJN1463.cmd 3,0229435611E-7
1000 8 2 iAF1260.cmd 2,3214386928E-7
1000 8 2 iJN1463.cmd 2,2518209557E-7
1000 8 3 iAF1260.cmd 2,1713869561E-7
1000 8 3 iJN1463.cmd 2,1443135222E-7
1000 9 1 iAF1260.cmd 1,9833380222E-7
1000 9 1 iJN1463.cmd 1,9692360021E-7
1000 9 4 iAF1260.cmd 1,7973171753E-7
1000 9 4 iJN1463.cmd 1,8927279032E-7
1000 9 12 iAF1260.cmd 2,5706021981E-7
1000 9 12 iJN1463.cmd 2,293299691E-7
1000 9 14 iAF1260.cmd 1,6213190875E-7
1000 9 14 iJN1463.cmd 1,7058175933E-7
1000 10 1 iAF1260.cmd 1,7335349746E-7
1000 10 1 iJN1463.cmd 1,7758450771E-7
1000 10 5 iAF1260.cmd 1,3044815829E-7
1000 10 5 iJN1463.cmd 1,4424441509E-7
1000 10 13 iAF1260.cmd 1,498756629E-7
1000 10 13 iJN1463.cmd 1,4421932278E-7
1000 11 3 iAF1260.cmd 1,4941105822E-7
1000 11 3 iJN1463.cmd 1,7515678105E-7
1000 11 5 iAF1260.cmd 1,1330802717E-7
1000 11 5 iJN1463.cmd 1,3086060061E-7
1000 11 11 iAF1260.cmd 9,4250717928E-8
1000 11 11 iJN1463.cmd 8,8638884138E-8
1000 11 13 iAF1260.cmd 1,1052302575E-7
1000 11 13 iJN1463.cmd 1,0731619155E-7
1000 11 14 iAF1260.cmd 1,0161495681E-7
1000 11 14 iJN1463.cmd 1,0746570301E-7
1000 12 4 iAF1260.cmd 1,1192007379E-7
1000 12 4 iJN1463.cmd 1,3726126882E-7
1000 12 12 iAF1260.cmd 7,9767022103E-8
1000 12 12 iJN1463.cmd 7,5948335288E-8
1000 12 13 iAF1260.cmd 8,373617226E-8
1000 12 13 iJN1463.cmd 8,1118754239E-8
1000 13 4 iAF1260.cmd 9,5748214483E-8
1000 13 4 iJN1463.cmd 1,2282262912E-7
1000 13 14 iAF1260.cmd 5,7732469634E-8
1000 13 14 iJN1463.cmd 5,941365901E-8
1000 14 3 iAF1260.cmd 7,644430311E-8
1000 14 3 iJN1463.cmd 1,0025121735E-7
1000 14 5 iAF1260.cmd 6,8824452234E-8
1000 14 5 iJN1463.cmd 9,0361529446E-8
1000 0 4 iAF1260.cmd 5,9253577553E-7
1000 0 4 iJN1463.cmd 5,8236122386E-7
1000 2 2 iAF1260.cmd 9,7785350178E-7
1000 2 2 iJN1463.cmd 8,5029284705E-7
1000 3 3 iAF1260.cmd 9,3941362808E-7
1000 3 3 iJN1463.cmd 8,1729513622E-7
1000 8 4 iAF1260.cmd 2,0063058683E-7
1000 8 4 iJN1463.cmd 1,9927972804E-7
1000 9 5 iAF1260.cmd 1,4240033069E-7
1000 9 5 iJN1463.cmd 1,5134056449E-7
1000 12 3 iAF1260.cmd 1,0996591653E-7
1000 12 3 iJN1463.cmd 1,358763773E-7
1000 0 2 iAF1260.cmd 5,7723739409E-7
1000 0 2 iJN1463.cmd 5,7587835106E-7
1000 1 8 iAF1260.cmd 9,6124617378E-7
1000 1 8 iJN1463.cmd 8,5440438251E-7
1000 3 5 iAF1260.cmd 7,7564430909E-7
1000 3 5 iJN1463.cmd 6,7397305662E-7
1000 3 10 iAF1260.cmd 9,8619792725E-7
1000 3 10 iJN1463.cmd 8,5451510523E-7
1000 6 12 iAF1260.cmd 5,5544680168E-7
1000 6 12 iJN1463.cmd 4,9072026294E-7
1000 7 9 iAF1260.cmd 3,4511304545E-7
1000 7 9 iJN1463.cmd 3,0245020148E-7
1000 8 1 iAF1260.cmd 2,1642965576E-7
1000 8 1 iJN1463.cmd 2,0898281706E-7
1000 8 12 iAF1260.cmd 3,8169058491E-7
1000 8 12 iJN1463.cmd 3,3519452789E-7
1000 10 14 iAF1260.cmd 1,3079935994E-7
1000 10 14 iJN1463.cmd 1,3816194607E-7
1000 3 8 iAF1260.cmd 9,5511480939E-7
1000 3 8 iJN1463.cmd 8,2806536972E-7
1000 5 9 iAF1260.cmd 5,8865489536E-7
1000 5 9 iJN1463.cmd 5,1169816047E-7
1000 12 5 iAF1260.cmd 9,7956211736E-8
1000 12 5 iJN1463.cmd 1,16846643E-7
1000 12 11 iAF1260.cmd 7,2295958272E-8
1000 12 11 iJN1463.cmd 6,8609596628E-8
1000 13 3 iAF1260.cmd 8,7579738174E-8
1000 13 3 iJN1463.cmd 1,1234682455E-7
1000 6 14 iAF1260.cmd 3,5537163203E-7
1000 6 14 iJN1463.cmd 3,5518334125E-7
1000 8 14 iAF1260.cmd 1,9840859111E-7
1000 8 14 iJN1463.cmd 2,1194114748E-7
1000 0 9 iAF1260.cmd 6,385744682E-7
1000 0 9 iJN1463.cmd 6,3326223537E-7
1000 2 11 iAF1260.cmd 1,0113027838E-6
1000 2 11 iJN1463.cmd 8,9569781234E-7
1000 4 9 iAF1260.cmd 8,0514055079E-7
1000 4 9 iJN1463.cmd 6,9704681756E-7
1000 4 10 iAF1260.cmd 8,0862243187E-7
1000 4 10 iJN1463.cmd 7,0173569457E-7
1000 5 11 iAF1260.cmd 6,9262700669E-7
1000 5 11 iJN1463.cmd 6,0565282206E-7
1000 5 13 iAF1260.cmd 5,5629745465E-7
1000 5 13 iJN1463.cmd 5,0508134266E-7
1000 6 8 iAF1260.cmd 3,7815517029E-7
1000 6 8 iJN1463.cmd 3,3142091942E-7
1000 7 2 iAF1260.cmd 2,747543888E-7
1000 7 2 iJN1463.cmd 2,629657002E-7
1000 7 3 iAF1260.cmd 2,2484840742E-7
1000 7 3 iJN1463.cmd 2,1943536637E-7
1000 8 10 iAF1260.cmd 2,5163609131E-7
1000 8 10 iJN1463.cmd 2,2239567607E-7
1000 9 0 iAF1260.cmd 1,8943802964E-7
1000 9 0 iJN1463.cmd 1,849530333E-7
1000 9 11 iAF1260.cmd 1,8174898027E-7
1000 9 11 iJN1463.cmd 1,6293741236E-7
1000 10 0 iAF1260.cmd 1,5713241638E-7
1000 10 0 iJN1463.cmd 1,577102909E-7
1000 10 6 iAF1260.cmd 1,0030470855E-7
1000 10 6 iJN1463.cmd 1,0642000992E-7
1000 11 1 iAF1260.cmd 1,4038387728E-7
1000 11 1 iJN1463.cmd 1,4472572011E-7
1000 14 6 iAF1260.cmd 5,0367627881E-8
1000 14 6 iJN1463.cmd 6,3108947157E-8
1000 10 11 iAF1260.cmd 1,2921068349E-7
1000 10 11 iJN1463.cmd 1,1839988943E-7
1000 11 6 iAF1260.cmd 8,4498699893E-8
1000 11 6 iJN1463.cmd 9,3978759534E-8
1000 11 10 iAF1260.cmd 8,0660199858E-8
1000 11 10 iJN1463.cmd 7,6007173513E-8
1000 13 12 iAF1260.cmd 6,241921268E-8
1000 13 12 iJN1463.cmd 5,8746654241E-8
1000 13 13 iAF1260.cmd 6,3548766042E-8
1000 13 13 iJN1463.cmd 6,0637888051E-8
1000 14 2 iAF1260.cmd 5,9277086064E-8
1000 14 2 iJN1463.cmd 7,7265232505E-8
1000 3 2 iAF1260.cmd 9,0675688428E-7
1000 3 2 iJN1463.cmd 7,9251817255E-7
1000 7 4 iAF1260.cmd 2,0140373993E-7
1000 7 4 iJN1463.cmd 1,946107835E-7
1000 5 12 iAF1260.cmd 6,4745719453E-7
1000 5 12 iJN1463.cmd 5,7247410359E-7
1000 9 6 iAF1260.cmd 1,1527129959E-7
1000 9 6 iJN1463.cmd 1,1611796449E-7
1000 4 3 iAF1260.cmd 8,4801906245E-7
1000 4 3 iJN1463.cmd 7,4499965075E-7
1000 7 8 iAF1260.cmd 2,5548031837E-7
1000 7 8 iJN1463.cmd 2,2667227733E-7
1000 8 0 iAF1260.cmd 2,1742746415E-7
1000 8 0 iJN1463.cmd 2,1147273474E-7
1000 12 2 iAF1260.cmd 8,5993647747E-8
1000 12 2 iJN1463.cmd 1,0881542696E-7
1000 0 8 iAF1260.cmd 6,7106564709E-7
1000 0 8 iJN1463.cmd 6,6267609156E-7
1000 5 8 iAF1260.cmd 4,6316908516E-7
1000 5 8 iJN1463.cmd 4,0559491438E-7
1000 12 6 iAF1260.cmd 6,8581621918E-8
1000 12 6 iJN1463.cmd 7,9133408208E-8
1000 13 2 iAF1260.cmd 6,765432191E-8
1000 13 2 iJN1463.cmd 8,6837833138E-8
1000 13 11 iAF1260.cmd 5,631344148E-8
1000 13 11 iJN1463.cmd 5,3205786822E-8
1000 12 10 iAF1260.cmd 6,0774183856E-8
1000 12 10 iJN1463.cmd 5,8067512994E-8
1000 1 7 iAF1260.cmd 9,154414578E-7
1000 1 7 iJN1463.cmd 8,1807258634E-7
1000 3 6 iAF1260.cmd 6,8004069508E-7
1000 3 6 iJN1463.cmd 5,9369053617E-7
1000 3 7 iAF1260.cmd 7,3610991601E-7
1000 3 7 iJN1463.cmd 6,4159755185E-7
1000 4 5 iAF1260.cmd 5,4357300897E-7
1000 4 5 iJN1463.cmd 4,7770951922E-7
1000 4 11 iAF1260.cmd 7,5729506627E-7
1000 4 11 iJN1463.cmd 6,6268469188E-7
1000 9 10 iAF1260.cmd 1,6450679767E-7
1000 9 10 iJN1463.cmd 1,4795966403E-7
1000 11 0 iAF1260.cmd 1,1724641125E-7
1000 11 0 iJN1463.cmd 1,2010830082E-7
1000 5 14 iAF1260.cmd 3,9590047626E-7
1000 5 14 iJN1463.cmd 3,9723889662E-7
1000 0 5 iAF1260.cmd 4,0100597268E-7
1000 0 5 iJN1463.cmd 4,1753549154E-7
1000 10 10 iAF1260.cmd 1,2040455191E-7
1000 10 10 iJN1463.cmd 1,1036754559E-7
1000 1 11 iAF1260.cmd 8,6180937213E-7
1000 1 11 iJN1463.cmd 7,8213969632E-7
1000 2 12 iAF1260.cmd 8,850853914E-7
1000 2 12 iJN1463.cmd 7,9424358754E-7
1000 6 2 iAF1260.cmd 3,8734411935E-7
1000 6 2 iJN1463.cmd 3,6116574098E-7
1000 13 6 iAF1260.cmd 4,9811920157E-8
1000 13 6 iJN1463.cmd 5,9079480556E-8
1000 10 7 iAF1260.cmd 8,0163969474E-8
1000 10 7 iJN1463.cmd 8,0684320866E-8
1000 11 7 iAF1260.cmd 6,3896197438E-8
1000 11 7 iJN1463.cmd 6,7105361887E-8
1000 14 7 iAF1260.cmd 3,6219707913E-8
1000 14 7 iJN1463.cmd 4,2804032215E-8
1000 4 13 iAF1260.cmd 6,2575442025E-7
1000 4 13 iJN1463.cmd 5,7075190063E-7
1000 14 1 iAF1260.cmd 4,1784652728E-8
1000 14 1 iJN1463.cmd 5,3375442285E-8
1000 11 9 iAF1260.cmd 5,6886955165E-8
1000 11 9 iJN1463.cmd 5,5248531066E-8
1000 14 12 iAF1260.cmd 5,1798598653E-8
1000 14 12 iJN1463.cmd 4,8103862691E-8
1000 0 1 iAF1260.cmd 3,5631980019E-7
1000 0 1 iJN1463.cmd 4,003923082E-7
1000 4 2 iAF1260.cmd 7,1394223246E-7
1000 4 2 iJN1463.cmd 6,3819815745E-7
1000 14 13 iAF1260.cmd 5,2183123554E-8
1000 14 13 iJN1463.cmd 4,8951833068E-8
1000 0 10 iAF1260.cmd 4,7772877985E-7
1000 0 10 iJN1463.cmd 4,9991566733E-7
1000 4 12 iAF1260.cmd 7,3124189677E-7
1000 4 12 iJN1463.cmd 6,4956889763E-7
1000 9 7 iAF1260.cmd 1,012469597E-7
1000 9 7 iJN1463.cmd 9,8342218496E-8
1000 13 10 iAF1260.cmd 4,8949833713E-8
1000 13 10 iJN1463.cmd 4,6646176069E-8
1000 6 4 iAF1260.cmd 2,1724746862E-7
1000 6 4 iJN1463.cmd 2,029894587E-7
1000 7 5 iAF1260.cmd 1,9173174254E-7
1000 7 5 iJN1463.cmd 1,8030661155E-7
1000 4 6 iAF1260.cmd 5,3360469138E-7
1000 4 6 iJN1463.cmd 4,6957193586E-7
1000 8 6 iAF1260.cmd 1,2966969532E-7
1000 8 6 iJN1463.cmd 1,2422688657E-7
1000 0 7 iAF1260.cmd 5,9921700374E-7
1000 0 7 iJN1463.cmd 5,9673800369E-7
1000 7 0 iAF1260.cmd 2,7167400267E-7
1000 7 0 iJN1463.cmd 2,6021835984E-7
1000 5 7 iAF1260.cmd 4,5393207176E-7
1000 5 7 iJN1463.cmd 4,0069750129E-7
1000 12 7 iAF1260.cmd 5,0481028916E-8
1000 12 7 iJN1463.cmd 5,513152073E-8
1000 13 1 iAF1260.cmd 4,6053830576E-8
1000 13 1 iJN1463.cmd 5,7740383746E-8
1000 7 7 iAF1260.cmd 1,7535570153E-7
1000 7 7 iJN1463.cmd 1,6005066599E-7
1000 8 8 iAF1260.cmd 1,5284319097E-7
1000 8 8 iJN1463.cmd 1,3944073033E-7
1000 12 9 iAF1260.cmd 4,9576101235E-8
1000 12 9 iJN1463.cmd 4,8351337328E-8
1000 14 11 iAF1260.cmd 4,6177535197E-8
1000 14 11 iJN1463.cmd 4,3353169575E-8
1000 4 7 iAF1260.cmd 5,6266045161E-7
1000 4 7 iJN1463.cmd 4,9433279878E-7
1000 5 5 iAF1260.cmd 3,4361550857E-7
1000 5 5 iJN1463.cmd 3,0798164802E-7
1000 12 0 iAF1260.cmd 7,0084313341E-8
1000 12 0 iJN1463.cmd 7,4148719351E-8
1000 9 9 iAF1260.cmd 1,2141684032E-7
1000 9 9 iJN1463.cmd 1,110779617E-7
1000 1 12 iAF1260.cmd 7,8659090225E-7
1000 1 12 iJN1463.cmd 7,2048499151E-7
1000 5 2 iAF1260.cmd 5,183606385E-7
1000 5 2 iJN1463.cmd 4,7498691663E-7
1000 13 7 iAF1260.cmd 3,9305306439E-8
1000 13 7 iJN1463.cmd 4,4664793251E-8
1000 4 14 iAF1260.cmd 4,3158490477E-7
1000 4 14 iJN1463.cmd 4,3648238723E-7
1000 3 12 iAF1260.cmd 8,1638749506E-7
1000 3 12 iJN1463.cmd 7,3130269877E-7
1000 14 14 iAF1260.cmd 4,6925480437E-8
1000 14 14 iJN1463.cmd 4,744373173E-8
1000 11 8 iAF1260.cmd 5,514609922E-8
1000 11 8 iJN1463.cmd 5,4807225986E-8
1000 0 11 iAF1260.cmd 5,4338788405E-7
1000 0 11 iJN1463.cmd 5,5223722663E-7
1000 6 1 iAF1260.cmd 3,9511332144E-7
1000 6 1 iJN1463.cmd 3,7216478892E-7
1000 2 13 iAF1260.cmd 7,1999037627E-7
1000 2 13 iJN1463.cmd 6,6234802277E-7
1000 3 13 iAF1260.cmd 6,9118439707E-7
1000 3 13 iJN1463.cmd 6,3353640334E-7
1000 4 1 iAF1260.cmd 5,6322023257E-7
1000 4 1 iJN1463.cmd 5,2500987265E-7
1000 10 8 iAF1260.cmd 7,2297779673E-8
1000 10 8 iJN1463.cmd 7,032895027E-8
1000 8 7 iAF1260.cmd 1,3127089479E-7
1000 8 7 iJN1463.cmd 1,2289394007E-7
1000 5 6 iAF1260.cmd 3,8281995673E-7
1000 5 6 iJN1463.cmd 3,4093165986E-7
1000 6 5 iAF1260.cmd 2,3866312453E-7
1000 6 5 iJN1463.cmd 2,1910115592E-7
1000 7 6 iAF1260.cmd 1,7604629433E-7
1000 7 6 iJN1463.cmd 1,635208053E-7
1000 9 8 iAF1260.cmd 1,0450049249E-7
1000 9 8 iJN1463.cmd 9,8173809395E-8
1000 5 4 iAF1260.cmd 2,5552718624E-7
1000 5 4 iJN1463.cmd 2,3387773332E-7
1000 0 6 iAF1260.cmd 3,9868066092E-7
1000 0 6 iJN1463.cmd 4,1829265232E-7
1000 12 8 iAF1260.cmd 4,3436495071E-8
1000 12 8 iJN1463.cmd 4,4388364427E-8
1000 6 0 iAF1260.cmd 3,576198472E-7
1000 6 0 iJN1463.cmd 3,413860344E-7
1000 14 10 iAF1260.cmd 3,7539979987E-8
1000 14 10 iJN1463.cmd 3,6095402349E-8
1000 5 1 iAF1260.cmd 4,7239351151E-7
1000 5 1 iJN1463.cmd 4,4285100227E-7
1000 1 13 iAF1260.cmd 6,4328905523E-7
1000 1 13 iJN1463.cmd 6,0292342917E-7
1000 0 12 iAF1260.cmd 5,1145353859E-7
1000 0 12 iJN1463.cmd 5,2356723956E-7
1000 13 0 iAF1260.cmd 4,3780587754E-8
1000 13 0 iJN1463.cmd 5,0723282417E-8
1000 3 14 iAF1260.cmd 4,5909789724E-7
1000 3 14 iJN1463.cmd 4,6820639279E-7
1000 6 6 iAF1260.cmd 2,4929600103E-7
1000 6 6 iJN1463.cmd 2,2674617864E-7
1000 14 8 iAF1260.cmd 2,8240076693E-8
1000 14 8 iJN1463.cmd 3,0924537754E-8
1000 14 0 iAF1260.cmd 3,4169267419E-8
1000 14 0 iJN1463.cmd 4,1914888834E-8
1000 2 14 iAF1260.cmd 4,580454266E-7
1000 2 14 iJN1463.cmd 4,7109686765E-7
1000 4 0 iAF1260.cmd 5,1545675535E-7
1000 4 0 iJN1463.cmd 5,0285769348E-7
1000 5 0 iAF1260.cmd 4,3934407099E-7
1000 5 0 iJN1463.cmd 4,2176214649E-7
1000 0 0 iAF1260.cmd 3,2277711761E-7
1000 0 0 iJN1463.cmd 3,8797350421E-7
1000 0 13 iAF1260.cmd 4,1827360017E-7
1000 0 13 iJN1463.cmd 4,3833523759E-7
1000 13 8 iAF1260.cmd 3,2589849096E-8
1000 13 8 iJN1463.cmd 3,5047664919E-8
1000 1 14 iAF1260.cmd 4,0151309159E-7
1000 1 14 iJN1463.cmd 4,2135948407E-7
1000 3 0 iAF1260.cmd 5,5308348474E-7
1000 3 0 iJN1463.cmd 5,6341596473E-7
1000 0 14 iAF1260.cmd 3,0746497843E-7
1000 0 14 iJN1463.cmd 3,408658103E-7
1000 14 9 iAF1260.cmd 2,7005472986E-8
1000 14 9 iJN1463.cmd 2,7686317469E-8
1000 2 0 iAF1260.cmd 5,6350450866E-7
1000 2 0 iJN1463.cmd 5,84941506E-7
1000 1 0 iAF1260.cmd 5,0350379326E-7
1000 1 0 iJN1463.cmd 5,2953363093E-7
