0	1,5E-7	1,5E-7
1	1,586906395E-7	1,5745843606E-7
2	1,6795657892E-7	1,6530758048E-7
3	1,7858224098E-7	1,7401103986E-7
4	1,9037941473E-7	1,8346166365E-7
5	2,0342072003E-7	1,9365532518E-7
6	2,1779904549E-7	2,0460852959E-7
7	2,3360158933E-7	2,1634826466E-7
8	2,5091897172E-7	2,2889624792E-7
9	2,6984253357E-7	2,4227880925E-7
10	2,9049462499E-7	2,5652680188E-7
11	3,1298027892E-7	2,7168175775E-7
12	3,374054379E-7	2,8778402614E-7
13	3,6390452844E-7	3,0488615285E-7
14	3,9261970569E-7	3,2304494034E-7
15	4,2370587324E-7	3,4232014743E-7
16	4,5732369319E-7	3,6277412232E-7
17	4,9366175921E-7	3,8447637119E-7
18	5,3257143203E-7	4,0746657041E-7
19	5,7328431654E-7	4,3173089918E-7
20	6,1527990737E-7	4,5729074334E-7
21	6,5862638711E-7	4,84226653E-7
22	7,0319903279E-7	5,1263657179E-7
23	7,488236985E-7	5,4263443399E-7
24	7,9568294142E-7	5,7427840845E-7
25	8,4411848211E-7	6,0757489134E-7
26	8,9447306126E-7	6,4256165406E-7
27	9,4670385391E-7	6,7932939441E-7
28	1,0010560545E-6	7,1795202428E-7
29	1,0578961379E-6	7,5850600296E-7
30	1,1170647282E-6	8,0114528432E-7
31	1,1782569161E-6	8,4584028125E-7
32	1,2410589572E-6	8,9253946592E-7
33	1,3042057051E-6	9,4053157899E-7
34	1,3671644749E-6	9,9044320136E-7
35	1,4303612033E-6	1,0425878163E-6
36	1,4942523005E-6	1,096748313E-6
37	1,5595226336E-6	1,1530932567E-6
38	1,6262033114E-6	1,2116727455E-6
39	1,6940151122E-6	1,2726297932E-6
40	1,7626508768E-6	1,3360803247E-6
41	1,831985729E-6	1,4021972416E-6
42	1,9023483929E-6	1,4711288527E-6
43	1,9741206958E-6	1,5431911852E-6
44	2,0474931615E-6	1,6185886782E-6
45	2,122577986E-6	1,6974859531E-6
46	2,1993593991E-6	1,779778304E-6
47	2,2777803129E-6	1,8656923669E-6
48	2,3577187969E-6	1,955362568E-6
49	2,4394679119E-6	2,0489347507E-6
50	2,5233246637E-6	2,1464565318E-6
51	2,6094310737E-6	2,2480747782E-6
52	2,6978178015E-6	2,3539809839E-6
53	2,7883148771E-6	2,4643725878E-6
54	2,8809501376E-6	2,5794107206E-6
55	2,9758725924E-6	2,6992671547E-6
56	3,0730284632E-6	2,8240783637E-6
57	3,1724791246E-6	2,954000831E-6
58	3,2743906833E-6	3,0892524667E-6
59	3,3788640131E-6	3,2301333302E-6
60	3,4854844845E-6	3,3772894942E-6
61	3,5944741227E-6	3,5308657783E-6
62	3,706198176E-6	3,6907753835E-6
63	3,8205719229E-6	3,8575532201E-6
64	3,9375906682E-6	4,0312766777E-6
65	4,0577963075E-6	4,2119849554E-6
66	4,1799175172E-6	4,4003307715E-6
67	4,304841423E-6	4,5963421862E-6
68	4,4325074626E-6	4,8003425682E-6
69	4,56261382E-6	5,0126298823E-6
70	4,69535397E-6	5,2335846074E-6
71	4,8305343023E-6	5,4632661446E-6
72	4,9679850418E-6	5,7015410302E-6
73	5,1090867711E-6	5,9486536788E-6
74	5,2526324009E-6	6,204444322E-6
75	5,3981818957E-6	6,4693527304E-6
76	5,5456999316E-6	6,7430615833E-6
77	5,6958153E-6	7,0244789869E-6
78	5,8476123874E-6	7,3153012024E-6
79	6,0014176046E-6	7,6150687308E-6
80	6,1571731515E-6	7,9237436792E-6
81	6,3152472351E-6	8,2415141205E-6
82	6,4754983989E-6	8,5661734021E-6
83	6,6376293065E-6	8,8973348614E-6
84	6,8015212723E-6	9,2296705964E-6
85	6,9668164915E-6	9,5628610603E-6
86	7,1335380374E-6	9,8963393981E-6
87	7,3010751542E-6	1,022700165E-5
88	7,4688745287E-6	1,0553203028E-5
89	7,637255303E-6	1,087316997E-5
90	7,8060722555E-6	1,1187434267E-5
91	7,9733770669E-6	1,1489851582E-5
92	8,1388818658E-6	1,1785900096E-5
93	8,3023208749E-6	1,2069730021E-5
94	8,4631695203E-6	1,2341394201E-5
95	8,6204319944E-6	1,259953503E-5
96	8,7734164306E-6	1,2841959747E-5
97	8,9198214885E-6	1,3069471275E-5
98	9,0606356589E-6	1,3282542907E-5
99	9,1957666618E-6	1,3483131814E-5
100	9,3244095269E-6	1,3670575007E-5
101	9,4481399552E-6	1,3845465735E-5
102	9,5683538729E-6	1,4010123898E-5
103	9,6842092801E-6	1,4167396654E-5
104	9,7972258832E-6	1,4319128706E-5
105	9,9079432652E-6	1,4466220836E-5
106	1,0017010587E-5	1,4609939072E-5
107	1,012446385E-5	1,4751459792E-5
108	1,0229180191E-5	1,4891676793E-5
109	1,033097755E-5	1,5031399871E-5
110	1,0432545284E-5	1,5169924403E-5
111	1,053391378E-5	1,5307422136E-5
112	1,0635535964E-5	1,5444201592E-5
113	1,0737438743E-5	1,5580469811E-5
114	1,0839339109E-5	1,5715693297E-5
115	1,0941038261E-5	1,5848164369E-5
116	1,1042990974E-5	1,5981012495E-5
117	1,1144760526E-5	1,6114555588E-5
118	1,1247592085E-5	1,6247602475E-5
119	1,1349985246E-5	1,6381549296E-5
120	1,1452616515E-5	1,651629443E-5
121	1,1555027027E-5	1,6650793838E-5
122	1,1658428609E-5	1,6781822871E-5
123	1,1761637661E-5	1,6913292617E-5
124	1,1863532764E-5	1,7044881812E-5
125	1,1966369001E-5	1,7174890162E-5
126	1,2068600027E-5	1,7305495889E-5
127	1,2171134676E-5	1,7435182153E-5
128	1,2272892702E-5	1,7565475229E-5
129	1,2374769437E-5	1,7692658473E-5
130	1,2475940095E-5	1,782132215E-5
131	1,2578054281E-5	1,7950954943E-5
132	1,2681511973E-5	1,8077238656E-5
133	1,2784416107E-5	1,8203809173E-5
134	1,288771731E-5	1,8330828053E-5
135	1,2989543923E-5	1,8458517943E-5
136	1,3091840673E-5	1,8586217112E-5
137	1,319427214E-5	1,8714915493E-5
138	1,3296705893E-5	1,8842787888E-5
139	1,3399058144E-5	1,8970682888E-5
140	1,3501154453E-5	1,9098096308E-5
141	1,3603220007E-5	1,9227311796E-5
142	1,3706474681E-5	1,9355511788E-5
143	1,3810703833E-5	1,9483455919E-5
144	1,3916176106E-5	1,960884324E-5
145	1,4020847773E-5	1,9734742276E-5
146	1,4125370205E-5	1,9859079971E-5
147	1,4229989954E-5	1,998270913E-5
148	1,433299552E-5	2,0108412763E-5
149	1,4435843909E-5	2,0234940654E-5
150	1,4537851118E-5	2,0362566037E-5
151	1,4642127693E-5	2,0486309753E-5
152	1,4744904327E-5	2,0612654262E-5
153	1,4846948091E-5	2,0738979784E-5
154	1,4950069052E-5	2,086294159E-5
155	1,505267846E-5	2,0987636258E-5
156	1,5154335463E-5	2,1113229385E-5
157	1,5257886224E-5	2,1236864807E-5
158	1,5360013673E-5	2,1362073244E-5
159	1,5463722131E-5	2,148697369E-5
160	1,5567977137E-5	2,1611266885E-5
161	1,567298335E-5	2,1735277949E-5
162	1,5777273223E-5	2,1864358322E-5
163	1,5880535879E-5	2,1992094531E-5
164	1,5983334994E-5	2,2119393487E-5
165	1,6085483778E-5	2,224659034E-5
166	1,6187007646E-5	2,2374021435E-5
167	1,6288220409E-5	2,2501284119E-5
168	1,6388373306E-5	2,2628523665E-5
169	1,6488047445E-5	2,2756273904E-5
170	1,6586163601E-5	2,288203942E-5
171	1,668698132E-5	2,300915709E-5
172	1,6789744039E-5	2,3134153656E-5
173	1,6891125378E-5	2,3260298861E-5
174	1,6993840243E-5	2,3384781679E-5
175	1,7097144117E-5	2,3508358418E-5
176	1,7200396429E-5	2,3631471332E-5
177	1,7304470198E-5	2,3750212233E-5
178	1,7407905762E-5	2,3872946135E-5
179	1,7511535625E-5	2,3994437876E-5
180	1,7616689633E-5	2,411357707E-5
181	1,7719436364E-5	2,4233802595E-5
182	1,7820012403E-5	2,4355701478E-5
183	1,7922920795E-5	2,4475033469E-5
184	1,8026220994E-5	2,459459183E-5
185	1,8130534625E-5	2,4713127253E-5
186	1,823444384E-5	2,4832178639E-5
187	1,8338956758E-5	2,4951114324E-5
188	1,8443356098E-5	2,5070342435E-5
189	1,8549335749E-5	2,518750556E-5
190	1,8653943819E-5	2,5307046351E-5
191	1,8761201597E-5	2,5424374168E-5
192	1,886250041E-5	2,5545910073E-5
193	1,8964894808E-5	2,5665781178E-5
194	1,9068572714E-5	2,5784195935E-5
195	1,9172271523E-5	2,590255145E-5
196	1,9275987451E-5	2,6022081464E-5
197	1,9378032623E-5	2,6143518498E-5
198	1,9478974941E-5	2,6266342376E-5
199	1,9581815402E-5	2,6385774217E-5
200	1,9684992708E-5	2,6504473971E-5
201	1,9786138694E-5	2,6624834519E-5
202	1,9888816766E-5	2,6741034784E-5
203	1,9994502259E-5	2,6855419401E-5
204	2,0098508403E-5	2,6973515518E-5
205	2,0200694334E-5	2,7092711904E-5
206	2,030346862E-5	2,7210281599E-5
207	2,0408692913E-5	2,7326346219E-5
208	2,051202568E-5	2,7443685027E-5
209	2,0613390233E-5	2,7561521703E-5
210	2,0715856612E-5	2,7675102953E-5
211	2,0820215757E-5	2,778710317E-5
212	2,0925108671E-5	2,7901086557E-5
213	2,1029156081E-5	2,8015735406E-5
214	2,1132483364E-5	2,8130300666E-5
215	2,1234751768E-5	2,8244966646E-5
216	2,1336759066E-5	2,8358818908E-5
217	2,143896233E-5	2,8472104889E-5
218	2,1543027784E-5	2,8585031197E-5
219	2,1646709049E-5	2,8698360936E-5
220	2,1750677914E-5	2,8810081057E-5
221	2,1852463967E-5	2,8922182598E-5
222	2,1956577169E-5	2,903181751E-5
223	2,2060201673E-5	2,9143359066E-5
224	2,2163477663E-5	2,9254379552E-5
225	2,2266308139E-5	2,9365117047E-5
226	2,2373228948E-5	2,9472064503E-5
227	2,2479026981E-5	2,9581309074E-5
228	2,2583383976E-5	2,969135725E-5
229	2,268731167E-5	2,9800861313E-5
230	2,2791344432E-5	2,9909906886E-5
231	2,2895360804E-5	3,0018724256E-5
232	2,2997429803E-5	3,0128718565E-5
233	2,310315703E-5	3,0236226383E-5
234	2,3209218378E-5	3,0343053289E-5
235	2,3314321014E-5	3,0450256159E-5
236	2,3418962788E-5	3,0557619307E-5
237	2,3522491742E-5	3,0666121304E-5
238	2,3627317506E-5	3,0773796967E-5
239	2,3730202759E-5	3,0882093053E-5
240	2,383305896E-5	3,099061298E-5
241	2,3937111263E-5	3,1097448317E-5
242	2,4041475922E-5	3,1203542622E-5
243	2,4145004446E-5	3,1310078399E-5
244	2,4244627999E-5	3,1420024454E-5
245	2,4349059219E-5	3,1526353934E-5
246	2,4454227852E-5	3,1630836669E-5
247	2,4560482138E-5	3,1733937974E-5
248	2,4657964824E-5	3,1844629152E-5
249	2,47653536E-5	3,1947060237E-5
250	2,4868871208E-5	3,2051564731E-5
251	2,4974250667E-5	3,2155097619E-5
252	2,5079665991E-5	3,2258753812E-5
253	2,5183525454E-5	3,2362332009E-5
254	2,5287542291E-5	3,2464942796E-5
255	2,5390562859E-5	3,2566701236E-5
256	2,5495551732E-5	3,2668043349E-5
257	2,5599972641E-5	3,2770474232E-5
258	2,5702473286E-5	3,287391354E-5
259	2,5807148956E-5	3,2976412472E-5
260	2,5910457232E-5	3,3078065548E-5
261	2,6015048884E-5	3,3178508636E-5
262	2,6118831539E-5	3,3278630587E-5
263	2,6219230499E-5	3,3380452674E-5
264	2,632145315E-5	3,3481312291E-5
265	2,6423350339E-5	3,3583918178E-5
266	2,652724255E-5	3,3683588665E-5
267	2,6630392911E-5	3,3785450862E-5
268	2,6732369389E-5	3,3887381319E-5
269	2,6836157917E-5	3,3988133637E-5
270	2,6941715201E-5	3,4087318607E-5
271	2,704757976E-5	3,4185324367E-5
272	2,7153405765E-5	3,4282937399E-5
273	2,7259075321E-5	3,4380305579E-5
274	2,7365721483E-5	3,4475471468E-5
275	2,7468123117E-5	3,4572993886E-5
276	2,7569050815E-5	3,4674730202E-5
277	2,7671345272E-5	3,4773974171E-5
278	2,7774628982E-5	3,4870982997E-5
279	2,7877694448E-5	3,4970842919E-5
280	2,7984653896E-5	3,5066853169E-5
281	2,8091371715E-5	3,5159792801E-5
282	2,8195209236E-5	3,5254187052E-5
283	2,8299808051E-5	3,5350259457E-5
284	2,8406233952E-5	3,5445258214E-5
285	2,8512184009E-5	3,5539655222E-5
286	2,8615994339E-5	3,5636034902E-5
287	2,8721247332E-5	3,5731019346E-5
288	2,8826528365E-5	3,5825089619E-5
289	2,8931876971E-5	3,5918698798E-5
290	2,9037185944E-5	3,6012019791E-5
291	2,9142070189E-5	3,6105458845E-5
292	2,924773356E-5	3,6197952844E-5
293	2,9352990047E-5	3,6290656297E-5
294	2,9457837933E-5	3,6383317131E-5
295	2,9562876876E-5	3,6475933054E-5
296	2,9666414635E-5	3,6570382693E-5
297	2,9767947401E-5	3,6665927473E-5
298	2,9861512614E-5	3,6767363204E-5
299	2,9957794305E-5	3,6866551925E-5
300	3,0056078109E-5	3,6963674812E-5
301	3,0158666724E-5	3,705616184E-5
302	3,0262226114E-5	3,7147516461E-5
303	3,0359907553E-5	3,7242868099E-5
304	3,0466296934E-5	3,7330091234E-5
305	3,0572069358E-5	3,7420960536E-5
306	3,0672379626E-5	3,7517199073E-5
307	3,0774374186E-5	3,760884559E-5
308	3,0877683454E-5	3,7698759012E-5
309	3,0981004749E-5	3,7788667063E-5
310	3,1077700141E-5	3,7882144554E-5
311	3,1178779604E-5	3,7971905363E-5
312	3,1278923067E-5	3,8061057898E-5
313	3,1380150708E-5	3,8149870018E-5
314	3,1482729827E-5	3,8237075079E-5
315	3,158972533E-5	3,8319782918E-5
316	3,1687032393E-5	3,8410982661E-5
317	3,1779926038E-5	3,8503662238E-5
318	3,1878108735E-5	3,8594042048E-5
319	3,1978358342E-5	3,8685224682E-5
320	3,2081196012E-5	3,8772965991E-5
321	3,2177919432E-5	3,8860887955E-5
322	3,2277397737E-5	3,8947737992E-5
323	3,2376681488E-5	3,9034021399E-5
324	3,24768737E-5	3,9118509998E-5
325	3,2571137271E-5	3,9210717672E-5
326	3,2662517828E-5	3,9306376032E-5
327	3,2759580777E-5	3,9405376984E-5
328	3,2859721964E-5	3,949420149E-5
329	3,2961164036E-5	3,957999747E-5
330	3,3063006386E-5	3,9664927852E-5
331	3,3165156902E-5	3,9749876097E-5
332	3,3268361146E-5	3,9830606551E-5
333	3,3371315589E-5	3,9910719698E-5
334	3,3472890872E-5	3,9992587269E-5
335	3,3574245877E-5	4,0076317878E-5
336	3,3666841774E-5	4,016446137E-5
337	3,3765140493E-5	4,0247342223E-5
338	3,3867532596E-5	4,0329159677E-5
339	3,3968322601E-5	4,0412693071E-5
340	3,4065520548E-5	4,0495981506E-5
341	3,4168697377E-5	4,0577357864E-5
342	3,42642703E-5	4,0657693164E-5
343	3,4361642401E-5	4,0738735453E-5
344	3,4458594821E-5	4,0819369128E-5
345	3,4559967559E-5	4,0895651093E-5
346	3,4660443586E-5	4,097579064E-5
347	3,4759935719E-5	4,105689467E-5
348	3,4859057112E-5	4,1138026453E-5
349	3,495569419E-5	4,1219879734E-5
350	3,5051242198E-5	4,1299413101E-5
351	3,5144630754E-5	4,138015375E-5
352	3,5238530652E-5	4,146175277E-5
353	3,5339311066E-5	4,1553714695E-5
354	3,543472829E-5	4,1642245644E-5
355	3,5533066882E-5	4,1724215889E-5
356	3,5631441573E-5	4,180444421E-5
357	3,572929128E-5	4,1884079459E-5
358	3,5827946112E-5	4,1962508694E-5
359	3,5925521341E-5	4,2042330043E-5
360	3,6022251717E-5	4,2120599767E-5
361	3,6119905564E-5	4,2199232446E-5
362	3,6216887537E-5	4,227782367E-5
363	3,6313523211E-5	4,2356261122E-5
364	3,6409937432E-5	4,2434531206E-5
365	3,6506159293E-5	4,2512611847E-5
366	3,6602201783E-5	4,2590499077E-5
367	3,6699952591E-5	4,2672991633E-5
368	3,6799253716E-5	4,2759108057E-5
369	3,6898189922E-5	4,2846871857E-5
370	3,6995141664E-5	4,292652882E-5
371	3,7090911885E-5	4,300420788E-5
372	3,7188268393E-5	4,3086132088E-5
373	3,728717628E-5	4,3171633714E-5
374	3,738504644E-5	4,3261782102E-5
375	3,7481248242E-5	4,3341400305E-5
376	3,7576204761E-5	4,3418394462E-5
377	3,7673057299E-5	4,3499745476E-5
378	3,7771411219E-5	4,3584549647E-5
379	3,7869197886E-5	4,3672686379E-5
380	3,7966226369E-5	4,3763821998E-5
381	3,8063086503E-5	4,3855997265E-5
382	3,8158301874E-5	4,3934656637E-5
383	3,8252358669E-5	4,4009939662E-5
384	3,8345904508E-5	4,4084082655E-5
385	3,8441863728E-5	4,4163416902E-5
386	3,8539693702E-5	4,4246617238E-5
387	3,8637507815E-5	4,4335382474E-5
388	3,8731595822E-5	4,4424003626E-5
389	3,8824732959E-5	4,4512743844E-5
390	3,8918430048E-5	4,4588806475E-5
391	3,9011476219E-5	4,466188738E-5
392	3,9104140043E-5	4,4733979592E-5
393	3,9199488209E-5	4,4811541528E-5
394	3,9293669815E-5	4,4890628729E-5
395	3,9387743084E-5	4,4975157022E-5
396	3,9481081161E-5	4,5062200396E-5
397	3,95743769E-5	4,5136662987E-5
398	3,9666743969E-5	4,5208099068E-5
399	3,9759771493E-5	4,5284944591E-5
400	3,985308017E-5	4,5363006871E-5
401	3,9946640472E-5	4,5446653829E-5
402	4,0039541318E-5	4,5532931438E-5
403	4,0132110361E-5	4,5620004186E-5
404	4,022454023E-5	4,5707268422E-5
405	4,0316934689E-5	4,5794518337E-5
406	4,0409310569E-5	4,5881687382E-5
407	4,0501681353E-5	4,5968753029E-5
408	4,0594053969E-5	4,6055711018E-5
409	4,0686413345E-5	4,6142546862E-5
410	4,0778762167E-5	4,6229262712E-5
411	4,0871100017E-5	4,6315860815E-5
412	4,0963425133E-5	4,6402339811E-5
413	4,1055728916E-5	4,6488700861E-5
414	4,1148033731E-5	4,6574955611E-5
415	4,124033259E-5	4,6661106374E-5
416	4,1332625197E-5	4,6747147387E-5
417	4,1424907809E-5	4,6833042655E-5
418	4,1520199236E-5	4,6906594011E-5
419	4,1614034956E-5	4,6978531948E-5
420	4,1708731381E-5	4,7058987911E-5
421	4,1798786774E-5	4,7140455735E-5
422	4,1887386219E-5	4,722249164E-5
423	4,1975469399E-5	4,7304703844E-5
424	4,2063340058E-5	4,7386922446E-5
425	4,2151118508E-5	4,746907917E-5
426	4,2238828827E-5	4,7551154845E-5
427	4,2326497113E-5	4,7633136628E-5
428	4,2414123315E-5	4,7715027278E-5
429	4,250169669E-5	4,7796814621E-5
430	4,2589224454E-5	4,787850277E-5
431	4,26767099E-5	4,7960093317E-5
432	4,2764144845E-5	4,8041579838E-5
433	4,28515361E-5	4,8122966748E-5
434	4,2938886564E-5	4,8204255694E-5
435	4,3026197547E-5	4,8285447189E-5
436	4,3113482832E-5	4,8366489924E-5
437	4,3201057324E-5	4,8435613262E-5
438	4,3289795379E-5	4,8500471724E-5
439	4,3381857802E-5	4,8573030651E-5
440	4,3470860958E-5	4,8650701817E-5
441	4,3558405541E-5	4,8730141618E-5
442	4,3645376909E-5	4,8810140888E-5
443	4,3732077245E-5	4,8890241505E-5
444	4,3818621162E-5	4,8970281431E-5
445	4,3905051105E-5	4,9050205333E-5
446	4,3988370733E-5	4,9127728187E-5
447	4,4070766998E-5	4,9204576839E-5
448	4,4149821409E-5	4,9279121923E-5
449	4,4227710724E-5	4,9352823779E-5
450	4,4305102342E-5	4,9426128288E-5
451	4,4382214785E-5	4,9499198918E-5
452	4,4459131435E-5	4,9572085125E-5
453	4,4535876688E-5	4,9644807122E-5
454	4,4612458145E-5	4,9717369994E-5
455	4,4688888194E-5	4,9789708218E-5
456	4,4768989064E-5	4,9849402055E-5
457	4,4848646643E-5	4,9906955661E-5
458	4,4930070032E-5	4,9971435193E-5
459	4,5008308702E-5	5,0040599677E-5
460	4,5084832875E-5	5,0111285076E-5
461	4,5157677887E-5	5,018047084E-5
462	4,5229206904E-5	5,0249070784E-5
463	4,5300110714E-5	5,0317351369E-5
464	4,5370711638E-5	5,0385401808E-5
465	4,5441060407E-5	5,0453269745E-5
466	4,5511230343E-5	5,052095071E-5
467	4,5581240228E-5	5,05884841E-5
468	4,5651114544E-5	5,0655883357E-5
469	4,5720850056E-5	5,0723144125E-5
470	4,5790456603E-5	5,0790273185E-5
471	4,5859914983E-5	5,0857256117E-5
472	4,5929240541E-5	5,0924104366E-5
473	4,5998447053E-5	5,0990827339E-5
474	4,606755856E-5	5,1057354615E-5
475	4,6142828979E-5	5,1112429839E-5
476	4,6219191219E-5	5,1164693677E-5
477	4,6293919019E-5	5,1222728493E-5
478	4,6364943353E-5	5,1285789456E-5
479	4,6434290927E-5	5,1350660631E-5
480	4,6502961057E-5	5,1416120566E-5
481	4,6571322422E-5	5,1481719187E-5
482	4,663947727E-5	5,1547270982E-5
483	4,670747796E-5	5,1612722798E-5
484	4,6775342896E-5	5,167805583E-5
485	4,684308588E-5	5,1743268962E-5
486	4,6910704906E-5	5,1808356835E-5
487	4,6978217424E-5	5,1873331197E-5
488	4,7045612208E-5	5,1938183013E-5
489	4,7112862544E-5	5,2002893701E-5
490	4,7179976897E-5	5,2067470347E-5
491	4,7246950777E-5	5,2131909057E-5
492	4,7313824309E-5	5,219624058E-5
493	4,7380622943E-5	5,2260379804E-5
494	4,7453005811E-5	5,2311885318E-5
495	4,7525706311E-5	5,2360493546E-5
496	4,7596740043E-5	5,2415162498E-5
497	4,7665175322E-5	5,2475654223E-5
498	4,7732322296E-5	5,2538265386E-5
499	4,7798897196E-5	5,2601552393E-5
500	4,7862396705E-5	5,2663147462E-5
501	4,7924820575E-5	5,2724130063E-5
502	4,7986841257E-5	5,2784858743E-5
503	4,8048670515E-5	5,2845443196E-5
504	4,81103886E-5	5,2905926019E-5
505	4,8172026392E-5	5,2966324522E-5
506	4,8233594738E-5	5,3026644512E-5
507	4,8295097574E-5	5,3086887542E-5
508	4,8356539266E-5	5,3147056766E-5
509	4,841792938E-5	5,320715885E-5
510	4,8479263601E-5	5,3267190758E-5
511	4,8540550393E-5	5,3327040696E-5
512	4,8611008158E-5	5,3375544227E-5
513	4,8681095596E-5	5,3422683469E-5
514	4,8749182862E-5	5,3470411557E-5
515	4,8811346448E-5	5,3521980426E-5
516	4,8872441762E-5	5,3578192451E-5
517	4,8933453312E-5	5,3636552821E-5
518	4,8994412141E-5	5,3695653096E-5
519	4,9055268594E-5	5,375493752E-5
520	4,9114302371E-5	5,3812255678E-5
521	4,9174563725E-5	5,387100783E-5
522	4,9234603086E-5	5,392969275E-5
523	4,929443765E-5	5,398823111E-5
524	4,9354107701E-5	5,4046630756E-5
525	4,9413644293E-5	5,4104908715E-5
526	4,9473062373E-5	5,4163074286E-5
527	4,9532367769E-5	5,4221131198E-5
528	4,9591558957E-5	5,4279078018E-5
529	4,9650639358E-5	5,4336917435E-5
530	4,9709623965E-5	5,4394532635E-5
531	4,9774973099E-5	5,4439583432E-5
532	4,9840351337E-5	5,4481736933E-5
533	4,9900667329E-5	5,4527790103E-5
534	4,995980646E-5	5,4580698492E-5
535	5,0018509004E-5	5,4636381731E-5
536	5,007696298E-5	5,4692988009E-5
537	5,0135239547E-5	5,4749839414E-5
538	5,0193382771E-5	5,480670857E-5
539	5,0251413023E-5	5,4863518923E-5
540	5,0309339141E-5	5,4920244792E-5
541	5,036716445E-5	5,4976877556E-5
542	5,0424890221E-5	5,5033414229E-5
543	5,0482516741E-5	5,5089852887E-5
544	5,0540044789E-5	5,5146193227E-5
545	5,0597474759E-5	5,5202435455E-5
546	5,0654802994E-5	5,5258576854E-5
547	5,0712066189E-5	5,5314645626E-5
548	5,0769231417E-5	5,5370490983E-5
549	5,0833573745E-5	5,5411903762E-5
550	5,0896237859E-5	5,5450954528E-5
551	5,0953988898E-5	5,5492860621E-5
552	5,101166737E-5	5,5542329943E-5
553	5,1069030579E-5	5,5595808654E-5
554	5,1125901816E-5	5,5650549902E-5
555	5,1182505042E-5	5,5705653239E-5
556	5,1238968586E-5	5,5760838457E-5
557	5,1295325593E-5	5,581599508E-5
558	5,1351590516E-5	5,5871086273E-5
559	5,1407768858E-5	5,5926099571E-5
560	5,1463862579E-5	5,5981030906E-5
561	5,1519872457E-5	5,6035878794E-5
562	5,1575813824E-5	5,6090642969E-5
563	5,1631657582E-5	5,6145330246E-5
564	5,1687433457E-5	5,6199930213E-5
565	5,1743112117E-5	5,6254451967E-5
566	5,1798767314E-5	5,6308800989E-5
567	5,1861682683E-5	5,634911699E-5
568	5,1921651391E-5	5,6386090641E-5
569	5,1978340507E-5	5,6423595452E-5
570	5,2030717552E-5	5,6466546339E-5
571	5,2094551541E-5	5,6498198051E-5
572	5,2159862627E-5	5,6528796957E-5
573	5,2225863585E-5	5,6566566005E-5
574	5,2287344379E-5	5,661552996E-5
575	5,2344245876E-5	5,6667744176E-5
576	5,2399794391E-5	5,6720970947E-5
577	5,2454890658E-5	5,6774518649E-5
578	5,2509848685E-5	5,6828167521E-5
579	5,25647577E-5	5,6881835369E-5
580	5,2619645845E-5	5,693549162E-5
581	5,2674522059E-5	5,6989125395E-5
582	5,2729389463E-5	5,7042732859E-5
583	5,2784248292E-5	5,709631181E-5
584	5,2839100473E-5	5,7149862928E-5
585	5,289394618E-5	5,7203386125E-5
586	5,2948787739E-5	5,7256877731E-5
587	5,3003636449E-5	5,731032695E-5
588	5,3058498978E-5	5,7363732889E-5
589	5,3113378632E-5	5,7417096428E-5
590	5,3168274653E-5	5,747041805E-5
591	5,3223190748E-5	5,7523701863E-5
592	5,3278126144E-5	5,7576949285E-5
593	5,3333081353E-5	5,7630161179E-5
594	5,3388056709E-5	5,7683337953E-5
595	5,3443054736E-5	5,7736470825E-5
596	5,3498077556E-5	5,7789554599E-5
597	5,3550628942E-5	5,7840926699E-5
598	5,3603671864E-5	5,7892727296E-5
599	5,3659376911E-5	5,7946351312E-5
600	5,371470991E-5	5,7999475277E-5
601	5,3768695889E-5	5,8051793636E-5
602	5,3822247936E-5	5,8103873488E-5
603	5,3875737758E-5	5,8155800356E-5
604	5,3929134131E-5	5,8207671385E-5
605	5,3982591003E-5	5,8259475219E-5
606	5,4035993832E-5	5,8311255856E-5
607	5,4089452636E-5	5,8362969623E-5
608	5,4142850658E-5	5,8414656368E-5
609	5,4196263048E-5	5,846624624E-5
610	5,4249634257E-5	5,8517797581E-5
611	5,4303020468E-5	5,8569294211E-5
612	5,4356365543E-5	5,8620714528E-5
613	5,4406406722E-5	5,8669588922E-5
614	5,4455227846E-5	5,8717544503E-5
615	5,4503658368E-5	5,8765173471E-5
616	5,45519551E-5	5,8812664997E-5
617	5,4600200964E-5	5,8860077357E-5
618	5,4648427407E-5	5,8907433192E-5
619	5,4696644938E-5	5,8954740911E-5
620	5,4744856514E-5	5,9002003244E-5
621	5,479306302E-5	5,9049221066E-5
622	5,4841266119E-5	5,9096396466E-5
623	5,4886957431E-5	5,9141861374E-5
624	5,4931703223E-5	5,9186625138E-5
625	5,497613428E-5	5,9231111592E-5
626	5,5020474063E-5	5,9275480855E-5
627	5,5064796841E-5	5,9319790508E-5
628	5,5109129123E-5	5,9364062663E-5
629	5,5153480478E-5	5,9408305533E-5
630	5,5197853644E-5	5,9452521956E-5
631	5,5242249528E-5	5,9496712964E-5
632	5,5286668523E-5	5,9540879003E-5
633	5,5331111816E-5	5,9585020969E-5
634	5,5375550545E-5	5,9629154095E-5
635	5,5420026588E-5	5,9673244864E-5
636	5,5464538135E-5	5,9717313237E-5
637	5,5509005606E-5	5,976135287E-5
638	5,5553506289E-5	5,9805338235E-5
639	5,5597950482E-5	5,9849285236E-5
640	5,5642430878E-5	5,9893174E-5
641	5,5686848489E-5	5,9937024391E-5
642	5,5731307757E-5	5,9980815152E-5
643	5,5775699923E-5	6,0024567111E-5
644	5,5820151104E-5	6,0068238343E-5
645	5,5864538814E-5	6,0111856464E-5
646	5,5908994424E-5	6,0155386923E-5
647	5,5953382753E-5	6,0198864614E-5
648	5,5997844712E-5	6,0242252548E-5
649	5,6042237943E-5	6,0285592056E-5
650	5,6086714286E-5	6,0328843653E-5
651	5,6131122217E-5	6,0372053673E-5
652	5,6175618904E-5	6,0415175778E-5
653	5,6220041584E-5	6,045825874E-5
654	5,6264558934E-5	6,0501252881E-5
655	5,6308992671E-5	6,0544207319E-5
656	5,6353522974E-5	6,0587068461E-5
657	5,639796338E-5	6,0629890398E-5
658	5,6442506014E-5	6,0672617235E-5
659	5,6486953245E-5	6,0715306689E-5
660	5,6531508396E-5	6,0757899801E-5
661	5,6575962415E-5	6,0800457188E-5
662	5,6620529325E-5	6,0842927347E-5
663	5,666499144E-5	6,0885353724E-5
664	5,670957029E-5	6,0927700508E-5
665	5,6754040399E-5	6,0969995666E-5
666	5,6798627374E-5	6,1012216807E-5
667	5,6843083322E-5	6,1054365167E-5
668	5,6887654578E-5	6,1096440596E-5
669	5,6932067678E-5	6,1138418149E-5
670	5,6976591576E-5	6,1180319765E-5
671	5,7020939895E-5	6,1222103505E-5
672	5,7065390463E-5	6,1263808244E-5
673	5,7109663157E-5	6,1305383088E-5
674	5,7154036095E-5	6,1346888368E-5
675	5,7198235382E-5	6,1388258635E-5
676	5,7242543803E-5	6,1429572068E-5
677	5,7286673765E-5	6,1470742928E-5
678	5,7330919026E-5	6,1511865889E-5
679	5,7374985296E-5	6,1552846287E-5
680	5,7419165179E-5	6,1593782744E-5
681	5,746317848E-5	6,1634578226E-5
682	5,7507316753E-5	6,1675345456E-5
683	5,7551294499E-5	6,1715972011E-5
684	5,7595395773E-5	6,1756577756E-5
685	5,7639339017E-5	6,1797043739E-5
686	5,7683408891E-5	6,1837487643E-5
687	5,7727318117E-5	6,187779506E-5
688	5,7771340681E-5	6,191807018E-5
689	5,7815211543E-5	6,1958207937E-5
690	5,785918155E-5	6,199831291E-5
691	5,7903009211E-5	6,203828216E-5
692	5,7946930459E-5	6,2078216257E-5
693	5,7988269018E-5	6,2116401581E-5
694	5,80293175E-5	6,2153583697E-5
695	5,8070235256E-5	6,2190209355E-5
696	5,8111138473E-5	6,2226557344E-5
697	5,8152145448E-5	6,226276832E-5
698	5,8193093495E-5	6,2298810683E-5
699	5,8234023059E-5	6,233472005E-5
700	5,8274960626E-5	6,2370507138E-5
701	5,8315895282E-5	6,2406180333E-5
702	5,8361754695E-5	6,243742816E-5
703	5,8410958709E-5	6,2463634923E-5
704	5,8464312445E-5	6,2486521099E-5
705	5,851733035E-5	6,2507902763E-5
706	5,8572623469E-5	6,2529683292E-5
707	5,8620659994E-5	6,2551848471E-5
708	5,8669300707E-5	6,2570165679E-5
709	5,8715422066E-5	6,2591217426E-5
710	5,8763325549E-5	6,2609095585E-5
711	5,8809190898E-5	6,2629945327E-5
712	5,8856826856E-5	6,2647642416E-5
713	5,8901868109E-5	6,266592744E-5
714	5,8949613734E-5	6,2681859827E-5
715	5,8994495002E-5	6,2703103634E-5
716	5,9039969945E-5	6,2724153373E-5
717	5,9083894878E-5	6,2747070632E-5
718	5,9135018999E-5	6,2765645934E-5
719	5,9186719388E-5	6,2785721404E-5
720	5,9237711733E-5	6,2805306124E-5
721	5,929011177E-5	6,2825473177E-5
722	5,9337757226E-5	6,2847432734E-5
723	5,9383817677E-5	6,2864014358E-5
724	5,9427596253E-5	6,2881797594E-5
725	5,9471682196E-5	6,289838053E-5
726	5,9514857434E-5	6,29158985E-5
727	5,9557869168E-5	6,2933440159E-5
728	5,9602247177E-5	6,295069169E-5
729	5,9650404355E-5	6,296833234E-5
730	5,9701405433E-5	6,298692866E-5
731	5,974553188E-5	6,3004846045E-5
732	5,9788277702E-5	6,3022177749E-5
733	5,9830834504E-5	6,3037800795E-5
734	5,9872733889E-5	6,3052718396E-5
735	5,9915516477E-5	6,3066775626E-5
736	5,9960500085E-5	6,3081769058E-5
737	6,0011102842E-5	6,3100220589E-5
738	6,0054682182E-5	6,3119333794E-5
739	6,009759271E-5	6,3133839149E-5
740	6,0138933666E-5	6,3148272053E-5
741	6,018026267E-5	6,3162948155E-5
742	6,0221148595E-5	6,3177174378E-5
743	6,026335428E-5	6,3190835099E-5
744	6,0307182116E-5	6,3204250335E-5
745	6,0346340873E-5	6,321359885E-5
746	6,0386726333E-5	6,3223516983E-5
747	6,0428081713E-5	6,3233921266E-5
748	6,0470687078E-5	6,324578892E-5
749	6,0516094646E-5	6,3266878009E-5
750	6,0564651867E-5	6,3300007891E-5
751	6,0605726823E-5	6,3332206103E-5
752	6,0648550459E-5	6,3350040767E-5
753	6,0692168846E-5	6,3364835412E-5
754	6,0727735537E-5	6,3381131633E-5
755	6,0760134083E-5	6,3403734132E-5
756	6,0799816916E-5	6,3415379348E-5
757	6,083918482E-5	6,3425631558E-5
758	6,0877655215E-5	6,3435072302E-5
759	6,0915826697E-5	6,3444270787E-5
760	6,0953817641E-5	6,3453344104E-5
761	6,0991768014E-5	6,3462322602E-5
762	6,1029814223E-5	6,3471273321E-5
763	6,1067811891E-5	6,3480189813E-5
764	6,1105685698E-5	6,3489031687E-5
765	6,1143433317E-5	6,3497798688E-5
766	6,1181089621E-5	6,3506532993E-5
767	6,1220127976E-5	6,3516350997E-5
768	6,1259181743E-5	6,3526225065E-5
769	6,1299504674E-5	6,3537178413E-5
770	6,1341068752E-5	6,3549239568E-5
771	6,138306026E-5	6,3561666402E-5
772	6,1425129911E-5	6,3574167411E-5
773	6,1467153114E-5	6,3586644755E-5
774	6,1509087248E-5	6,3599065979E-5
775	6,1550918226E-5	6,3611420801E-5
776	6,1592641707E-5	6,3623705878E-5
777	6,1634256288E-5	6,3635920306E-5
778	6,1675761546E-5	6,3648064089E-5
779	6,1717157487E-5	6,3660137116E-5
780	6,1758444354E-5	6,3672139482E-5
781	6,1799625602E-5	6,368407344E-5
782	6,1839620255E-5	6,3696732333E-5
783	6,1880619144E-5	6,3708562086E-5
784	6,1921536295E-5	6,3720330471E-5
785	6,1962363065E-5	6,3732037327E-5
786	6,2003102625E-5	6,3743686605E-5
787	6,2043755154E-5	6,3755278852E-5
788	6,2084320749E-5	6,3766814467E-5
789	6,2124799477E-5	6,3778293595E-5
790	6,2165191322E-5	6,3789716247E-5
791	6,220439685E-5	6,3801864909E-5
792	6,2244597706E-5	6,3813179423E-5
793	6,2284726594E-5	6,3824440626E-5
794	6,2324764847E-5	6,3835642988E-5
795	6,2364715525E-5	6,3846789563E-5
796	6,2404578643E-5	6,3857881092E-5
797	6,2444354321E-5	6,3868917688E-5
798	6,2484042806E-5	6,3879899664E-5
799	6,252260829E-5	6,3891650492E-5
800	6,2559222076E-5	6,3903684882E-5
801	6,2594407951E-5	6,3914861183E-5
802	6,2627800162E-5	6,3927711767E-5
803	6,2656359707E-5	6,3943144745E-5
804	6,2683206812E-5	6,3959358015E-5
805	6,2712305274E-5	6,3973945427E-5
806	6,2748804504E-5	6,3983680905E-5
807	6,2785595186E-5	6,3992593114E-5
808	6,2822281853E-5	6,4001847541E-5
809	6,2850734225E-5	6,4016740056E-5
810	6,2884086008E-5	6,4024296886E-5
811	6,2917554874E-5	6,4030924714E-5
812	6,2950182322E-5	6,4036862376E-5
813	6,2982551433E-5	6,4042590744E-5
814	6,3014764686E-5	6,4048224941E-5
815	6,3046848064E-5	6,4053799348E-5
816	6,3078816592E-5	6,4059322872E-5
817	6,3111407971E-5	6,4065171696E-5
818	6,3143343728E-5	6,4071330482E-5
819	6,317579743E-5	6,4077573421E-5
820	6,3208525018E-5	6,408346079E-5
821	6,3240111982E-5	6,4088850789E-5
822	6,3271446682E-5	6,4094114268E-5
823	6,3302210696E-5	6,4099101573E-5
824	6,333360328E-5	6,4104228862E-5
825	6,3364193428E-5	6,4114128639E-5
826	6,339245428E-5	6,4123226712E-5
827	6,3418047561E-5	6,4135132314E-5
828	6,3444631526E-5	6,4145344809E-5
829	6,3472284877E-5	6,4156278478E-5
830	6,3502612979E-5	6,416887914E-5
831	6,3539482908E-5	6,4182498219E-5
832	6,3582637576E-5	6,4198554621E-5
833	6,3633384657E-5	6,4216297533E-5
834	6,3688573962E-5	6,4236259599E-5
835	6,3743745297E-5	6,4256199168E-5
836	6,3797497282E-5	6,4275001186E-5
837	6,3849536899E-5	6,4292801139E-5
838	6,389936794E-5	6,4309077528E-5
839	6,394865354E-5	6,4324986726E-5
840	6,3997766352E-5	6,4340782848E-5
841	6,4046806844E-5	6,4356532252E-5
842	6,4095805005E-5	6,4372253741E-5
843	6,4144773476E-5	6,4387955054E-5
844	6,4193715561E-5	6,4403638245E-5
845	6,4242632187E-5	6,4419303953E-5
846	6,4291523652E-5	6,4434952453E-5
847	6,4340390092E-5	6,4450583853E-5
848	6,4389231628E-5	6,4466198268E-5
849	6,4438048235E-5	6,4481795756E-5
850	6,4486839936E-5	6,449737636E-5
851	6,4535606848E-5	6,4512940146E-5
852	6,4584348936E-5	6,4528487269E-5
853	6,4633064496E-5	6,4544016541E-5
854	6,4681752386E-5	6,4559527281E-5
855	6,4730412477E-5	6,4575019354E-5
856	6,4779044734E-5	6,4590492777E-5
857	6,4827649151E-5	6,4605947587E-5
858	6,4876225759E-5	6,4621383819E-5
859	6,4924774615E-5	6,4636801549E-5
860	6,4973295699E-5	6,4652200828E-5
861	6,5021802193E-5	6,4667581562E-5
862	6,5070281007E-5	6,4682943943E-5
863	6,5118730727E-5	6,4698286996E-5
864	6,5167150179E-5	6,4713610052E-5
865	6,521553935E-5	6,4728913031E-5
866	6,5263898207E-5	6,4744195937E-5
867	6,5312226787E-5	6,4759458818E-5
868	6,5360525161E-5	6,4774701766E-5
869	6,5408793365E-5	6,4789924805E-5
870	6,5457031453E-5	6,4805127871E-5
871	6,5505239446E-5	6,4820310988E-5
872	6,5553417387E-5	6,4835474217E-5
873	6,5601565318E-5	6,4850617562E-5
874	6,5649683303E-5	6,4865741038E-5
875	6,5697771302E-5	6,488084468E-5
876	6,5745829449E-5	6,4895928515E-5
877	6,5793857765E-5	6,491099257E-5
878	6,5841856308E-5	6,4926036875E-5
879	6,5889825121E-5	6,4941061449E-5
880	6,5937764247E-5	6,4956066324E-5
881	6,598567369E-5	6,497105153E-5
882	6,6033553463E-5	6,4986017115E-5
883	6,6081403634E-5	6,5000963108E-5
884	6,612922421E-5	6,5015889512E-5
885	6,6177015297E-5	6,5030796355E-5
886	6,6224776889E-5	6,5045683661E-5
887	6,6272509051E-5	6,5060551525E-5
888	6,6320211855E-5	6,5075399905E-5
889	6,6367885328E-5	6,5090228827E-5
890	6,6415529482E-5	6,510503848E-5
891	6,6463144305E-5	6,5119828732E-5
892	6,6510729903E-5	6,5134599744E-5
893	6,6558286293E-5	6,5149351403E-5
894	6,6605813647E-5	6,5164083749E-5
895	6,6653311726E-5	6,5178796793E-5
896	6,6700780712E-5	6,5193490569E-5
897	6,6748220658E-5	6,5208165107E-5
898	6,6795631573E-5	6,5222820423E-5
899	6,6843013518E-5	6,5237456544E-5
900	6,6890366655E-5	6,5252073518E-5
901	6,6937690752E-5	6,5266671352E-5
902	6,6984986274E-5	6,5281250068E-5
903	6,7032252887E-5	6,5295809766E-5
904	6,7079490682E-5	6,5310350421E-5
905	6,7126699874E-5	6,5324872029E-5
906	6,7173880314E-5	6,5339374687E-5
907	6,7221032036E-5	6,5353858354E-5
908	6,7268155119E-5	6,5368323063E-5
909	6,731524958E-5	6,5382768848E-5
910	6,7362315668E-5	6,5397195869E-5
911	6,7409353251E-5	6,5411604E-5
912	6,7456362153E-5	6,5425993261E-5
913	6,7503342597E-5	6,5440363684E-5
914	6,7550294736E-5	6,5454715533E-5
915	6,7597218511E-5	6,5469048595E-5
916	6,7644113804E-5	6,5483362966E-5
917	6,7690980845E-5	6,5497658602E-5
918	6,7737819732E-5	6,551193552E-5
919	6,7784630411E-5	6,5526193733E-5
920	6,7831414591E-5	6,5540434287E-5
921	6,7878175547E-5	6,5554659102E-5
922	6,7924913783E-5	6,5568868486E-5
923	6,7970413954E-5	6,5582152711E-5
924	6,8015544852E-5	6,5595175823E-5
925	6,8060549638E-5	6,5608115578E-5
926	6,8105500528E-5	6,5621020991E-5
927	6,8150418459E-5	6,5633905735E-5
928	6,8195309771E-5	6,5646773505E-5
929	6,8240176038E-5	6,5659625362E-5
930	6,8285017874E-5	6,5672461627E-5
931	6,8329835548E-5	6,5685282418E-5
932	6,8374629046E-5	6,5698087775E-5
933	6,8419398543E-5	6,5710877866E-5
934	6,8464143995E-5	6,5723652606E-5
935	6,8508865609E-5	6,5736412025E-5
936	6,8553563193E-5	6,5749156187E-5
937	6,8598236897E-5	6,5761885083E-5
938	6,8642886864E-5	6,577459875E-5
939	6,8687512969E-5	6,5787297323E-5
940	6,8732115235E-5	6,5799980756E-5
941	6,8776693776E-5	6,5812649083E-5
942	6,8821248606E-5	6,5825302327E-5
943	6,8865779898E-5	6,5837940531E-5
944	6,8910287629E-5	6,585056377E-5
945	6,8954771808E-5	6,5863172151E-5
946	6,8999232435E-5	6,5875765671E-5
947	6,9043669586E-5	6,5888344386E-5
948	6,9088083333E-5	6,5900908302E-5
949	6,9132473692E-5	6,591345744E-5
950	6,9176840612E-5	6,5925991832E-5
951	6,9221184477E-5	6,59385115E-5
952	6,9265505079E-5	6,595101648E-5
953	6,9309802425E-5	6,5963506789E-5
954	6,935407657E-5	6,597598246E-5
955	6,93983277E-5	6,598844351E-5
956	6,9442555714E-5	6,6000889962E-5
957	6,9486760628E-5	6,6013321843E-5
958	6,9530942533E-5	6,6025739254E-5
959	6,9575101547E-5	6,6038142342E-5
960	6,9619237688E-5	6,6050531014E-5
961	6,9663350841E-5	6,6062905302E-5
962	6,9707441147E-5	6,6075265293E-5
963	6,9751508629E-5	6,6087611022E-5
964	6,9795565914E-5	6,6099942431E-5
965	6,9839619403E-5	6,6112259666E-5
966	6,9883650111E-5	6,6124562933E-5
967	6,992765816E-5	6,6136852056E-5
968	6,9971643541E-5	6,6149127031E-5
969	7,0015606416E-5	6,6161387841E-5
970	7,0059546689E-5	6,6173634484E-5
971	7,0103464412E-5	6,6185866994E-5
972	7,014735965E-5	6,619808538E-5
973	7,0191232449E-5	6,6210289662E-5
974	7,0235082964E-5	6,6222479862E-5
975	7,0278911074E-5	6,6234655997E-5
976	7,0322716814E-5	6,6246818094E-5
977	7,0366500469E-5	6,6258966169E-5
978	7,0410261795E-5	6,627110025E-5
979	7,0454000835E-5	6,6283220448E-5
980	7,0497717754E-5	6,6295326713E-5
981	7,0541412572E-5	6,6307419067E-5
982	7,0585085176E-5	6,6319497514E-5
983	7,062873581E-5	6,6331562119E-5
984	7,0672364374E-5	6,6343612876E-5
985	7,0715970937E-5	6,6355649885E-5
986	7,0759555521E-5	6,6367673074E-5
987	7,0803118334E-5	6,6379682518E-5
988	7,0846686521E-5	6,6391678268E-5
989	7,0890232789E-5	6,6403660686E-5
990	7,0933757182E-5	6,6415629589E-5
991	7,0977259791E-5	6,6427584956E-5
992	7,1020740596E-5	6,6439526907E-5
993	7,1064199639E-5	6,6451455354E-5
994	7,1107636986E-5	6,6463370297E-5
995	7,1151052626E-5	6,6475271764E-5
996	7,1193348912E-5	6,6486335871E-5
997	7,123531089E-5	6,6497171143E-5
998	7,1277164007E-5	6,6507938085E-5
999	7,1318970753E-5	6,6518677325E-5
1000	7,1360748169E-5	6,6529399366E-5
