0 9 13 iAF1260.cmd 1E-8
0 9 13 iJN1463.cmd 1E-7
0 1 13 iAF1260.cmd 1E-8
0 1 13 iJN1463.cmd 1E-7
0 8 8 iAF1260.cmd 1E-8
0 8 8 iJN1463.cmd 1E-7
0 14 1 iAF1260.cmd 1E-8
0 14 1 iJN1463.cmd 1E-7
0 7 14 iAF1260.cmd 1E-8
0 7 14 iJN1463.cmd 1E-7
0 1 8 iAF1260.cmd 1E-8
0 1 8 iJN1463.cmd 1E-7
0 11 12 iAF1260.cmd 1E-8
0 11 12 iJN1463.cmd 1E-7
0 11 2 iAF1260.cmd 1E-8
0 11 2 iJN1463.cmd 1E-7
0 14 2 iAF1260.cmd 1E-8
0 14 2 iJN1463.cmd 1E-7
0 1 14 iAF1260.cmd 1E-8
0 1 14 iJN1463.cmd 1E-7
0 3 14 iAF1260.cmd 1E-8
0 3 14 iJN1463.cmd 1E-7
0 12 1 iAF1260.cmd 1E-8
0 12 1 iJN1463.cmd 1E-7
0 11 1 iAF1260.cmd 1E-8
0 11 1 iJN1463.cmd 1E-7
0 1 3 iAF1260.cmd 1E-8
0 1 3 iJN1463.cmd 1E-7
0 3 4 iAF1260.cmd 1E-8
0 3 4 iJN1463.cmd 1E-7
500 9 13 iAF1260.cmd 8,5045547201E-8
500 9 13 iJN1463.cmd 2,0050929171E-7
500 1 13 iAF1260.cmd 5,9851946022E-7
500 1 13 iJN1463.cmd 7,4741651644E-7
500 8 8 iAF1260.cmd 1,1031673073E-7
500 8 8 iJN1463.cmd 2,4349139123E-7
500 14 1 iAF1260.cmd 6,4268662288E-8
500 14 1 iJN1463.cmd 3,1851702771E-7
500 7 14 iAF1260.cmd 3,6796968307E-8
500 7 14 iJN1463.cmd 1,0554742473E-7
500 1 8 iAF1260.cmd 6,5369823432E-7
500 1 8 iJN1463.cmd 8,1853662797E-7
500 11 12 iAF1260.cmd 5,7697257199E-8
500 11 12 iJN1463.cmd 1,6104012227E-7
500 11 2 iAF1260.cmd 6,8850057134E-8
500 11 2 iJN1463.cmd 2,5211086886E-7
500 14 2 iAF1260.cmd 5,5669970372E-8
500 14 2 iJN1463.cmd 2,7927710708E-7
500 1 14 iAF1260.cmd 2,687654065E-7
500 1 14 iJN1463.cmd 4,454489243E-7
500 3 14 iAF1260.cmd 2,3695314544E-7
500 3 14 iJN1463.cmd 3,6679772895E-7
500 12 1 iAF1260.cmd 7,4584506555E-8
500 12 1 iJN1463.cmd 3,2572672716E-7
500 11 1 iAF1260.cmd 7,4629758947E-8
500 11 1 iJN1463.cmd 2,8838435399E-7
500 1 3 iAF1260.cmd 6,6132820495E-7
500 1 3 iJN1463.cmd 8,3532250458E-7
500 3 4 iAF1260.cmd 5,1511369426E-7
500 3 4 iJN1463.cmd 6,8983397684E-7
500 0 3 iAF1260.cmd 3,1654952191E-7
500 0 3 iJN1463.cmd 5,2393899275E-7
500 0 8 iAF1260.cmd 2,6449715945E-7
500 0 8 iJN1463.cmd 4,3557790285E-7
500 0 13 iAF1260.cmd 2,1921814736E-7
500 0 13 iJN1463.cmd 3,6810879143E-7
500 0 14 iAF1260.cmd 1,5176942488E-7
500 0 14 iJN1463.cmd 3,0875638452E-7
500 1 2 iAF1260.cmd 6,2897824724E-7
500 1 2 iJN1463.cmd 7,8006895892E-7
500 1 4 iAF1260.cmd 6,686525948E-7
500 1 4 iJN1463.cmd 8,3463569508E-7
500 1 9 iAF1260.cmd 6,6623737969E-7
500 1 9 iJN1463.cmd 8,2293989128E-7
500 2 3 iAF1260.cmd 6,81173891E-7
500 2 3 iJN1463.cmd 8,7569164349E-7
500 2 4 iAF1260.cmd 6,8543593446E-7
500 2 4 iJN1463.cmd 8,8034691976E-7
500 2 8 iAF1260.cmd 6,2031636588E-7
500 2 8 iJN1463.cmd 7,7641313348E-7
500 2 13 iAF1260.cmd 6,6759608762E-7
500 2 13 iJN1463.cmd 8,1452105794E-7
500 2 14 iAF1260.cmd 2,9244904568E-7
500 2 14 iJN1463.cmd 4,6000090254E-7
500 3 3 iAF1260.cmd 5,0597713996E-7
500 3 3 iJN1463.cmd 6,735850783E-7
500 3 5 iAF1260.cmd 4,2629972832E-7
500 3 5 iJN1463.cmd 5,7851468848E-7
500 3 13 iAF1260.cmd 5,2335758195E-7
500 3 13 iJN1463.cmd 6,342461409E-7
500 4 4 iAF1260.cmd 3,6978952307E-7
500 4 4 iJN1463.cmd 5,0522443873E-7
500 4 14 iAF1260.cmd 1,6166741915E-7
500 4 14 iJN1463.cmd 2,5521156675E-7
500 6 14 iAF1260.cmd 7,2146497427E-8
500 6 14 iJN1463.cmd 1,385922692E-7
500 7 8 iAF1260.cmd 1,3719362166E-7
500 7 8 iJN1463.cmd 2,5838411978E-7
500 8 7 iAF1260.cmd 9,3233164528E-8
500 8 7 iJN1463.cmd 2,151490997E-7
500 8 9 iAF1260.cmd 1,1251600637E-7
500 8 9 iJN1463.cmd 2,297637146E-7
500 8 13 iAF1260.cmd 9,537337021E-8
500 8 13 iJN1463.cmd 2,0054080719E-7
500 8 14 iAF1260.cmd 5,0713490091E-8
500 8 14 iJN1463.cmd 1,471461634E-7
500 9 8 iAF1260.cmd 8,3408200208E-8
500 9 8 iJN1463.cmd 2,0769461979E-7
500 9 12 iAF1260.cmd 9,0439904302E-8
500 9 12 iJN1463.cmd 1,9698709086E-7
500 9 14 iAF1260.cmd 5,1555828916E-8
500 9 14 iJN1463.cmd 1,6319576193E-7
500 10 1 iAF1260.cmd 6,5802128585E-8
500 10 1 iJN1463.cmd 2,1687255323E-7
500 10 2 iAF1260.cmd 6,2486324616E-8
500 10 2 iJN1463.cmd 1,9939961505E-7
500 10 12 iAF1260.cmd 7,3946393826E-8
500 10 12 iJN1463.cmd 1,8506791271E-7
500 10 13 iAF1260.cmd 6,9626687056E-8
500 10 13 iJN1463.cmd 1,8258091104E-7
500 11 0 iAF1260.cmd 7,1146434894E-8
500 11 0 iJN1463.cmd 2,7113440091E-7
500 11 3 iAF1260.cmd 4,7261025553E-8
500 11 3 iJN1463.cmd 1,6561254079E-7
500 11 11 iAF1260.cmd 4,8329357543E-8
500 11 11 iJN1463.cmd 1,2992384965E-7
500 11 13 iAF1260.cmd 5,2872677065E-8
500 11 13 iJN1463.cmd 1,495882299E-7
500 12 0 iAF1260.cmd 7,0163908239E-8
500 12 0 iJN1463.cmd 3,0124063248E-7
500 12 12 iAF1260.cmd 4,0045322578E-8
500 12 12 iJN1463.cmd 1,1492230436E-7
500 13 1 iAF1260.cmd 6,5461740963E-8
500 13 1 iJN1463.cmd 3,108070929E-7
500 13 2 iAF1260.cmd 5,345795305E-8
500 13 2 iJN1463.cmd 2,6167255378E-7
500 14 0 iAF1260.cmd 6,2167536876E-8
500 14 0 iJN1463.cmd 3,0307665985E-7
500 14 3 iAF1260.cmd 3,7651155094E-8
500 14 3 iJN1463.cmd 1,8592255045E-7
500 13 0 iAF1260.cmd 6,3914674537E-8
500 13 0 iJN1463.cmd 2,9743857435E-7
500 0 2 iAF1260.cmd 2,929224231E-7
500 0 2 iJN1463.cmd 4,8306677735E-7
500 0 4 iAF1260.cmd 3,0706629419E-7
500 0 4 iJN1463.cmd 4,9859038248E-7
500 0 9 iAF1260.cmd 2,8755111321E-7
500 0 9 iJN1463.cmd 4,6079018534E-7
500 2 9 iAF1260.cmd 7,1013162683E-7
500 2 9 iJN1463.cmd 8,7358905659E-7
500 4 3 iAF1260.cmd 3,5819365173E-7
500 4 3 iJN1463.cmd 4,8651106243E-7
500 4 5 iAF1260.cmd 3,4272555018E-7
500 4 5 iJN1463.cmd 4,6793655572E-7
500 7 9 iAF1260.cmd 1,245749523E-7
500 7 9 iJN1463.cmd 2,3520518867E-7
500 8 12 iAF1260.cmd 1,0956363252E-7
500 8 12 iJN1463.cmd 2,0336529987E-7
500 10 0 iAF1260.cmd 6,3223829631E-8
500 10 0 iJN1463.cmd 2,0194166897E-7
500 10 3 iAF1260.cmd 5,3227399452E-8
500 10 3 iJN1463.cmd 1,5854428026E-7
500 10 11 iAF1260.cmd 6,2198937249E-8
500 10 11 iJN1463.cmd 1,486015142E-7
500 12 11 iAF1260.cmd 3,3678340895E-8
500 12 11 iJN1463.cmd 9,4237896092E-8
500 12 13 iAF1260.cmd 3,5781013129E-8
500 12 13 iJN1463.cmd 1,0251888644E-7
500 13 3 iAF1260.cmd 3,5029429371E-8
500 13 3 iJN1463.cmd 1,6359454481E-7
500 10 14 iAF1260.cmd 4,39055754E-8
500 10 14 iJN1463.cmd 1,4902743167E-7
500 4 13 iAF1260.cmd 3,5834853115E-7
500 4 13 iJN1463.cmd 4,4279152044E-7
500 2 12 iAF1260.cmd 8,579120004E-7
500 2 12 iJN1463.cmd 1,0298492913E-6
500 0 7 iAF1260.cmd 9,9396607969E-8
500 0 7 iJN1463.cmd 2,1005266402E-7
500 0 12 iAF1260.cmd 8,6761602037E-8
500 0 12 iJN1463.cmd 1,8524315469E-7
500 1 1 iAF1260.cmd 5,5583019362E-7
500 1 1 iJN1463.cmd 6,955049913E-7
500 1 5 iAF1260.cmd 6,6880513036E-7
500 1 5 iJN1463.cmd 8,0158964446E-7
500 1 10 iAF1260.cmd 6,3332630671E-7
500 1 10 iJN1463.cmd 7,7209806971E-7
500 2 7 iAF1260.cmd 4,9853497295E-7
500 2 7 iJN1463.cmd 6,3758954869E-7
500 3 2 iAF1260.cmd 4,0715439568E-7
500 3 2 iJN1463.cmd 5,4718578366E-7
500 3 6 iAF1260.cmd 4,010289347E-7
500 3 6 iJN1463.cmd 5,3162723972E-7
500 3 8 iAF1260.cmd 4,5514018561E-7
500 3 8 iJN1463.cmd 5,8534798708E-7
500 5 4 iAF1260.cmd 2,4416064221E-7
500 5 4 iJN1463.cmd 3,3834700663E-7
500 6 8 iAF1260.cmd 1,6718825689E-7
500 6 8 iJN1463.cmd 2,6207225106E-7
500 8 6 iAF1260.cmd 6,3227553173E-8
500 8 6 iJN1463.cmd 1,2719861527E-7
500 8 10 iAF1260.cmd 9,7147068342E-8
500 8 10 iJN1463.cmd 1,8291196786E-7
500 9 1 iAF1260.cmd 5,420135268E-8
500 9 1 iJN1463.cmd 1,532931917E-7
500 9 2 iAF1260.cmd 4,8840968366E-8
500 9 2 iJN1463.cmd 1,3329179334E-7
500 9 11 iAF1260.cmd 7,7862515116E-8
500 9 11 iJN1463.cmd 1,6244660537E-7
500 10 8 iAF1260.cmd 4,5372371929E-8
500 10 8 iJN1463.cmd 1,1482429758E-7
500 11 4 iAF1260.cmd 2,7966951738E-8
500 11 4 iJN1463.cmd 9,6306091437E-8
500 11 10 iAF1260.cmd 3,482850482E-8
500 11 10 iJN1463.cmd 8,7792259991E-8
500 11 14 iAF1260.cmd 3,309616259E-8
500 11 14 iJN1463.cmd 1,1767956639E-7
500 12 3 iAF1260.cmd 3,3431042838E-8
500 12 3 iJN1463.cmd 1,3230856523E-7
500 13 12 iAF1260.cmd 2,4834617207E-8
500 13 12 iJN1463.cmd 6,8517104659E-8
500 14 4 iAF1260.cmd 2,016610081E-8
500 14 4 iJN1463.cmd 9,8157421586E-8
500 5 14 iAF1260.cmd 1,0580992463E-7
500 5 14 iJN1463.cmd 1,7875170784E-7
500 8 11 iAF1260.cmd 9,2703428629E-8
500 8 11 iJN1463.cmd 1,751054504E-7
500 2 10 iAF1260.cmd 6,4025926072E-7
500 2 10 iJN1463.cmd 7,9308590317E-7
500 9 0 iAF1260.cmd 5,0126390432E-8
500 9 0 iJN1463.cmd 1,3590046692E-7
500 0 1 iAF1260.cmd 2,4264886642E-7
500 0 1 iJN1463.cmd 4,0813419067E-7
500 0 5 iAF1260.cmd 2,5753536082E-7
500 0 5 iJN1463.cmd 4,0639577973E-7
500 0 10 iAF1260.cmd 2,3787756963E-7
500 0 10 iJN1463.cmd 3,7657104532E-7
500 3 7 iAF1260.cmd 4,136392372E-7
500 3 7 iJN1463.cmd 5,3858590086E-7
500 4 2 iAF1260.cmd 3,0560743262E-7
500 4 2 iJN1463.cmd 4,1822817484E-7
500 4 6 iAF1260.cmd 3,4248505835E-7
500 4 6 iJN1463.cmd 4,5938547419E-7
500 5 3 iAF1260.cmd 2,4166236666E-7
500 5 3 iJN1463.cmd 3,3352633202E-7
500 5 5 iAF1260.cmd 2,3402296349E-7
500 5 5 iJN1463.cmd 3,2479468399E-7
500 7 10 iAF1260.cmd 1,2149287447E-7
500 7 10 iJN1463.cmd 2,0927254522E-7
500 9 3 iAF1260.cmd 4,390184163E-8
500 9 3 iJN1463.cmd 1,0741679856E-7
500 10 10 iAF1260.cmd 4,8206220606E-8
500 10 10 iJN1463.cmd 1,0911071481E-7
500 13 4 iAF1260.cmd 1,9635691423E-8
500 13 4 iJN1463.cmd 8,893292504E-8
500 12 10 iAF1260.cmd 2,3484953802E-8
500 12 10 iJN1463.cmd 6,2417808317E-8
500 13 11 iAF1260.cmd 2,0867353082E-8
500 13 11 iJN1463.cmd 5,7355287814E-8
500 13 13 iAF1260.cmd 2,1847744477E-8
500 13 13 iJN1463.cmd 6,0135113182E-8
500 12 14 iAF1260.cmd 2,1495724304E-8
500 12 14 iJN1463.cmd 7,7502814272E-8
500 7 12 iAF1260.cmd 1,4900511738E-7
500 7 12 iJN1463.cmd 2,3063516375E-7
500 2 6 iAF1260.cmd 4,375121185E-7
500 2 6 iJN1463.cmd 5,6882208873E-7
500 9 10 iAF1260.cmd 7,0188950442E-8
500 9 10 iJN1463.cmd 1,4009304174E-7
500 12 4 iAF1260.cmd 2,3851261221E-8
500 12 4 iJN1463.cmd 9,2373943151E-8
500 6 13 iAF1260.cmd 1,9322248834E-7
500 6 13 iJN1463.cmd 2,643802756E-7
500 10 9 iAF1260.cmd 3,5711991642E-8
500 10 9 iJN1463.cmd 8,535173732E-8
500 1 0 iAF1260.cmd 4,9049841262E-7
500 1 0 iJN1463.cmd 6,2523454812E-7
500 2 1 iAF1260.cmd 5,8356729677E-7
500 2 1 iJN1463.cmd 7,4286208403E-7
500 4 8 iAF1260.cmd 2,9998522266E-7
500 4 8 iJN1463.cmd 4,0642375471E-7
500 5 8 iAF1260.cmd 2,1450888112E-7
500 5 8 iJN1463.cmd 3,0818600609E-7
500 6 7 iAF1260.cmd 1,5662189553E-7
500 6 7 iJN1463.cmd 2,3197809247E-7
500 7 6 iAF1260.cmd 7,8561577518E-8
500 7 6 iJN1463.cmd 1,3131687377E-7
500 8 2 iAF1260.cmd 4,322012666E-8
500 8 2 iJN1463.cmd 9,3602857812E-8
500 8 5 iAF1260.cmd 5,2695312298E-8
500 8 5 iJN1463.cmd 9,5557148814E-8
500 9 6 iAF1260.cmd 3,488472465E-8
500 9 6 iJN1463.cmd 7,1650616531E-8
500 11 8 iAF1260.cmd 2,1497316611E-8
500 11 8 iJN1463.cmd 5,5970597109E-8
500 14 5 iAF1260.cmd 7,9922566944E-9
500 14 5 iJN1463.cmd 4,2102332005E-8
500 6 4 iAF1260.cmd 1,4417903126E-7
500 6 4 iJN1463.cmd 2,070505172E-7
500 11 5 iAF1260.cmd 1,5678865208E-8
500 11 5 iJN1463.cmd 4,8670942391E-8
500 5 13 iAF1260.cmd 2,5047188869E-7
500 5 13 iJN1463.cmd 3,2424503008E-7
500 11 9 iAF1260.cmd 2,463883592E-8
500 11 9 iJN1463.cmd 6,1418359461E-8
500 14 12 iAF1260.cmd 1,626085033E-8
500 14 12 iJN1463.cmd 4,2867726066E-8
500 4 12 iAF1260.cmd 3,2615074117E-7
500 4 12 iJN1463.cmd 4,1214527691E-7
500 0 6 iAF1260.cmd 9,202212608E-8
500 0 6 iJN1463.cmd 1,8864106702E-7
500 0 11 iAF1260.cmd 8,3385031529E-8
500 0 11 iJN1463.cmd 1,7151392438E-7
500 4 7 iAF1260.cmd 3,0929518528E-7
500 4 7 iJN1463.cmd 4,148366014E-7
500 5 2 iAF1260.cmd 2,3868022855E-7
500 5 2 iJN1463.cmd 3,318064685E-7
500 13 10 iAF1260.cmd 1,4162503739E-8
500 13 10 iJN1463.cmd 3,8783314719E-8
500 6 5 iAF1260.cmd 1,3569101878E-7
500 6 5 iJN1463.cmd 1,9720838506E-7
500 8 3 iAF1260.cmd 4,8181494664E-8
500 8 3 iJN1463.cmd 9,3047577458E-8
500 13 14 iAF1260.cmd 1,1994510965E-8
500 13 14 iJN1463.cmd 4,3526539506E-8
500 3 10 iAF1260.cmd 4,2742223009E-7
500 3 10 iJN1463.cmd 5,7454236561E-7
500 6 3 iAF1260.cmd 1,4359964696E-7
500 6 3 iJN1463.cmd 2,0585701775E-7
500 13 5 iAF1260.cmd 7,5974047453E-9
500 13 5 iJN1463.cmd 3,845795488E-8
500 4 1 iAF1260.cmd 2,3190389919E-7
500 4 1 iJN1463.cmd 3,3528002989E-7
500 8 0 iAF1260.cmd 4,5184084746E-8
500 8 0 iJN1463.cmd 1,0008217359E-7
500 6 10 iAF1260.cmd 1,5149589447E-7
500 6 10 iJN1463.cmd 2,3899998271E-7
500 9 4 iAF1260.cmd 3,7023178418E-8
500 9 4 iJN1463.cmd 7,6106651553E-8
500 12 9 iAF1260.cmd 1,5842557073E-8
500 12 9 iJN1463.cmd 4,1453799792E-8
500 14 11 iAF1260.cmd 1,3455659569E-8
500 14 11 iJN1463.cmd 3,6516430644E-8
500 14 13 iAF1260.cmd 1,418430293E-8
500 14 13 iJN1463.cmd 3,7278343017E-8
500 6 12 iAF1260.cmd 1,8843729723E-7
500 6 12 iJN1463.cmd 2,7025575541E-7
500 0 0 iAF1260.cmd 2,0276539932E-7
500 0 0 iJN1463.cmd 3,5310633813E-7
500 2 0 iAF1260.cmd 4,913921426E-7
500 2 0 iJN1463.cmd 6,5060452637E-7
500 5 7 iAF1260.cmd 2,1473503677E-7
500 5 7 iJN1463.cmd 3,0168655506E-7
500 6 6 iAF1260.cmd 1,1381547739E-7
500 6 6 iJN1463.cmd 1,7226858448E-7
500 7 5 iAF1260.cmd 8,0549177587E-8
500 7 5 iJN1463.cmd 1,2790904823E-7
500 9 5 iAF1260.cmd 3,2590506526E-8
500 9 5 iJN1463.cmd 6,5147977351E-8
500 5 12 iAF1260.cmd 2,420837807E-7
500 5 12 iJN1463.cmd 3,2716029481E-7
500 4 9 iAF1260.cmd 2,450972087E-7
500 4 9 iJN1463.cmd 3,521765485E-7
500 8 4 iAF1260.cmd 4,9740197223E-8
500 8 4 iJN1463.cmd 8,8963265413E-8
500 5 9 iAF1260.cmd 2,0338876909E-7
500 5 9 iJN1463.cmd 3,0251692519E-7
500 7 4 iAF1260.cmd 8,0256988467E-8
500 7 4 iJN1463.cmd 1,2573570762E-7
500 12 8 iAF1260.cmd 1,4026880893E-8
500 12 8 iJN1463.cmd 3,710077495E-8
500 7 2 iAF1260.cmd 4,48899826E-8
500 7 2 iJN1463.cmd 8,7557620945E-8
500 10 6 iAF1260.cmd 1,7651358584E-8
500 10 6 iJN1463.cmd 4,1390383727E-8
500 11 7 iAF1260.cmd 1,0747036082E-8
500 11 7 iJN1463.cmd 3,2457807703E-8
500 10 5 iAF1260.cmd 1,829674005E-8
500 10 5 iJN1463.cmd 4,3750448076E-8
500 11 6 iAF1260.cmd 9,3312033242E-9
500 11 6 iJN1463.cmd 2,9572126124E-8
500 5 1 iAF1260.cmd 1,9586198913E-7
500 5 1 iJN1463.cmd 2,8913002079E-7
500 14 6 iAF1260.cmd 0E0
500 14 6 iJN1463.cmd 1,5220464247E-8
500 7 3 iAF1260.cmd 7,297568774E-8
500 7 3 iJN1463.cmd 1,1828241854E-7
500 13 9 iAF1260.cmd 9,0948716075E-9
500 13 9 iJN1463.cmd 2,6158950837E-8
500 14 10 iAF1260.cmd 8,4716682372E-9
500 14 10 iJN1463.cmd 2,5030617684E-8
500 6 11 iAF1260.cmd 1,6599664277E-7
500 6 11 iJN1463.cmd 2,5472971744E-7
500 4 10 iAF1260.cmd 2,7397804676E-7
500 4 10 iJN1463.cmd 3,936325523E-7
500 3 11 iAF1260.cmd 3,7123289972E-7
500 3 11 iJN1463.cmd 5,3573504066E-7
500 5 10 iAF1260.cmd 1,9262137521E-7
500 5 10 iJN1463.cmd 2,9341573101E-7
500 4 0 iAF1260.cmd 2,2427620619E-7
500 4 0 iJN1463.cmd 3,4638463731E-7
500 3 0 iAF1260.cmd 3,3706306963E-7
500 3 0 iJN1463.cmd 4,9448652003E-7
500 7 0 iAF1260.cmd 4,6897331355E-8
500 7 0 iJN1463.cmd 1,0423164193E-7
500 14 14 iAF1260.cmd 6,7266029172E-9
500 14 14 iJN1463.cmd 2,5677128773E-8
500 5 11 iAF1260.cmd 1,8763030388E-7
500 5 11 iJN1463.cmd 2,8240529051E-7
500 13 6 iAF1260.cmd 0E0
500 13 6 iJN1463.cmd 1,4317539592E-8
500 5 0 iAF1260.cmd 1,5144343234E-7
500 5 0 iJN1463.cmd 2,5068659628E-7
500 7 1 iAF1260.cmd 3,5921493663E-8
500 7 1 iJN1463.cmd 8,2828770756E-8
500 14 9 iAF1260.cmd 3,8152597659E-9
500 14 9 iJN1463.cmd 1,5056337557E-8
500 6 0 iAF1260.cmd 7,8896318899E-8
500 6 0 iJN1463.cmd 1,6107454528E-7
500 12 6 iAF1260.cmd 2,5084133594E-11
500 12 6 iJN1463.cmd 1,5495771891E-8
500 14 7 iAF1260.cmd 0E0
500 14 7 iJN1463.cmd 5,0370384169E-9
500 14 8 iAF1260.cmd 0E0
500 14 8 iJN1463.cmd 5,6864635266E-9
500 13 7 iAF1260.cmd 0E0
500 13 7 iJN1463.cmd 4,3799161896E-9
1000 9 13 iAF1260.cmd 1,0795789974E-7
1000 9 13 iJN1463.cmd 1,8152454146E-7
1000 1 13 iAF1260.cmd 7,3603071078E-7
1000 1 13 iJN1463.cmd 8,6106547664E-7
1000 8 8 iAF1260.cmd 1,4389148508E-7
1000 8 8 iJN1463.cmd 2,0885638939E-7
1000 14 1 iAF1260.cmd 5,8589731692E-8
1000 14 1 iJN1463.cmd 2,6860106792E-7
1000 7 14 iAF1260.cmd 1,2886784871E-7
1000 7 14 iJN1463.cmd 2,0755148956E-7
1000 1 8 iAF1260.cmd 7,6569689848E-7
1000 1 8 iJN1463.cmd 8,4974085903E-7
1000 11 12 iAF1260.cmd 6,825195046E-8
1000 11 12 iJN1463.cmd 1,2510476284E-7
1000 11 2 iAF1260.cmd 6,2663593899E-8
1000 11 2 iJN1463.cmd 1,8980062299E-7
1000 14 2 iAF1260.cmd 4,9471436929E-8
1000 14 2 iJN1463.cmd 2,2885494392E-7
1000 1 14 iAF1260.cmd 5,2550675621E-7
1000 1 14 iJN1463.cmd 6,5804929521E-7
1000 3 14 iAF1260.cmd 5,3003441106E-7
1000 3 14 iJN1463.cmd 6,3029314939E-7
1000 12 1 iAF1260.cmd 6,7368096634E-8
1000 12 1 iJN1463.cmd 2,6422764983E-7
1000 11 1 iAF1260.cmd 6,8463996539E-8
1000 11 1 iJN1463.cmd 2,2797824396E-7
1000 1 3 iAF1260.cmd 7,212530518E-7
1000 1 3 iJN1463.cmd 7,8766081123E-7
1000 3 4 iAF1260.cmd 6,1923047071E-7
1000 3 4 iJN1463.cmd 6,5293836325E-7
1000 0 3 iAF1260.cmd 5,8166449006E-7
1000 0 3 iJN1463.cmd 7,0126606921E-7
1000 0 8 iAF1260.cmd 5,1335329047E-7
1000 0 8 iJN1463.cmd 6,2954085585E-7
1000 0 13 iAF1260.cmd 4,2842169064E-7
1000 0 13 iJN1463.cmd 5,5812548749E-7
1000 0 14 iAF1260.cmd 3,9529544673E-7
1000 0 14 iJN1463.cmd 5,3487511238E-7
1000 1 2 iAF1260.cmd 6,979077232E-7
1000 1 2 iJN1463.cmd 7,6523804167E-7
1000 1 4 iAF1260.cmd 7,2754368031E-7
1000 1 4 iJN1463.cmd 7,945659654E-7
1000 1 9 iAF1260.cmd 8,0586893711E-7
1000 1 9 iJN1463.cmd 8,9116263618E-7
1000 2 3 iAF1260.cmd 7,3447455219E-7
1000 2 3 iJN1463.cmd 7,7423941114E-7
1000 2 4 iAF1260.cmd 7,39918129E-7
1000 2 4 iJN1463.cmd 7,7995420242E-7
1000 2 8 iAF1260.cmd 7,8413072154E-7
1000 2 8 iJN1463.cmd 8,3764377877E-7
1000 2 13 iAF1260.cmd 8,969697213E-7
1000 2 13 iJN1463.cmd 9,9139184232E-7
1000 2 14 iAF1260.cmd 5,9679219127E-7
1000 2 14 iJN1463.cmd 7,135402971E-7
1000 3 3 iAF1260.cmd 6,0949070666E-7
1000 3 3 iJN1463.cmd 6,4254489161E-7
1000 3 5 iAF1260.cmd 5,7559230982E-7
1000 3 5 iJN1463.cmd 6,098467951E-7
1000 3 13 iAF1260.cmd 7,3716005857E-7
1000 3 13 iJN1463.cmd 8,1936277695E-7
1000 4 4 iAF1260.cmd 4,9082620691E-7
1000 4 4 iJN1463.cmd 5,2338787071E-7
1000 4 14 iAF1260.cmd 4,2048917801E-7
1000 4 14 iJN1463.cmd 5,0381446158E-7
1000 6 14 iAF1260.cmd 2,3325286004E-7
1000 6 14 iJN1463.cmd 3,0373997144E-7
1000 7 8 iAF1260.cmd 1,9928849227E-7
1000 7 8 iJN1463.cmd 2,6045041655E-7
1000 8 7 iAF1260.cmd 1,2111587848E-7
1000 8 7 iJN1463.cmd 1,7910475121E-7
1000 8 9 iAF1260.cmd 1,5892667414E-7
1000 8 9 iJN1463.cmd 2,2343737209E-7
1000 8 13 iAF1260.cmd 1,2979806927E-7
1000 8 13 iJN1463.cmd 2,0215665264E-7
1000 8 14 iAF1260.cmd 1,0043394068E-7
1000 8 14 iJN1463.cmd 1,834070104E-7
1000 9 8 iAF1260.cmd 1,0604673694E-7
1000 9 8 iJN1463.cmd 1,6776421648E-7
1000 9 12 iAF1260.cmd 1,2282770839E-7
1000 9 12 iJN1463.cmd 1,8691479667E-7
1000 9 14 iAF1260.cmd 8,3987232454E-8
1000 9 14 iJN1463.cmd 1,6948143684E-7
1000 10 1 iAF1260.cmd 6,9938592377E-8
1000 10 1 iJN1463.cmd 1,9596558459E-7
1000 10 2 iAF1260.cmd 6,6925238947E-8
1000 10 2 iJN1463.cmd 1,7401825589E-7
1000 10 12 iAF1260.cmd 9,1984410111E-8
1000 10 12 iJN1463.cmd 1,5469362217E-7
1000 10 13 iAF1260.cmd 8,5004535481E-8
1000 10 13 iJN1463.cmd 1,5602269687E-7
1000 11 0 iAF1260.cmd 7,0714252976E-8
1000 11 0 iJN1463.cmd 2,4015480378E-7
1000 11 3 iAF1260.cmd 5,064512125E-8
1000 11 3 iJN1463.cmd 1,5076114154E-7
1000 11 11 iAF1260.cmd 6,4284819441E-8
1000 11 11 iJN1463.cmd 1,1410131174E-7
1000 11 13 iAF1260.cmd 6,4410342405E-8
1000 11 13 iJN1463.cmd 1,275349963E-7
1000 12 0 iAF1260.cmd 6,8752092298E-8
1000 12 0 iJN1463.cmd 2,7015421027E-7
1000 12 12 iAF1260.cmd 4,9787893984E-8
1000 12 12 iJN1463.cmd 9,6354966089E-8
1000 13 1 iAF1260.cmd 6,1010400346E-8
1000 13 1 iJN1463.cmd 2,6652975456E-7
1000 13 2 iAF1260.cmd 5,0246393301E-8
1000 13 2 iJN1463.cmd 2,2630954885E-7
1000 14 0 iAF1260.cmd 6,2735334587E-8
1000 14 0 iJN1463.cmd 2,8591171293E-7
1000 14 3 iAF1260.cmd 3,7782204339E-8
1000 14 3 iJN1463.cmd 1,7187365703E-7
1000 13 0 iAF1260.cmd 6,4965440794E-8
1000 13 0 iJN1463.cmd 2,8177267319E-7
1000 0 2 iAF1260.cmd 5,6582510427E-7
1000 0 2 iJN1463.cmd 6,8322414428E-7
1000 0 4 iAF1260.cmd 5,6917931107E-7
1000 0 4 iJN1463.cmd 6,8569209812E-7
1000 0 9 iAF1260.cmd 5,6766641823E-7
1000 0 9 iJN1463.cmd 6,8176535541E-7
1000 2 9 iAF1260.cmd 8,7829743733E-7
1000 2 9 iJN1463.cmd 9,3942198048E-7
1000 4 3 iAF1260.cmd 4,8184874243E-7
1000 4 3 iJN1463.cmd 5,1381752009E-7
1000 4 5 iAF1260.cmd 4,8795571872E-7
1000 4 5 iJN1463.cmd 5,2146757709E-7
1000 7 9 iAF1260.cmd 1,8700965877E-7
1000 7 9 iJN1463.cmd 2,4949579673E-7
1000 8 12 iAF1260.cmd 1,6889156423E-7
1000 8 12 iJN1463.cmd 2,3016516078E-7
1000 10 0 iAF1260.cmd 7,2247637426E-8
1000 10 0 iJN1463.cmd 2,0362561977E-7
1000 10 3 iAF1260.cmd 6,3117089422E-8
1000 10 3 iJN1463.cmd 1,5336426067E-7
1000 10 11 iAF1260.cmd 8,7755851378E-8
1000 10 11 iJN1463.cmd 1,4321238879E-7
1000 12 11 iAF1260.cmd 4,6514987147E-8
1000 12 11 iJN1463.cmd 8,7339290038E-8
1000 12 13 iAF1260.cmd 4,7297011411E-8
1000 12 13 iJN1463.cmd 9,822826924E-8
1000 13 3 iAF1260.cmd 3,8683853629E-8
1000 13 3 iJN1463.cmd 1,6512095362E-7
1000 10 14 iAF1260.cmd 6,8442205098E-8
1000 10 14 iJN1463.cmd 1,5056618567E-7
1000 4 13 iAF1260.cmd 5,6758242883E-7
1000 4 13 iJN1463.cmd 6,3190149518E-7
1000 2 12 iAF1260.cmd 1,2148111009E-6
1000 2 12 iJN1463.cmd 1,2774881752E-6
1000 0 7 iAF1260.cmd 3,4167845896E-7
1000 0 7 iJN1463.cmd 4,6678482786E-7
1000 0 12 iAF1260.cmd 2,948443397E-7
1000 0 12 iJN1463.cmd 4,1690390955E-7
1000 1 1 iAF1260.cmd 6,8077036963E-7
1000 1 1 iJN1463.cmd 7,3531800332E-7
1000 1 5 iAF1260.cmd 7,1445203876E-7
1000 1 5 iJN1463.cmd 7,8692282854E-7
1000 1 10 iAF1260.cmd 7,9808808089E-7
1000 1 10 iJN1463.cmd 8,8378064462E-7
1000 2 7 iAF1260.cmd 7,0838169664E-7
1000 2 7 iJN1463.cmd 7,4843465973E-7
1000 3 2 iAF1260.cmd 5,419468652E-7
1000 3 2 iJN1463.cmd 5,7440614128E-7
1000 3 6 iAF1260.cmd 6,0030165025E-7
1000 3 6 iJN1463.cmd 6,358449929E-7
1000 3 8 iAF1260.cmd 6,5282370624E-7
1000 3 8 iJN1463.cmd 6,9484114643E-7
1000 5 4 iAF1260.cmd 3,5979143531E-7
1000 5 4 iJN1463.cmd 3,9075850516E-7
1000 6 8 iAF1260.cmd 2,8285791852E-7
1000 6 8 iJN1463.cmd 3,315646531E-7
1000 8 6 iAF1260.cmd 1,0473146082E-7
1000 8 6 iJN1463.cmd 1,4470477039E-7
1000 8 10 iAF1260.cmd 1,5689297986E-7
1000 8 10 iJN1463.cmd 2,1551895034E-7
1000 9 1 iAF1260.cmd 7,1875326146E-8
1000 9 1 iJN1463.cmd 1,7036196723E-7
1000 9 2 iAF1260.cmd 7,2914817581E-8
1000 9 2 iJN1463.cmd 1,509574014E-7
1000 9 11 iAF1260.cmd 1,1757246292E-7
1000 9 11 iJN1463.cmd 1,7557720317E-7
1000 10 8 iAF1260.cmd 6,9735585204E-8
1000 10 8 iJN1463.cmd 1,1644014438E-7
1000 11 4 iAF1260.cmd 3,7902679162E-8
1000 11 4 iJN1463.cmd 1,1257957185E-7
1000 11 10 iAF1260.cmd 5,6148903251E-8
1000 11 10 iJN1463.cmd 9,8523133573E-8
1000 11 14 iAF1260.cmd 5,3086526098E-8
1000 11 14 iJN1463.cmd 1,2490729313E-7
1000 12 3 iAF1260.cmd 4,0329107961E-8
1000 12 3 iJN1463.cmd 1,4461491428E-7
1000 13 12 iAF1260.cmd 3,6667852187E-8
1000 13 12 iJN1463.cmd 7,2151549698E-8
1000 14 4 iAF1260.cmd 2,5774883497E-8
1000 14 4 iJN1463.cmd 1,1592970346E-7
1000 5 14 iAF1260.cmd 3,1955184897E-7
1000 5 14 iJN1463.cmd 3,9246057172E-7
1000 8 11 iAF1260.cmd 1,4663031341E-7
1000 8 11 iJN1463.cmd 2,0524799971E-7
1000 2 10 iAF1260.cmd 8,5442015559E-7
1000 2 10 iJN1463.cmd 9,1771291879E-7
1000 9 0 iAF1260.cmd 7,6384735825E-8
1000 9 0 iJN1463.cmd 1,7087213323E-7
1000 0 1 iAF1260.cmd 5,4196729702E-7
1000 0 1 iJN1463.cmd 6,5192670207E-7
1000 0 5 iAF1260.cmd 5,0365897045E-7
1000 0 5 iJN1463.cmd 6,1689283014E-7
1000 0 10 iAF1260.cmd 5,1572940827E-7
1000 0 10 iJN1463.cmd 6,2727379571E-7
1000 3 7 iAF1260.cmd 6,2269750615E-7
1000 3 7 iJN1463.cmd 6,60559033E-7
1000 4 2 iAF1260.cmd 4,5023322174E-7
1000 4 2 iJN1463.cmd 4,8263628654E-7
1000 4 6 iAF1260.cmd 5,3005345505E-7
1000 4 6 iJN1463.cmd 5,6545338602E-7
1000 5 3 iAF1260.cmd 3,6330505286E-7
1000 5 3 iJN1463.cmd 3,9408010878E-7
1000 5 5 iAF1260.cmd 3,551881151E-7
1000 5 5 iJN1463.cmd 3,868066044E-7
1000 7 10 iAF1260.cmd 2,1719011972E-7
1000 7 10 iJN1463.cmd 2,7451584823E-7
1000 9 3 iAF1260.cmd 7,4841064253E-8
1000 9 3 iJN1463.cmd 1,3581258991E-7
1000 10 10 iAF1260.cmd 7,8786914458E-8
1000 10 10 iJN1463.cmd 1,2785079203E-7
1000 13 4 iAF1260.cmd 2,7620105178E-8
1000 13 4 iJN1463.cmd 1,1509444937E-7
1000 12 10 iAF1260.cmd 4,0161171803E-8
1000 12 10 iJN1463.cmd 7,4341088853E-8
1000 13 11 iAF1260.cmd 3,4030335821E-8
1000 13 11 iJN1463.cmd 6,535322458E-8
1000 13 13 iAF1260.cmd 3,4809810696E-8
1000 13 13 iJN1463.cmd 7,3161970915E-8
1000 12 14 iAF1260.cmd 3,9271307959E-8
1000 12 14 iJN1463.cmd 9,6222101196E-8
1000 7 12 iAF1260.cmd 2,7153977203E-7
1000 7 12 iJN1463.cmd 3,2376984242E-7
1000 2 6 iAF1260.cmd 6,6421363538E-7
1000 2 6 iJN1463.cmd 7,0040859588E-7
1000 9 10 iAF1260.cmd 1,1532286327E-7
1000 9 10 iJN1463.cmd 1,698782127E-7
1000 12 4 iAF1260.cmd 3,3962005795E-8
1000 12 4 iJN1463.cmd 1,2073167586E-7
1000 6 13 iAF1260.cmd 3,613318609E-7
1000 6 13 iJN1463.cmd 4,1687448613E-7
1000 10 9 iAF1260.cmd 6,2538123184E-8
1000 10 9 iJN1463.cmd 1,0660204655E-7
1000 1 0 iAF1260.cmd 6,4999875637E-7
1000 1 0 iJN1463.cmd 7,0162411658E-7
1000 2 1 iAF1260.cmd 7,3317658635E-7
1000 2 1 iJN1463.cmd 7,5775705806E-7
1000 4 8 iAF1260.cmd 5,0526974266E-7
1000 4 8 iJN1463.cmd 5,4735706556E-7
1000 5 8 iAF1260.cmd 3,9097490286E-7
1000 5 8 iJN1463.cmd 4,3509424686E-7
1000 6 7 iAF1260.cmd 2,8342328485E-7
1000 6 7 iJN1463.cmd 3,2342600022E-7
1000 7 6 iAF1260.cmd 1,4742972216E-7
1000 7 6 iJN1463.cmd 1,8204298067E-7
1000 8 2 iAF1260.cmd 8,4244194557E-8
1000 8 2 iJN1463.cmd 1,3419834445E-7
1000 8 5 iAF1260.cmd 1,0124741922E-7
1000 8 5 iJN1463.cmd 1,3517456018E-7
1000 9 6 iAF1260.cmd 6,6565019413E-8
1000 9 6 iJN1463.cmd 9,8508195263E-8
1000 11 8 iAF1260.cmd 4,3867443132E-8
1000 11 8 iJN1463.cmd 7,7365431295E-8
1000 14 5 iAF1260.cmd 1,4833866342E-8
1000 14 5 iJN1463.cmd 6,8947078422E-8
1000 6 4 iAF1260.cmd 2,4109884612E-7
1000 6 4 iJN1463.cmd 2,7098439658E-7
1000 11 5 iAF1260.cmd 3,3670473663E-8
1000 11 5 iJN1463.cmd 7,5352815568E-8
1000 5 13 iAF1260.cmd 4,4178080567E-7
1000 5 13 iJN1463.cmd 4,9909376229E-7
1000 11 9 iAF1260.cmd 4,7225557827E-8
1000 11 9 iJN1463.cmd 8,384797778E-8
1000 14 12 iAF1260.cmd 2,9725838098E-8
1000 14 12 iJN1463.cmd 5,8166625015E-8
1000 4 12 iAF1260.cmd 5,5014376342E-7
1000 4 12 iJN1463.cmd 5,9724380849E-7
1000 0 6 iAF1260.cmd 3,4034947291E-7
1000 0 6 iJN1463.cmd 4,6386731004E-7
1000 0 11 iAF1260.cmd 3,2158260625E-7
1000 0 11 iJN1463.cmd 4,3893996681E-7
1000 4 7 iAF1260.cmd 5,0841009857E-7
1000 4 7 iJN1463.cmd 5,4661942591E-7
1000 5 2 iAF1260.cmd 3,8256054666E-7
1000 5 2 iJN1463.cmd 4,1457598208E-7
1000 13 10 iAF1260.cmd 2,8858573607E-8
1000 13 10 iJN1463.cmd 5,5036063058E-8
1000 6 5 iAF1260.cmd 2,3365917774E-7
1000 6 5 iJN1463.cmd 2,6469706149E-7
1000 8 3 iAF1260.cmd 9,5989678491E-8
1000 8 3 iJN1463.cmd 1,3875812558E-7
1000 13 14 iAF1260.cmd 2,8725753819E-8
1000 13 14 iJN1463.cmd 7,1251842397E-8
1000 3 10 iAF1260.cmd 7,2023492235E-7
1000 3 10 iJN1463.cmd 7,7895499898E-7
1000 6 3 iAF1260.cmd 2,4111924973E-7
1000 6 3 iJN1463.cmd 2,7114898732E-7
1000 13 5 iAF1260.cmd 1,550037026E-8
1000 13 5 iJN1463.cmd 6,8462584076E-8
1000 4 1 iAF1260.cmd 3,9878406663E-7
1000 4 1 iJN1463.cmd 4,3221363544E-7
1000 8 0 iAF1260.cmd 8,9922526882E-8
1000 8 0 iJN1463.cmd 1,5230756033E-7
1000 6 10 iAF1260.cmd 3,2484680204E-7
1000 6 10 iJN1463.cmd 3,7575251386E-7
1000 9 4 iAF1260.cmd 7,6045845309E-8
1000 9 4 iJN1463.cmd 1,1624665022E-7
1000 12 9 iAF1260.cmd 3,4493581909E-8
1000 12 9 iJN1463.cmd 6,3876706833E-8
1000 14 11 iAF1260.cmd 2,732521676E-8
1000 14 11 iJN1463.cmd 5,2603376488E-8
1000 14 13 iAF1260.cmd 2,8163912415E-8
1000 14 13 iJN1463.cmd 5,8694481808E-8
1000 6 12 iAF1260.cmd 3,6691004176E-7
1000 6 12 iJN1463.cmd 4,1550328832E-7
1000 0 0 iAF1260.cmd 5,1956312356E-7
1000 0 0 iJN1463.cmd 6,2526772231E-7
1000 2 0 iAF1260.cmd 6,7290250167E-7
1000 2 0 iJN1463.cmd 6,9969234064E-7
1000 5 7 iAF1260.cmd 3,8546168449E-7
1000 5 7 iJN1463.cmd 4,2548237799E-7
1000 6 6 iAF1260.cmd 2,1169293055E-7
1000 6 6 iJN1463.cmd 2,4567071952E-7
1000 7 5 iAF1260.cmd 1,5234256687E-7
1000 7 5 iJN1463.cmd 1,8406374409E-7
1000 9 5 iAF1260.cmd 6,7929706324E-8
1000 9 5 iJN1463.cmd 1,0047425944E-7
1000 5 12 iAF1260.cmd 4,5182456801E-7
1000 5 12 iJN1463.cmd 4,9893931639E-7
1000 4 9 iAF1260.cmd 4,7755613299E-7
1000 4 9 iJN1463.cmd 5,2437840921E-7
1000 8 4 iAF1260.cmd 1,012125339E-7
1000 8 4 iJN1463.cmd 1,3648566946E-7
1000 5 9 iAF1260.cmd 4,172144337E-7
1000 5 9 iJN1463.cmd 4,6388444482E-7
1000 7 4 iAF1260.cmd 1,5271369898E-7
1000 7 4 iJN1463.cmd 1,8399841727E-7
1000 12 8 iAF1260.cmd 3,4354664166E-8
1000 12 8 iJN1463.cmd 6,3165671671E-8
1000 7 2 iAF1260.cmd 9,927824846E-8
1000 7 2 iJN1463.cmd 1,3725967131E-7
1000 10 6 iAF1260.cmd 4,1932699093E-8
1000 10 6 iJN1463.cmd 6,9727237341E-8
1000 11 7 iAF1260.cmd 3,1052638809E-8
1000 11 7 iJN1463.cmd 5,8127911936E-8
1000 10 5 iAF1260.cmd 4,3983887457E-8
1000 10 5 iJN1463.cmd 7,4906825049E-8
1000 11 6 iAF1260.cmd 2,7871308593E-8
1000 11 6 iJN1463.cmd 5,5665482282E-8
1000 5 1 iAF1260.cmd 3,5405981661E-7
1000 5 1 iJN1463.cmd 3,8805308421E-7
1000 14 6 iAF1260.cmd 7,2311960203E-9
1000 14 6 iJN1463.cmd 3,7766700742E-8
1000 7 3 iAF1260.cmd 1,4118243526E-7
1000 7 3 iJN1463.cmd 1,7509174702E-7
1000 13 9 iAF1260.cmd 2,4175462348E-8
1000 13 9 iJN1463.cmd 4,6618422246E-8
1000 14 10 iAF1260.cmd 2,2207261207E-8
1000 14 10 iJN1463.cmd 4,3336944922E-8
1000 6 11 iAF1260.cmd 3,6406936769E-7
1000 6 11 iJN1463.cmd 4,1162664022E-7
1000 4 10 iAF1260.cmd 5,3463812853E-7
1000 4 10 iJN1463.cmd 5,8617080481E-7
1000 3 11 iAF1260.cmd 7,2496423416E-7
1000 3 11 iJN1463.cmd 7,894365013E-7
1000 5 10 iAF1260.cmd 4,1541645729E-7
1000 5 10 iJN1463.cmd 4,6419133004E-7
1000 4 0 iAF1260.cmd 4,1612112154E-7
1000 4 0 iJN1463.cmd 4,4904398845E-7
1000 3 0 iAF1260.cmd 5,5640170876E-7
1000 3 0 iJN1463.cmd 5,8377145808E-7
1000 7 0 iAF1260.cmd 1,182926338E-7
1000 7 0 iJN1463.cmd 1,6310968135E-7
1000 14 14 iAF1260.cmd 2,299619678E-8
1000 14 14 iJN1463.cmd 5,6790643854E-8
1000 5 11 iAF1260.cmd 4,087398068E-7
1000 5 11 iJN1463.cmd 4,5524102477E-7
1000 13 6 iAF1260.cmd 8,3770087588E-9
1000 13 6 iJN1463.cmd 3,7528845809E-8
1000 5 0 iAF1260.cmd 3,1151814004E-7
1000 5 0 iJN1463.cmd 3,4779171091E-7
1000 7 1 iAF1260.cmd 9,5478214413E-8
1000 7 1 iJN1463.cmd 1,3361892437E-7
1000 14 9 iAF1260.cmd 1,5575541654E-8
1000 14 9 iJN1463.cmd 3,325943972E-8
1000 6 0 iAF1260.cmd 1,9756272133E-7
1000 6 0 iJN1463.cmd 2,377744475E-7
1000 12 6 iAF1260.cmd 1,4350479112E-8
1000 12 6 iJN1463.cmd 3,7765784004E-8
1000 14 7 iAF1260.cmd 2,8280264736E-9
1000 14 7 iJN1463.cmd 2,2823729787E-8
1000 14 8 iAF1260.cmd 6,1547197214E-9
1000 14 8 iJN1463.cmd 2,197058268E-8
1000 13 7 iAF1260.cmd 1,3933765086E-9
1000 13 7 iJN1463.cmd 2,2757798097E-8
