0	1,5E-7	1,5E-6
1	1,5753614459E-7	1,5635395445E-6
2	1,6587075415E-7	1,629835137E-6
3	1,7580431816E-7	1,700548476E-6
4	1,8671980781E-7	1,7754181768E-6
5	1,9855291419E-7	1,8545440558E-6
6	2,1125023034E-7	1,9377893092E-6
7	2,2481615522E-7	2,0252466668E-6
8	2,3930542792E-7	2,1171889074E-6
9	2,5474445052E-7	2,2135060666E-6
10	2,7111110334E-7	2,3143869372E-6
11	2,8842713479E-7	2,419978202E-6
12	3,0671882048E-7	2,5309238452E-6
13	3,2602017187E-7	2,6470675516E-6
14	3,4634449496E-7	2,768505419E-6
15	3,6768499198E-7	2,8952493381E-6
16	3,9000825135E-7	3,0274861067E-6
17	4,131956573E-7	3,1652676828E-6
18	4,37105621E-7	3,309897318E-6
19	4,6164170329E-7	3,4610038853E-6
20	4,8655502771E-7	3,6186642187E-6
21	5,1165009953E-7	3,7828915738E-6
22	5,3694174154E-7	3,9535093974E-6
23	5,6263298415E-7	4,1306261625E-6
24	5,888039963E-7	4,3144552347E-6
25	6,1536488428E-7	4,5051150842E-6
26	6,4237014969E-7	4,7029109611E-6
27	6,6949129232E-7	4,9086399854E-6
28	6,9681994069E-7	5,1224759958E-6
29	7,2437839425E-7	5,3444064987E-6
30	7,5226282359E-7	5,5746601438E-6
31	7,8058747073E-7	5,8133806065E-6
32	8,0965991862E-7	6,0602878108E-6
33	8,3934990863E-7	6,3160568933E-6
34	8,6965816083E-7	6,5810388555E-6
35	9,0060257925E-7	6,8556007692E-6
36	9,3218846232E-7	7,1397546526E-6
37	9,6443825405E-7	7,4325607369E-6
38	9,9730726885E-7	7,7339805962E-6
39	1,0309503735E-6	8,0438687117E-6
40	1,0654205231E-6	8,3615069801E-6
41	1,1007259236E-6	8,684026792E-6
42	1,1369133494E-6	9,0112766709E-6
43	1,1739466675E-6	9,3434961238E-6
44	1,2116754334E-6	9,6811583481E-6
45	1,2500565352E-6	1,0024501168E-5
46	1,2890683775E-6	1,0373528421E-5
47	1,3288786724E-6	1,0725731018E-5
48	1,369279381E-6	1,1077658654E-5
49	1,410381753E-6	1,1427667598E-5
50	1,4522455944E-6	1,1776793772E-5
51	1,4947683678E-6	1,2123182928E-5
52	1,5380031208E-6	1,2467274376E-5
53	1,5815713087E-6	1,2812578076E-5
54	1,6258210906E-6	1,3155537259E-5
55	1,670611447E-6	1,3495301988E-5
56	1,716329683E-6	1,382912747E-5
57	1,7626409711E-6	1,416015045E-5
58	1,8098531252E-6	1,4488053833E-5
59	1,8573458802E-6	1,481725272E-5
60	1,9062152588E-6	1,5136776848E-5
61	1,9549114057E-6	1,5451375539E-5
62	2,0042234601E-6	1,5760708175E-5
63	2,0542191001E-6	1,6061010872E-5
64	2,1034860867E-6	1,6351510125E-5
65	2,1530579955E-6	1,6632430666E-5
66	2,2033758603E-6	1,6896649621E-5
67	2,2539858171E-6	1,7148003424E-5
68	2,3052906868E-6	1,7384882741E-5
69	2,3560514605E-6	1,7610550026E-5
70	2,4068977374E-6	1,7827390183E-5
71	2,4581043472E-6	1,803765368E-5
72	2,5094510579E-6	1,8249191157E-5
73	2,5612751238E-6	1,8448771355E-5
74	2,6132103814E-6	1,8643513623E-5
75	2,6660054583E-6	1,8835145146E-5
76	2,7190599065E-6	1,9017529118E-5
77	2,7723990358E-6	1,9196046062E-5
78	2,826407329E-6	1,9382561558E-5
79	2,880828766E-6	1,9560884757E-5
80	2,9350697059E-6	1,9738128211E-5
81	2,9892095748E-6	1,9916253536E-5
82	3,04457119E-6	2,0086226991E-5
83	3,0998405676E-6	2,0263644078E-5
84	3,154378709E-6	2,0439294778E-5
85	3,2089310835E-6	2,0617370554E-5
86	3,2640238009E-6	2,0780754806E-5
87	3,3189463834E-6	2,0949572883E-5
88	3,3736717378E-6	2,1117105111E-5
89	3,4289904339E-6	2,1283046925E-5
90	3,4835530956E-6	2,1451575469E-5
91	3,5396726803E-6	2,161338629E-5
92	3,5947418336E-6	2,1780702356E-5
93	3,649575222E-6	2,1943918313E-5
94	3,7047543167E-6	2,2108053654E-5
95	3,7603598405E-6	2,226734013E-5
96	3,8166149102E-6	2,2426759734E-5
97	3,8732181375E-6	2,258369638E-5
98	3,9300287091E-6	2,2743024807E-5
99	3,987047082E-6	2,2900601757E-5
100	4,0443803269E-6	2,3058522921E-5
101	4,1016083287E-6	2,3213288766E-5
102	4,1605962739E-6	2,3372096673E-5
103	4,2217405729E-6	2,3520471427E-5
104	4,2824215936E-6	2,3674483849E-5
105	4,3432340026E-6	2,3829325467E-5
106	4,4039501804E-6	2,3983760754E-5
107	4,466281849E-6	2,4136224296E-5
108	4,5269430372E-6	2,4288007195E-5
109	4,5895797462E-6	2,4434941028E-5
110	4,6514732686E-6	2,4585059943E-5
111	4,711780935E-6	2,4739568479E-5
112	4,7726640013E-6	2,4893309644E-5
113	4,8353766916E-6	2,5044617571E-5
114	4,8989481358E-6	2,5193971051E-5
115	4,9607982672E-6	2,5347502442E-5
116	5,024039974E-6	2,5492201772E-5
117	5,0879494393E-6	2,5637561229E-5
118	5,1517961266E-6	2,5782768482E-5
119	5,2150361445E-6	2,592770223E-5
120	5,2801267993E-6	2,6069599457E-5
121	5,3463072821E-6	2,6215045926E-5
122	5,4121458835E-6	2,63606443E-5
123	5,4770896857E-6	2,6498097259E-5
124	5,541241876E-6	2,6639249694E-5
125	5,6052664939E-6	2,6784694397E-5
126	5,6704299397E-6	2,6928704063E-5
127	5,7369243653E-6	2,7070253586E-5
128	5,8031214036E-6	2,7210147836E-5
129	5,8692312522E-6	2,7350891675E-5
130	5,9364335521E-6	2,7486883012E-5
131	6,003530982E-6	2,7624743754E-5
132	6,0712914119E-6	2,7761060486E-5
133	6,1372856289E-6	2,790387719E-5
134	6,2015604997E-6	2,8044766473E-5
135	6,267857992E-6	2,8184983256E-5
136	6,3355902624E-6	2,8322268613E-5
137	6,4033044798E-6	2,8458220156E-5
138	6,4700377621E-6	2,859696006E-5
139	6,5380635106E-6	2,8733242581E-5
140	6,6068708182E-6	2,8864561966E-5
141	6,6765033136E-6	2,8997474413E-5
142	6,7461054176E-6	2,9129786811E-5
143	6,815091533E-6	2,9262927128E-5
144	6,8853160411E-6	2,9395237615E-5
145	6,9549323343E-6	2,9527618576E-5
146	7,025794588E-6	2,9658412607E-5
147	7,0990976005E-6	2,9787563966E-5
148	7,1719770099E-6	2,9917005968E-5
149	7,2405333714E-6	3,0052060112E-5
150	7,3112376646E-6	3,0182008306E-5
151	7,3826093924E-6	3,031050376E-5
152	7,4563772887E-6	3,0436060032E-5
153	7,5298821642E-6	3,0561627771E-5
154	7,6026382893E-6	3,068919364E-5
155	7,6748886165E-6	3,0817413804E-5
156	7,7461011154E-6	3,094767474E-5
157	7,8196448643E-6	3,107153206E-5
158	7,891683654E-6	3,1198265654E-5
159	7,9648892342E-6	3,1325110611E-5
160	8,0381879067E-6	3,1452493044E-5
161	8,1144535069E-6	3,1576339874E-5
162	8,1908229878E-6	3,1699045837E-5
163	8,2681672353E-6	3,1820084173E-5
164	8,3438111814E-6	3,194302904E-5
165	8,4218106187E-6	3,2061347517E-5
166	8,4986709536E-6	3,2183036948E-5
167	8,576320491E-6	3,230321072E-5
168	8,6514970083E-6	3,2424437165E-5
169	8,7286750819E-6	3,2544034907E-5
170	8,8063110178E-6	3,2661754201E-5
171	8,8833371567E-6	3,2779870062E-5
172	8,9606584876E-6	3,289762531E-5
173	9,0380040117E-6	3,3015661942E-5
174	9,1164561264E-6	3,3132608327E-5
175	9,1949767696E-6	3,324994623E-5
176	9,2726714507E-6	3,3367058825E-5
177	9,3532197729E-6	3,3480599452E-5
178	9,4348722461E-6	3,3592921962E-5
179	9,5159907968E-6	3,3707893768E-5
180	9,5963150661E-6	3,3821946863E-5
181	9,6756015953E-6	3,393634044E-5
182	9,7541861305E-6	3,4051180248E-5
183	9,8292486551E-6	3,4169060251E-5
184	9,9068888321E-6	3,4283819999E-5
185	9,9880729268E-6	3,4395571691E-5
186	1,0069010295E-5	3,4507762656E-5
187	1,0147608459E-5	3,4622107935E-5
188	1,0228800236E-5	3,4732977592E-5
189	1,0306362833E-5	3,4847675081E-5
190	1,0386438973E-5	3,4959154606E-5
191	1,0464351912E-5	3,5073127093E-5
192	1,0542286591E-5	3,5186567304E-5
193	1,0621002358E-5	3,529910157E-5
194	1,0697065982E-5	3,5413149071E-5
195	1,0774834225E-5	3,5524800755E-5
196	1,0852505209E-5	3,5636201341E-5
197	1,0931116982E-5	3,5746457957E-5
198	1,1009798442E-5	3,5856127961E-5
199	1,1089207853E-5	3,5965195063E-5
200	1,1168608307E-5	3,6073739436E-5
201	1,1248517111E-5	3,6181651306E-5
202	1,1327576048E-5	3,6289350744E-5
203	1,1408013084E-5	3,6396938101E-5
204	1,148773853E-5	3,6504562923E-5
205	1,1567264327E-5	3,6612082809E-5
206	1,1647585817E-5	3,6718954384E-5
207	1,1726921973E-5	3,6826180301E-5
208	1,1806595318E-5	3,6932765675E-5
209	1,1885412584E-5	3,7040338158E-5
210	1,1965989632E-5	3,7145713753E-5
211	1,2048744281E-5	3,7248317645E-5
212	1,2131401842E-5	3,7351965696E-5
213	1,2213114446E-5	3,7456337834E-5
214	1,2295205442E-5	3,7559840811E-5
215	1,2376905498E-5	3,7663394796E-5
216	1,2458738423E-5	3,7766383438E-5
217	1,2540917682E-5	3,7868747557E-5
218	1,2623427966E-5	3,79706743E-5
219	1,2705903788E-5	3,8072192231E-5
220	1,2788651049E-5	3,8173215423E-5
221	1,2871690692E-5	3,8273813475E-5
222	1,2954986242E-5	3,8374009522E-5
223	1,3038447924E-5	3,8473797187E-5
224	1,3121775311E-5	3,8573636965E-5
225	1,3205172008E-5	3,867263586E-5
226	1,328784628E-5	3,8771977139E-5
227	1,3369543177E-5	3,8871792832E-5
228	1,3450694178E-5	3,897183138E-5
229	1,3531332542E-5	3,9071678176E-5
230	1,3611847532E-5	3,9171152372E-5
231	1,3692488251E-5	3,9270234051E-5
232	1,377314247E-5	3,9368837966E-5
233	1,3853891225E-5	3,9466992191E-5
234	1,393660652E-5	3,9563165086E-5
235	1,4021454226E-5	3,9657474276E-5
236	1,4107950097E-5	3,975057444E-5
237	1,4192463492E-5	3,9845434004E-5
238	1,4275382912E-5	3,9941381858E-5
239	1,4358066568E-5	4,0037076277E-5
240	1,4442058504E-5	4,013106137E-5
241	1,4526281818E-5	4,0224424119E-5
242	1,4610607037E-5	4,0317289828E-5
243	1,4696013529E-5	4,040879222E-5
244	1,4780979731E-5	4,0500126122E-5
245	1,4871852993E-5	4,0584816973E-5
246	1,4965551521E-5	4,0666783621E-5
247	1,504967154E-5	4,0758207092E-5
248	1,5132041877E-5	4,0851331938E-5
249	1,5213913392E-5	4,0944577612E-5
250	1,5296977168E-5	4,1036166646E-5
251	1,5380266322E-5	4,1127177586E-5
252	1,5464439012E-5	4,1217160551E-5
253	1,5548421895E-5	4,130669616E-5
254	1,5632672265E-5	4,1395567051E-5
255	1,5716992006E-5	4,1483998808E-5
256	1,5801384709E-5	4,157213753E-5
257	1,5885874577E-5	4,1660039003E-5
258	1,5970419129E-5	4,1747707553E-5
259	1,6055067944E-5	4,18350944E-5
260	1,6139872304E-5	4,1922148465E-5
261	1,622481636E-5	4,2008853104E-5
262	1,6309931584E-5	4,2095200686E-5
263	1,6394825536E-5	4,2181146503E-5
264	1,647992838E-5	4,2266684051E-5
265	1,6565175224E-5	4,2351819845E-5
266	1,665047531E-5	4,2436554769E-5
267	1,6735931499E-5	4,2520877658E-5
268	1,6821361125E-5	4,260477456E-5
269	1,6906952987E-5	4,2688235815E-5
270	1,6992574386E-5	4,2771286002E-5
271	1,7078325018E-5	4,2853924915E-5
272	1,7164161846E-5	4,2936149635E-5
273	1,7250128513E-5	4,3017957548E-5
274	1,7336248184E-5	4,3099335085E-5
275	1,7422497518E-5	4,3180283339E-5
276	1,750885892E-5	4,3260813895E-5
277	1,759532531E-5	4,3340930327E-5
278	1,7681894904E-5	4,3420635974E-5
279	1,7768556111E-5	4,349993988E-5
280	1,7855288444E-5	4,3578859586E-5
281	1,7942090839E-5	4,3657403003E-5
282	1,8028939159E-5	4,3735567254E-5
283	1,8115839925E-5	4,381336881E-5
284	1,8202694193E-5	4,3890826311E-5
285	1,828957093E-5	4,3967955928E-5
286	1,8376420037E-5	4,4044760077E-5
287	1,8463278082E-5	4,4121249009E-5
288	1,8550142187E-5	4,4197425089E-5
289	1,8637010673E-5	4,427328969E-5
290	1,8723848566E-5	4,4348835596E-5
291	1,8810728955E-5	4,4424066362E-5
292	1,8897462212E-5	4,4498992873E-5
293	1,8984184512E-5	4,45736104E-5
294	1,9070791686E-5	4,464791916E-5
295	1,9157351617E-5	4,4721931526E-5
296	1,9243848178E-5	4,4795661278E-5
297	1,9330275815E-5	4,4869112523E-5
298	1,9416611346E-5	4,4942306369E-5
299	1,9502850773E-5	4,5015247171E-5
300	1,9588990127E-5	4,5087935383E-5
301	1,9675032457E-5	4,5160364479E-5
302	1,9760983028E-5	4,5232527179E-5
303	1,9846844414E-5	4,5304419882E-5
304	1,9932617275E-5	4,5376041059E-5
305	2,0018298586E-5	4,544739476E-5
306	2,0103883448E-5	4,5518486609E-5
307	2,0189303339E-5	4,5589319418E-5
308	2,0274623652E-5	4,5659893138E-5
309	2,0359844685E-5	4,5730205425E-5
310	2,0444964864E-5	4,5800249326E-5
311	2,0529989888E-5	4,587003174E-5
312	2,0614929951E-5	4,5939555197E-5
313	2,0699781597E-5	4,6008825319E-5
314	2,0784540127E-5	4,6077846833E-5
315	2,087001093E-5	4,6146017083E-5
316	2,0955468625E-5	4,6213984242E-5
317	2,1040821065E-5	4,628171474E-5
318	2,1126071579E-5	4,6349203131E-5
319	2,1211213242E-5	4,6416448128E-5
320	2,1296227852E-5	4,6483448404E-5
321	2,1381127171E-5	4,6550201301E-5
322	2,1465910647E-5	4,6616707292E-5
323	2,1550592213E-5	4,6682978903E-5
324	2,163520184E-5	4,6749043875E-5
325	2,1719746696E-5	4,6814910276E-5
326	2,1804231904E-5	4,6880571211E-5
327	2,1888673697E-5	4,6945990624E-5
328	2,1973792087E-5	4,7010617089E-5
329	2,2059019978E-5	4,7074926069E-5
330	2,2144269366E-5	4,7138954068E-5
331	2,222950363E-5	4,7202719416E-5
332	2,2314693829E-5	4,7266243403E-5
333	2,2399823349E-5	4,732953766E-5
334	2,2484893561E-5	4,7392612857E-5
335	2,2569904792E-5	4,7455474035E-5
336	2,2654857387E-5	4,7518123238E-5
337	2,2739750259E-5	4,7580562223E-5
338	2,282458129E-5	4,7642793572E-5
339	2,2909329382E-5	4,7704821626E-5
340	2,2994015117E-5	4,7766650864E-5
341	2,3078639758E-5	4,7828279133E-5
342	2,3163211628E-5	4,7889689673E-5
343	2,324773158E-5	4,7950903507E-5
344	2,3332198722E-5	4,8011895546E-5
345	2,3416612657E-5	4,8072664317E-5
346	2,3500973878E-5	4,8133232528E-5
347	2,3585304363E-5	4,8193596418E-5
348	2,3669610375E-5	4,8253760627E-5
349	2,3753893585E-5	4,8313726564E-5
350	2,3838153544E-5	4,8373494893E-5
351	2,3922409186E-5	4,8433083297E-5
352	2,4006667271E-5	4,8492497704E-5
353	2,4090929012E-5	4,8551739212E-5
354	2,4175194876E-5	4,8610808679E-5
355	2,4259462915E-5	4,8669706162E-5
356	2,4343732858E-5	4,872843258E-5
357	2,4428005786E-5	4,8786992083E-5
358	2,4512279905E-5	4,8845389634E-5
359	2,4596538255E-5	4,8903615624E-5
360	2,4680778608E-5	4,8961659448E-5
361	2,476500143E-5	4,9019515292E-5
362	2,4849206497E-5	4,9077181165E-5
363	2,4933392308E-5	4,9134681844E-5
364	2,5017554669E-5	4,9191996333E-5
365	2,5101690807E-5	4,9249125638E-5
366	2,5185786847E-5	4,9306081424E-5
367	2,5269849279E-5	4,9362885623E-5
368	2,5353881331E-5	4,9419543679E-5
369	2,5437878631E-5	4,9476062256E-5
370	2,5521823225E-5	4,9532456915E-5
371	2,5605724143E-5	4,9588738349E-5
372	2,568959431E-5	4,9644917702E-5
373	2,5773436884E-5	4,9700997551E-5
374	2,5857252764E-5	4,9756978787E-5
375	2,5941043807E-5	4,9812864049E-5
376	2,6024818033E-5	4,9868629118E-5
377	2,6108587293E-5	4,9924245873E-5
378	2,6192350876E-5	4,9979711872E-5
379	2,6276107777E-5	5,0035027212E-5
380	2,6359838956E-5	5,0090186149E-5
381	2,6443527024E-5	5,0145188577E-5
382	2,6527168446E-5	5,0200032734E-5
383	2,6610761837E-5	5,0254718188E-5
384	2,6694307115E-5	5,0309245881E-5
385	2,6777806282E-5	5,0363620426E-5
386	2,6861281583E-5	5,0417843709E-5
387	2,6944707786E-5	5,0471914962E-5
388	2,7028083641E-5	5,0525835884E-5
389	2,7111408255E-5	5,0579607592E-5
390	2,7194681352E-5	5,0633230174E-5
391	2,7277902845E-5	5,0686703984E-5
392	2,7361072704E-5	5,0740029443E-5
393	2,7444190566E-5	5,0793206932E-5
394	2,7527256722E-5	5,0846237498E-5
395	2,7610271011E-5	5,0899122226E-5
396	2,7693233474E-5	5,0951861902E-5
397	2,7776141397E-5	5,1004458862E-5
398	2,7858993129E-5	5,1056914391E-5
399	2,7941774255E-5	5,1109235692E-5
400	2,8024465435E-5	5,1161424371E-5
401	2,8107056968E-5	5,1213478937E-5
402	2,8189542596E-5	5,1265396533E-5
403	2,8271922686E-5	5,1317171562E-5
404	2,8354211573E-5	5,1368813582E-5
405	2,8436407423E-5	5,1420322145E-5
406	2,8518505304E-5	5,1471700927E-5
407	2,8600505159E-5	5,1522950125E-5
408	2,8682407317E-5	5,157407026E-5
409	2,8764212616E-5	5,1625062476E-5
410	2,8845921328E-5	5,1675927035E-5
411	2,89275329E-5	5,172666406E-5
412	2,9009064535E-5	5,1777285234E-5
413	2,9090526087E-5	5,1827800066E-5
414	2,9171919877E-5	5,187821036E-5
415	2,9253245716E-5	5,1928516541E-5
416	2,9334503575E-5	5,1978718768E-5
417	2,9415693539E-5	5,2028817112E-5
418	2,9496815538E-5	5,2078811625E-5
419	2,9577869637E-5	5,2128702101E-5
420	2,9658857255E-5	5,2178483138E-5
421	2,9739768196E-5	5,222814667E-5
422	2,982059284E-5	5,2277686242E-5
423	2,99013282E-5	5,2327099793E-5
424	2,9981953138E-5	5,2376403335E-5
425	3,0062464393E-5	5,2425597039E-5
426	3,0142861355E-5	5,24746807E-5
427	3,0223143821E-5	5,2523654319E-5
428	3,0303353186E-5	5,2572517879E-5
429	3,0383447886E-5	5,2621272226E-5
430	3,0463427937E-5	5,2669916848E-5
431	3,0543290983E-5	5,2718453348E-5
432	3,0623034716E-5	5,2766883481E-5
433	3,0702657551E-5	5,2815207856E-5
434	3,0782156415E-5	5,2863425174E-5
435	3,0861531184E-5	5,2911535556E-5
436	3,0940795959E-5	5,2959549921E-5
437	3,101996093E-5	5,3007475921E-5
438	3,109902928E-5	5,3055315818E-5
439	3,1178002003E-5	5,3103070343E-5
440	3,1256877588E-5	5,3150739116E-5
441	3,1335651633E-5	5,3198319429E-5
442	3,1414325123E-5	5,3245812034E-5
443	3,1492897335E-5	5,3293217875E-5
444	3,1571366671E-5	5,3340537317E-5
445	3,1649732329E-5	5,3387770539E-5
446	3,172799442E-5	5,3434917795E-5
447	3,1806154572E-5	5,3481980203E-5
448	3,1884213223E-5	5,352895805E-5
449	3,1962170442E-5	5,3575851425E-5
450	3,2040026198E-5	5,3622660363E-5
451	3,2117780487E-5	5,3669384867E-5
452	3,2195426874E-5	5,3716020779E-5
453	3,2272960384E-5	5,3762564277E-5
454	3,2350369979E-5	5,3809009519E-5
455	3,2427662257E-5	5,3855359448E-5
456	3,2504828924E-5	5,3901610062E-5
457	3,2581877195E-5	5,3947764899E-5
458	3,2658795816E-5	5,3993818151E-5
459	3,2735612605E-5	5,4039788874E-5
460	3,281232779E-5	5,4085679122E-5
461	3,2888952118E-5	5,4131494696E-5
462	3,2965483908E-5	5,4177235418E-5
463	3,3041923495E-5	5,4222901541E-5
464	3,3118271013E-5	5,4268493116E-5
465	3,3194526482E-5	5,4314010175E-5
466	3,3270689188E-5	5,4359452286E-5
467	3,3346760336E-5	5,4404820229E-5
468	3,3422739509E-5	5,4450113777E-5
469	3,3498630853E-5	5,4495457141E-5
470	3,3574322019E-5	5,4540734657E-5
471	3,3649844574E-5	5,4585913633E-5
472	3,3725236448E-5	5,4630993544E-5
473	3,380052388E-5	5,4675976415E-5
474	3,3875726073E-5	5,4720867993E-5
475	3,3950849461E-5	5,4765670124E-5
476	3,402434371E-5	5,48092042E-5
477	3,4097310428E-5	5,4852314726E-5
478	3,4170050864E-5	5,4895228256E-5
479	3,4242654262E-5	5,4938010965E-5
480	3,4315143919E-5	5,4980680309E-5
481	3,4387720719E-5	5,5023558883E-5
482	3,4459865588E-5	5,5066134191E-5
483	3,4531882262E-5	5,5108496904E-5
484	3,4604020614E-5	5,5151058431E-5
485	3,4675747749E-5	5,5193316861E-5
486	3,4747591705E-5	5,5235697068E-5
487	3,4819037706E-5	5,527775182E-5
488	3,489060653E-5	5,531992638E-5
489	3,4961788654E-5	5,5361754778E-5
490	3,5033085268E-5	5,5403710985E-5
491	3,5104004809E-5	5,5445306472E-5
492	3,5175032422E-5	5,548704344E-5
493	3,5245690648E-5	5,5528405957E-5
494	3,5316451373E-5	5,5569924836E-5
495	3,5386849136E-5	5,5611054684E-5
496	3,5457344498E-5	5,565235668E-5
497	3,5527480051E-5	5,5693252698E-5
498	3,5597711978E-5	5,5734339091E-5
499	3,5667794542E-5	5,5775364776E-5
500	3,5737512792E-5	5,5815935331E-5
501	3,5807349053E-5	5,5856702524E-5
502	3,5877043674E-5	5,5897411407E-5
503	3,5946574055E-5	5,5938009924E-5
504	3,6015950291E-5	5,5978495308E-5
505	3,6085182549E-5	5,6018871634E-5
506	3,6154277044E-5	5,6059142458E-5
507	3,6223237695E-5	5,6099310358E-5
508	3,6292066457E-5	5,6139376562E-5
509	3,6360764139E-5	5,6179341711E-5
510	3,6429330593E-5	5,62192058E-5
511	3,6497766126E-5	5,6258969015E-5
512	3,656607051E-5	5,6298631344E-5
513	3,6632723248E-5	5,6337044885E-5
514	3,6698791911E-5	5,6375026961E-5
515	3,6764578312E-5	5,641280287E-5
516	3,6830185336E-5	5,6450444071E-5
517	3,6895671584E-5	5,6487968531E-5
518	3,6961018511E-5	5,6525387964E-5
519	3,7026225675E-5	5,6562702176E-5
520	3,7091293947E-5	5,6599911866E-5
521	3,7156224252E-5	5,663701808E-5
522	3,7221016594E-5	5,6674020709E-5
523	3,7285670974E-5	5,6710919813E-5
524	3,7350187535E-5	5,6747715332E-5
525	3,7414566309E-5	5,6784407309E-5
526	3,7478807418E-5	5,6820995819E-5
527	3,7542910981E-5	5,6857481003E-5
528	3,7606877064E-5	5,6893862986E-5
529	3,7670705408E-5	5,6930141668E-5
530	3,7734396687E-5	5,6966317686E-5
531	3,7797950815E-5	5,7002391044E-5
532	3,7859854713E-5	5,7037202429E-5
533	3,7921168576E-5	5,7071593468E-5
534	3,7982215426E-5	5,7105793533E-5
535	3,8043090879E-5	5,7139868601E-5
536	3,8103821826E-5	5,7173837032E-5
537	3,8164445105E-5	5,7207703184E-5
538	3,822494547E-5	5,7241459513E-5
539	3,8285323535E-5	5,7275105186E-5
540	3,8345579718E-5	5,7308640124E-5
541	3,8405727853E-5	5,7342064486E-5
542	3,8465754476E-5	5,7375379292E-5
543	3,8526768878E-5	5,7410130055E-5
544	3,8584186118E-5	5,7451742153E-5
545	3,8639378488E-5	5,7496457751E-5
546	3,8691923417E-5	5,7545711127E-5
547	3,8742552506E-5	5,7598146127E-5
548	3,8792790609E-5	5,7651738486E-5
549	3,884257335E-5	5,770562138E-5
550	3,8892116328E-5	5,7759548264E-5
551	3,8941485264E-5	5,7813411281E-5
552	3,8990679901E-5	5,7867175207E-5
553	3,9039725514E-5	5,7920830407E-5
554	3,908864376E-5	5,7974375188E-5
555	3,9137429619E-5	5,802780744E-5
556	3,9186072775E-5	5,8081124958E-5
557	3,9234587312E-5	5,8134325707E-5
558	3,9282995725E-5	5,8187408874E-5
559	3,9331265372E-5	5,8240373919E-5
560	3,9379369331E-5	5,8293217338E-5
561	3,9428207714E-5	5,8346570456E-5
562	3,9479358552E-5	5,8388560986E-5
563	3,9529816103E-5	5,8424679864E-5
564	3,9581462977E-5	5,8460570659E-5
565	3,9633309726E-5	5,8496318982E-5
566	3,9686119483E-5	5,8530709911E-5
567	3,9740108497E-5	5,8565872354E-5
568	3,9792251636E-5	5,85979934E-5
569	3,9844892851E-5	5,8630818039E-5
570	3,9898123502E-5	5,8667685044E-5
571	3,9949559047E-5	5,8705762927E-5
572	4,0002274714E-5	5,8748161988E-5
573	4,005118113E-5	5,879449663E-5
574	4,009803907E-5	5,8843939247E-5
575	4,0144301791E-5	5,8894449736E-5
576	4,0190304455E-5	5,8945278959E-5
577	4,023612993E-5	5,8996149277E-5
578	4,028180342E-5	5,9046964196E-5
579	4,0327341562E-5	5,9097686489E-5
580	4,0372740497E-5	5,914830287E-5
581	4,0418002986E-5	5,9198808712E-5
582	4,0463129678E-5	5,9249201797E-5
583	4,0508126003E-5	5,9299489742E-5
584	4,0553608546E-5	5,9349993613E-5
585	4,0601211014E-5	5,9389701365E-5
586	4,0647940934E-5	5,942104964E-5
587	4,0695765724E-5	5,9451940826E-5
588	4,0743738167E-5	5,9482624319E-5
589	4,0792617373E-5	5,9511966645E-5
590	4,0842721356E-5	5,9542151325E-5
591	4,0891101491E-5	5,9571771652E-5
592	4,0940203662E-5	5,9603764577E-5
593	4,0987949773E-5	5,9638662581E-5
594	4,1037095641E-5	5,9675801906E-5
595	4,1085348067E-5	5,971695583E-5
596	4,1132596461E-5	5,9761183013E-5
597	4,1178300995E-5	5,9807423171E-5
598	4,122209979E-5	5,9855352698E-5
599	4,1265343156E-5	5,9903760175E-5
600	4,1308337549E-5	5,9952260867E-5
601	4,1351167114E-5	6,0000727186E-5
602	4,1393865515E-5	6,0049116524E-5
603	4,1436445427E-5	6,0097411569E-5
604	4,1478901125E-5	6,0145607456E-5
605	4,1522535748E-5	6,0194591425E-5
606	4,1568626549E-5	6,0232527492E-5
607	4,1613735164E-5	6,0262429244E-5
608	4,1659028451E-5	6,02913213E-5
609	4,1704205871E-5	6,0319845113E-5
610	4,1750206261E-5	6,034698538E-5
611	4,1797494638E-5	6,0375005008E-5
612	4,18419744E-5	6,0401305187E-5
613	4,1887514666E-5	6,0430388842E-5
614	4,1933331968E-5	6,046002836E-5
615	4,1977830265E-5	6,0492508144E-5
616	4,2024389973E-5	6,0529850954E-5
617	4,2069911378E-5	6,0569365535E-5
618	4,2115734989E-5	6,0610524465E-5
619	4,2161697942E-5	6,0652308617E-5
620	4,220763807E-5	6,0694272272E-5
621	4,2253478285E-5	6,0736241451E-5
622	4,2299214004E-5	6,077813864E-5
623	4,2344819581E-5	6,0819946655E-5
624	4,2390295576E-5	6,0861656538E-5
625	4,2436929393E-5	6,0904241498E-5
626	4,248260828E-5	6,0938344544E-5
627	4,252614982E-5	6,0964698522E-5
628	4,2569343194E-5	6,0990006654E-5
629	4,2612300673E-5	6,1014927312E-5
630	4,2657080028E-5	6,103909352E-5
631	4,2701326886E-5	6,1062522616E-5
632	4,2742170202E-5	6,108379299E-5
633	4,2785059895E-5	6,1108456241E-5
634	4,2828566184E-5	6,11338649E-5
635	4,2872126633E-5	6,1161246328E-5
636	4,2917324838E-5	6,1192706535E-5
637	4,296040053E-5	6,1229000764E-5
638	4,3003666403E-5	6,1267708325E-5
639	4,3047067673E-5	6,1307306669E-5
640	4,3090457694E-5	6,1347187648E-5
641	4,3133759114E-5	6,1387116451E-5
642	4,3176962259E-5	6,1426994905E-5
643	4,3220046487E-5	6,1466791787E-5
644	4,3264415438E-5	6,1507537893E-5
645	4,3307832532E-5	6,153785263E-5
646	4,3349529221E-5	6,1560536846E-5
647	4,3391909958E-5	6,1582779023E-5
648	4,3435129132E-5	6,1605298367E-5
649	4,3480268437E-5	6,1628968273E-5
650	4,3524005166E-5	6,1651699826E-5
651	4,3566133319E-5	6,1673840518E-5
652	4,3610119915E-5	6,1697400302E-5
653	4,3654156563E-5	6,1721162754E-5
654	4,3698614718E-5	6,1745415954E-5
655	4,3744349038E-5	6,1773132784E-5
656	4,378911604E-5	6,1804512153E-5
657	4,3832048292E-5	6,1839812934E-5
658	4,3874802752E-5	6,1876258885E-5
659	4,391747196E-5	6,1913058681E-5
660	4,3960033757E-5	6,1949934036E-5
661	4,4002483982E-5	6,1986776843E-5
662	4,4044823576E-5	6,2023543564E-5
663	4,4087027541E-5	6,2060228057E-5
664	4,4129054439E-5	6,209679372E-5
665	4,4169736276E-5	6,2121441252E-5
666	4,420918905E-5	6,2142229234E-5
667	4,4249858307E-5	6,2163149749E-5
668	4,4290860001E-5	6,2184017909E-5
669	4,4333518678E-5	6,2205926148E-5
670	4,4375375753E-5	6,222727176E-5
671	4,4415773024E-5	6,2248056737E-5
672	4,4457977071E-5	6,2270240652E-5
673	4,4500732903E-5	6,2293133017E-5
674	4,4543429028E-5	6,2316031883E-5
675	4,4588103961E-5	6,2343029239E-5
676	4,4632592703E-5	6,237255141E-5
677	4,4674941002E-5	6,2405266286E-5
678	4,4716869518E-5	6,24388947E-5
679	4,4758614234E-5	6,2472789467E-5
680	4,4800217641E-5	6,2506727323E-5
681	4,4841697947E-5	6,2540623202E-5
682	4,4883064281E-5	6,2574442641E-5
683	4,4924302735E-5	6,260818128E-5
684	4,4964284957E-5	6,2641060553E-5
685	4,5002911569E-5	6,2664068996E-5
686	4,5042127615E-5	6,2684534236E-5
687	4,5081420465E-5	6,2704351044E-5
688	4,5120669962E-5	6,2723931125E-5
689	4,5161519216E-5	6,2744488853E-5
690	4,5200084287E-5	6,2763488933E-5
691	4,5239105709E-5	6,2783221867E-5
692	4,5281653415E-5	6,2805550216E-5
693	4,5323910848E-5	6,2827930358E-5
694	4,536616528E-5	6,2850583706E-5
695	4,5410499424E-5	6,2875438019E-5
696	4,5454418725E-5	6,2902252425E-5
697	4,5497447965E-5	6,2931102805E-5
698	4,5540363726E-5	6,2960543343E-5
699	4,5583196513E-5	6,2990139319E-5
700	4,562593176E-5	6,301973882E-5
701	4,566856012E-5	6,3049284826E-5
702	4,5711077985E-5	6,3078755814E-5
703	4,5753483244E-5	6,3108143688E-5
704	4,5794776605E-5	6,3136838365E-5
705	4,5833184337E-5	6,3156817216E-5
706	4,587133702E-5	6,3175842584E-5
707	4,5909435509E-5	6,3194589572E-5
708	4,5947492789E-5	6,3213225316E-5
709	4,5985884825E-5	6,3232002993E-5
710	4,6021685611E-5	6,3249235623E-5
711	4,6059125287E-5	6,3267778985E-5
712	4,6100073563E-5	6,3288933764E-5
713	4,6140667463E-5	6,3310066815E-5
714	4,6181193148E-5	6,3331420833E-5
715	4,6223702687E-5	6,3354877234E-5
716	4,626552911E-5	6,3380090938E-5
717	4,630637895E-5	6,3407276751E-5
718	4,6347080773E-5	6,3435031103E-5
719	4,6387689434E-5	6,3462935474E-5
720	4,6428193788E-5	6,3490843045E-5
721	4,6468597802E-5	6,3518698233E-5
722	4,6508893835E-5	6,3546481742E-5
723	4,654908076E-5	6,3574185464E-5
724	4,6587919793E-5	6,3601140233E-5
725	4,6624790359E-5	6,361987084E-5
726	4,6660949413E-5	6,3637477698E-5
727	4,6697043232E-5	6,3654817513E-5
728	4,6733110083E-5	6,3672071888E-5
729	4,6769428695E-5	6,3689447427E-5
730	4,6803730179E-5	6,3705756758E-5
731	4,6838899764E-5	6,3722619577E-5
732	4,6875803699E-5	6,374080289E-5
733	4,6915195942E-5	6,3760908031E-5
734	4,6954211674E-5	6,3780854589E-5
735	4,6993771586E-5	6,3801952148E-5
736	4,703340083E-5	6,3825070228E-5
737	4,7073414366E-5	6,3849516576E-5
738	4,7112440506E-5	6,3875452257E-5
739	4,7151087169E-5	6,3901681908E-5
740	4,7189531478E-5	6,3927943066E-5
741	4,7227835787E-5	6,3954163324E-5
742	4,7266016684E-5	6,3980315486E-5
743	4,7303268164E-5	6,4005852399E-5
744	4,7338623766E-5	6,402355085E-5
745	4,7373377578E-5	6,4040216199E-5
746	4,7408110478E-5	6,4056670564E-5
747	4,7442849438E-5	6,4073061223E-5
748	4,7477828664E-5	6,4089543862E-5
749	4,7510730371E-5	6,4105079446E-5
750	4,7547136343E-5	6,4122928685E-5
751	4,758576581E-5	6,4142420452E-5
752	4,762359925E-5	6,4161475657E-5
753	4,766155138E-5	6,4181039407E-5
754	4,7700922215E-5	6,4202141906E-5
755	4,7739510313E-5	6,4225091444E-5
756	4,7777922068E-5	6,4248569776E-5
757	4,7816211115E-5	6,4272184877E-5
758	4,7854390169E-5	6,4295801736E-5
759	4,7892464012E-5	6,4319370413E-5
760	4,7930434116E-5	6,4342872406E-5
761	4,7968301379E-5	6,4366300849E-5
762	4,8006065516E-5	6,4389653096E-5
763	4,8042979569E-5	6,441244364E-5
764	4,8077656433E-5	6,4429234626E-5
765	4,8111177027E-5	6,444503299E-5
766	4,8144472531E-5	6,446060475E-5
767	4,817771487E-5	6,4476092385E-5
768	4,8211100316E-5	6,4491633722E-5
769	4,8242463352E-5	6,4506327929E-5
770	4,8277430278E-5	6,4523156417E-5
771	4,8314631928E-5	6,4541616536E-5
772	4,8350993609E-5	6,4559604963E-5
773	4,838756016E-5	6,4578487437E-5
774	4,8424149227E-5	6,4599351844E-5
775	4,8460711651E-5	6,4621223517E-5
776	4,8497107754E-5	6,4643349496E-5
777	4,8533372119E-5	6,4665516526E-5
778	4,8569525713E-5	6,468765221E-5
779	4,8605575712E-5	6,4709729853E-5
780	4,8641525381E-5	6,4731739359E-5
781	4,8677380415E-5	6,4753680376E-5
782	4,8713142504E-5	6,4775552946E-5
783	4,874858652E-5	6,4797080641E-5
784	4,8781880627E-5	6,4813064966E-5
785	4,8813879014E-5	6,4828005863E-5
786	4,8846546476E-5	6,484324124E-5
787	4,8879422965E-5	6,4858560671E-5
788	4,8912523694E-5	6,4873979586E-5
789	4,8946386223E-5	6,4889949524E-5
790	4,8982382897E-5	6,49074713E-5
791	4,9018347227E-5	6,4923629364E-5
792	4,9054245726E-5	6,4940807092E-5
793	4,9090845836E-5	6,4959539827E-5
794	4,9127329082E-5	6,4979011915E-5
795	4,9163676097E-5	6,4998665285E-5
796	4,9199892929E-5	6,5018325689E-5
797	4,9236027173E-5	6,503794119E-5
798	4,92720617E-5	6,5057499384E-5
799	4,9308003038E-5	6,5076994741E-5
800	4,9343646921E-5	6,5096165545E-5
801	4,9376627983E-5	6,5111444138E-5
802	4,940857581E-5	6,5126254358E-5
803	4,9440178483E-5	6,5139326269E-5
804	4,9471555619E-5	6,5151682665E-5
805	4,9502935855E-5	6,5163841853E-5
806	4,9535201769E-5	6,5176483938E-5
807	4,956953364E-5	6,5190462374E-5
808	4,9604146423E-5	6,5204798103E-5
809	4,963885749E-5	6,5219571071E-5
810	4,9673753547E-5	6,5234949725E-5
811	4,9708600208E-5	6,5252300501E-5
812	4,9743363351E-5	6,5270465699E-5
813	4,9778083529E-5	6,5288900306E-5
814	4,9812720027E-5	6,5307395423E-5
815	4,9847277528E-5	6,5325871103E-5
816	4,9881777888E-5	6,5344300585E-5
817	4,9916051209E-5	6,5362430356E-5
818	4,9947835751E-5	6,5377055199E-5
819	4,9978415152E-5	6,5389570111E-5
820	5,000868954E-5	6,5401324822E-5
821	5,0038798379E-5	6,5412810905E-5
822	5,0068907575E-5	6,5424245607E-5
823	5,0101675115E-5	6,5437167189E-5
824	5,0136183248E-5	6,545132015E-5
825	5,0169993785E-5	6,5465084756E-5
826	5,0203567491E-5	6,5479245215E-5
827	5,0237169876E-5	6,5493746912E-5
828	5,0271728277E-5	6,5509493865E-5
829	5,0305697137E-5	6,5526435446E-5
830	5,0339313143E-5	6,5543822768E-5
831	5,0372778533E-5	6,5561342621E-5
832	5,0406125814E-5	6,5578877689E-5
833	5,0439389179E-5	6,5596385894E-5
834	5,04725718E-5	6,5613850995E-5
835	5,0504971596E-5	6,5630940821E-5
836	5,0535555297E-5	6,5644746662E-5
837	5,0564686579E-5	6,5656533049E-5
838	5,0592896392E-5	6,5667274358E-5
839	5,062079466E-5	6,5677676865E-5
840	5,0648194458E-5	6,5687816572E-5
841	5,0675069537E-5	6,5697757949E-5
842	5,0706145468E-5	6,570988366E-5
843	5,0738915814E-5	6,5722901199E-5
844	5,0770868479E-5	6,573546497E-5
845	5,0803000387E-5	6,5748665038E-5
846	5,0835314764E-5	6,576226007E-5
847	5,0867589704E-5	6,5777792038E-5
848	5,0899852559E-5	6,5794123063E-5
849	5,0932034089E-5	6,5810718702E-5
850	5,0964138476E-5	6,5827375022E-5
851	5,0996137196E-5	6,5844023122E-5
852	5,1028099256E-5	6,5860631074E-5
853	5,1059994919E-5	6,5877201872E-5
854	5,1091817928E-5	6,5893727212E-5
855	5,1122842251E-5	6,5909873334E-5
856	5,1152039483E-5	6,5922938385E-5
857	5,1179377528E-5	6,5933797625E-5
858	5,1206187677E-5	6,5943847697E-5
859	5,1232794637E-5	6,5953613245E-5
860	5,1259358293E-5	6,5963157685E-5
861	5,1285890139E-5	6,5972898582E-5
862	5,1314656111E-5	6,5983585902E-5
863	5,1345585413E-5	6,5995473471E-5
864	5,1376254088E-5	6,6007256868E-5
865	5,1408374639E-5	6,6020592368E-5
866	5,1439696981E-5	6,6033580914E-5
867	5,1470041738E-5	6,6047932248E-5
868	5,149823272E-5	6,6058641642E-5
869	5,1524790913E-5	6,6068392082E-5
870	5,1551174208E-5	6,6077850828E-5
871	5,1577222333E-5	6,6087212862E-5
872	5,1603019856E-5	6,6096347941E-5
873	5,1628754023E-5	6,610581906E-5
874	5,1656825355E-5	6,6116133662E-5
875	5,1687083105E-5	6,6127631375E-5
876	5,1717092681E-5	6,6139017523E-5
877	5,1748494599E-5	6,6151910303E-5
878	5,1779108409E-5	6,6164452818E-5
879	5,1806569593E-5	6,6174307215E-5
880	5,1832927711E-5	6,6183550614E-5
881	5,1858656728E-5	6,6192676682E-5
882	5,1884079694E-5	6,6201648985E-5
883	5,1909411671E-5	6,621084067E-5
884	5,1938704379E-5	6,6221777936E-5
885	5,1968785548E-5	6,6233112773E-5
886	5,1998391041E-5	6,6244231447E-5
887	5,202933556E-5	6,6256802426E-5
888	5,2058629087E-5	6,6268776577E-5
889	5,2085425327E-5	6,6278224264E-5
890	5,2111349659E-5	6,6287205582E-5
891	5,2136772289E-5	6,629609014E-5
892	5,2161819289E-5	6,6304837526E-5
893	5,2186229717E-5	6,6313539025E-5
894	5,2213242365E-5	6,6323543784E-5
895	5,22417079E-5	6,6333918725E-5
896	5,2270592452E-5	6,634463624E-5
897	5,2299198192E-5	6,6355352988E-5
898	5,2328734638E-5	6,6367124377E-5
899	5,2361241902E-5	6,6381671504E-5
900	5,2391609952E-5	6,6395990753E-5
901	5,2420907808E-5	6,6410354426E-5
902	5,2449853842E-5	6,6424802785E-5
903	5,2478646919E-5	6,6439254279E-5
904	5,250734891E-5	6,6453685487E-5
905	5,2535980002E-5	6,6468084263E-5
906	5,2564548165E-5	6,6482446754E-5
907	5,2593056615E-5	6,6496771476E-5
908	5,2621506582E-5	6,6511057853E-5
909	5,2649898493E-5	6,6525305751E-5
910	5,267823228E-5	6,653951532E-5
911	5,2706508242E-5	6,6553686301E-5
912	5,2734725438E-5	6,6567818906E-5
913	5,276412369E-5	6,6583309676E-5
914	5,279015497E-5	6,6593323439E-5
915	5,2815309114E-5	6,6602075206E-5
916	5,2839735967E-5	6,6610506061E-5
917	5,2863909646E-5	6,6618721935E-5
918	5,288782643E-5	6,662709006E-5
919	5,2913695243E-5	6,6636131909E-5
920	5,2940194141E-5	6,6645328092E-5
921	5,2969738171E-5	6,6657009712E-5
922	5,3000811845E-5	6,6673667866E-5
923	5,3033399761E-5	6,6689398768E-5
924	5,3065643986E-5	6,670578775E-5
925	5,3097124206E-5	6,672303907E-5
926	5,3126126873E-5	6,6737233279E-5
927	5,3153910507E-5	6,6750900132E-5
928	5,318089521E-5	6,6767286577E-5
929	5,320845455E-5	6,6782902577E-5
930	5,3238212408E-5	6,6802951728E-5
931	5,3266737357E-5	6,681748725E-5
932	5,3294166004E-5	6,683112693E-5
933	5,3323267037E-5	6,685181706E-5
934	5,3352393436E-5	6,6875551927E-5
935	5,3383605338E-5	6,6895483844E-5
936	5,3413929612E-5	6,6916332803E-5
937	5,3443658721E-5	6,693855679E-5
938	5,3472216047E-5	6,6953366425E-5
939	5,3499403697E-5	6,6966905563E-5
940	5,3525909002E-5	6,6982921992E-5
941	5,3552779284E-5	6,69965939E-5
942	5,3579456194E-5	6,700982673E-5
943	5,3606057254E-5	6,702291435E-5
944	5,3633790264E-5	6,7045594984E-5
945	5,3661534512E-5	6,7060116022E-5
946	5,368822423E-5	6,7073399245E-5
947	5,3714712425E-5	6,708641957E-5
948	5,3741093226E-5	6,7099328436E-5
949	5,3767458273E-5	6,7112179867E-5
950	5,3795104814E-5	6,7134548286E-5
951	5,3821522173E-5	6,7153128568E-5
952	5,3849420594E-5	6,7177205513E-5
953	5,3875934118E-5	6,7196269589E-5
954	5,3904252774E-5	6,7218993744E-5
955	5,3931028493E-5	6,7234931703E-5
956	5,3957245253E-5	6,7248324947E-5
957	5,3985113605E-5	6,7269255283E-5
958	5,4011501881E-5	6,7284592495E-5
959	5,4037585056E-5	6,7297738409E-5
960	5,4063197755E-5	6,7313009435E-5
961	5,4089134991E-5	6,7326096988E-5
962	5,4114787385E-5	6,7344447236E-5
963	5,4142414443E-5	6,7367940868E-5
964	5,4171054779E-5	6,7391093204E-5
965	5,4199851017E-5	6,7414138441E-5
966	5,4228678206E-5	6,7437109252E-5
967	5,4257507927E-5	6,7460014101E-5
968	5,4286326299E-5	6,7482855458E-5
969	5,4315130708E-5	6,7505630395E-5
970	5,4343918836E-5	6,752833887E-5
971	5,4372691083E-5	6,7550980617E-5
972	5,4401446442E-5	6,7573555614E-5
973	5,4430184862E-5	6,7596063896E-5
974	5,4458412502E-5	6,7619910325E-5
975	5,4486697328E-5	6,7644009976E-5
976	5,4514987772E-5	6,7668127079E-5
977	5,4543274203E-5	6,769220293E-5
978	5,4571560434E-5	6,7716224188E-5
979	5,4599816751E-5	6,7740191665E-5
980	5,4628068986E-5	6,7764097213E-5
981	5,4656288581E-5	6,7787947713E-5
982	5,4684503887E-5	6,7811735872E-5
983	5,4712698922E-5	6,7835469301E-5
984	5,4739328296E-5	6,784924721E-5
985	5,4764527627E-5	6,7861417078E-5
986	5,4791528505E-5	6,7882154985E-5
987	5,4816937587E-5	6,7899341553E-5
988	5,4841531638E-5	6,7913523066E-5
989	5,486622147E-5	6,7925767855E-5
990	5,48930652E-5	6,7946390373E-5
991	5,4918807403E-5	6,7959344414E-5
992	5,4943516236E-5	6,7971143847E-5
993	5,4968010824E-5	6,7982699298E-5
994	5,4992394788E-5	6,7994147747E-5
995	5,5016856296E-5	6,8007868341E-5
996	5,5043649345E-5	6,8028662703E-5
997	5,5070065454E-5	6,8048207675E-5
998	5,509751254E-5	6,8070475571E-5
999	5,5125147E-5	6,809325572E-5
1000	5,5152956523E-5	6,8116051684E-5
