0 7 8 iAF1260.cmd 1E-6
0 7 8 iJN1463.cmd 1E-8
0 9 9 iAF1260.cmd 1E-6
0 9 9 iJN1463.cmd 1E-8
0 12 7 iAF1260.cmd 1E-6
0 12 7 iJN1463.cmd 1E-8
0 5 6 iAF1260.cmd 1E-6
0 5 6 iJN1463.cmd 1E-8
0 2 3 iAF1260.cmd 1E-6
0 2 3 iJN1463.cmd 1E-8
0 8 11 iAF1260.cmd 1E-6
0 8 11 iJN1463.cmd 1E-8
0 4 4 iAF1260.cmd 1E-6
0 4 4 iJN1463.cmd 1E-8
0 7 4 iAF1260.cmd 1E-6
0 7 4 iJN1463.cmd 1E-8
0 14 6 iAF1260.cmd 1E-6
0 14 6 iJN1463.cmd 1E-8
0 12 12 iAF1260.cmd 1E-6
0 12 12 iJN1463.cmd 1E-8
0 11 4 iAF1260.cmd 1E-6
0 11 4 iJN1463.cmd 1E-8
0 7 12 iAF1260.cmd 1E-6
0 7 12 iJN1463.cmd 1E-8
0 4 12 iAF1260.cmd 1E-6
0 4 12 iJN1463.cmd 1E-8
0 13 14 iAF1260.cmd 1E-6
0 13 14 iJN1463.cmd 1E-8
0 13 10 iAF1260.cmd 1E-6
0 13 10 iJN1463.cmd 1E-8
500 7 8 iAF1260.cmd 3,9510909297E-7
500 7 8 iJN1463.cmd 1,7799106599E-7
500 9 9 iAF1260.cmd 3,218672493E-7
500 9 9 iJN1463.cmd 1,1904779709E-7
500 12 7 iAF1260.cmd 3,5837014612E-7
500 12 7 iJN1463.cmd 9,0221476948E-8
500 5 6 iAF1260.cmd 1,2574681611E-6
500 5 6 iJN1463.cmd 6,940978421E-7
500 2 3 iAF1260.cmd 1,0240547051E-6
500 2 3 iJN1463.cmd 6,720500612E-7
500 8 11 iAF1260.cmd 4,8523316681E-7
500 8 11 iJN1463.cmd 2,1101760384E-7
500 4 4 iAF1260.cmd 1,2955919703E-6
500 4 4 iJN1463.cmd 7,3855445649E-7
500 7 4 iAF1260.cmd 3,1001476453E-7
500 7 4 iJN1463.cmd 1,2785656814E-7
500 14 6 iAF1260.cmd 2,6693459765E-7
500 14 6 iJN1463.cmd 6,8152220295E-8
500 12 12 iAF1260.cmd 2,7246568848E-7
500 12 12 iJN1463.cmd 6,9127878471E-8
500 11 4 iAF1260.cmd 1,6332377749E-7
500 11 4 iJN1463.cmd 4,7186073801E-8
500 7 12 iAF1260.cmd 4,7043493783E-7
500 7 12 iJN1463.cmd 2,3423284755E-7
500 4 12 iAF1260.cmd 9,7617029253E-7
500 4 12 iJN1463.cmd 6,4316688245E-7
500 13 14 iAF1260.cmd 2,3159228586E-7
500 13 14 iJN1463.cmd 2,7409699132E-8
500 13 10 iAF1260.cmd 2,5109069719E-7
500 13 10 iJN1463.cmd 6,2304461367E-8
500 1 3 iAF1260.cmd 8,2137176408E-7
500 1 3 iJN1463.cmd 5,6335860221E-7
500 2 2 iAF1260.cmd 8,5757390955E-7
500 2 2 iJN1463.cmd 5,9431794731E-7
500 2 4 iAF1260.cmd 1,1230640186E-6
500 2 4 iJN1463.cmd 7,191887168E-7
500 3 3 iAF1260.cmd 1,0491007042E-6
500 3 3 iJN1463.cmd 6,6757214809E-7
500 3 4 iAF1260.cmd 1,1778865399E-6
500 3 4 iJN1463.cmd 7,1826860774E-7
500 3 12 iAF1260.cmd 9,6520542662E-7
500 3 12 iJN1463.cmd 6,749552992E-7
500 4 5 iAF1260.cmd 1,2097538571E-6
500 4 5 iJN1463.cmd 7,0160456587E-7
500 4 6 iAF1260.cmd 1,0847315899E-6
500 4 6 iJN1463.cmd 6,5288201854E-7
500 4 11 iAF1260.cmd 9,2484715061E-7
500 4 11 iJN1463.cmd 6,0398634845E-7
500 4 13 iAF1260.cmd 7,2835053271E-7
500 4 13 iJN1463.cmd 4,8760419804E-7
500 5 5 iAF1260.cmd 1,2742661324E-6
500 5 5 iJN1463.cmd 7,0294335821E-7
500 6 4 iAF1260.cmd 3,3731837054E-7
500 6 4 iJN1463.cmd 1,4943948481E-7
500 6 8 iAF1260.cmd 4,2205334217E-7
500 6 8 iJN1463.cmd 2,2354032932E-7
500 6 12 iAF1260.cmd 4,9556221625E-7
500 6 12 iJN1463.cmd 2,6895247974E-7
500 7 3 iAF1260.cmd 2,6534915648E-7
500 7 3 iJN1463.cmd 1,260689736E-7
500 7 5 iAF1260.cmd 3,1350467689E-7
500 7 5 iJN1463.cmd 1,218229015E-7
500 7 7 iAF1260.cmd 3,4727352126E-7
500 7 7 iJN1463.cmd 1,5386024468E-7
500 7 9 iAF1260.cmd 4,1223943187E-7
500 7 9 iJN1463.cmd 1,8656968718E-7
500 7 11 iAF1260.cmd 4,97976798E-7
500 7 11 iJN1463.cmd 2,3804330181E-7
500 7 13 iAF1260.cmd 3,7539054848E-7
500 7 13 iJN1463.cmd 2,0128324447E-7
500 8 4 iAF1260.cmd 2,4623073323E-7
500 8 4 iJN1463.cmd 9,6998487815E-8
500 8 8 iAF1260.cmd 3,669678929E-7
500 8 8 iJN1463.cmd 1,4691075084E-7
500 8 9 iAF1260.cmd 3,9064848713E-7
500 8 9 iJN1463.cmd 1,577766424E-7
500 8 10 iAF1260.cmd 4,2549841149E-7
500 8 10 iJN1463.cmd 1,768974369E-7
500 8 12 iAF1260.cmd 4,0952483446E-7
500 8 12 iJN1463.cmd 1,9099490216E-7
500 9 8 iAF1260.cmd 2,7627181219E-7
500 9 8 iJN1463.cmd 1,0114849621E-7
500 9 10 iAF1260.cmd 3,3275040911E-7
500 9 10 iJN1463.cmd 1,2568393757E-7
500 10 4 iAF1260.cmd 1,6324787188E-7
500 10 4 iJN1463.cmd 5,1514341032E-8
500 10 9 iAF1260.cmd 2,6169584519E-7
500 10 9 iJN1463.cmd 9,1907679715E-8
500 11 3 iAF1260.cmd 1,3165324622E-7
500 11 3 iJN1463.cmd 3,8904696467E-8
500 11 5 iAF1260.cmd 1,6465662472E-7
500 11 5 iJN1463.cmd 4,6393035647E-8
500 11 7 iAF1260.cmd 2,6141525999E-7
500 11 7 iJN1463.cmd 6,8551271615E-8
500 11 12 iAF1260.cmd 2,3113166836E-7
500 11 12 iJN1463.cmd 7,4748727247E-8
500 12 4 iAF1260.cmd 1,4363982612E-7
500 12 4 iJN1463.cmd 3,9643968272E-8
500 12 10 iAF1260.cmd 2,4271960138E-7
500 12 10 iJN1463.cmd 6,522185838E-8
500 12 13 iAF1260.cmd 2,607529456E-7
500 12 13 iJN1463.cmd 5,3793653882E-8
500 12 14 iAF1260.cmd 2,0593080393E-7
500 12 14 iJN1463.cmd 2,8814047941E-8
500 13 6 iAF1260.cmd 2,708590145E-7
500 13 6 iJN1463.cmd 6,9258819446E-8
500 13 7 iAF1260.cmd 3,2139938438E-7
500 13 7 iJN1463.cmd 8,1171485841E-8
500 13 9 iAF1260.cmd 2,4134336278E-7
500 13 9 iJN1463.cmd 5,8538330591E-8
500 13 12 iAF1260.cmd 2,4594515057E-7
500 13 12 iJN1463.cmd 5,6221857118E-8
500 13 13 iAF1260.cmd 2,434381919E-7
500 13 13 iJN1463.cmd 4,4843862504E-8
500 14 5 iAF1260.cmd 1,9810089921E-7
500 14 5 iJN1463.cmd 5,1025234336E-8
500 14 7 iAF1260.cmd 2,7064422882E-7
500 14 7 iJN1463.cmd 6,8271318488E-8
500 14 10 iAF1260.cmd 2,0813583976E-7
500 14 10 iJN1463.cmd 5,0707963102E-8
500 14 14 iAF1260.cmd 2,1383802782E-7
500 14 14 iJN1463.cmd 2,2105842951E-8
500 6 11 iAF1260.cmd 5,1883140607E-7
500 6 11 iJN1463.cmd 2,8367204407E-7
500 7 10 iAF1260.cmd 4,4618841336E-7
500 7 10 iJN1463.cmd 2,0853261542E-7
500 8 13 iAF1260.cmd 3,0722798104E-7
500 8 13 iJN1463.cmd 1,5569056165E-7
500 1 2 iAF1260.cmd 7,3180553133E-7
500 1 2 iJN1463.cmd 5,2236921499E-7
500 3 2 iAF1260.cmd 7,8074685302E-7
500 3 2 iJN1463.cmd 5,3296117038E-7
500 3 5 iAF1260.cmd 1,1044383487E-6
500 3 5 iJN1463.cmd 6,9145796014E-7
500 3 11 iAF1260.cmd 9,8389582924E-7
500 3 11 iJN1463.cmd 6,8807106834E-7
500 3 13 iAF1260.cmd 7,6377629252E-7
500 3 13 iJN1463.cmd 5,4141837744E-7
500 6 3 iAF1260.cmd 2,903787434E-7
500 6 3 iJN1463.cmd 1,5517067113E-7
500 6 7 iAF1260.cmd 3,7407005373E-7
500 6 7 iJN1463.cmd 1,8175359303E-7
500 6 9 iAF1260.cmd 4,1213580606E-7
500 6 9 iJN1463.cmd 2,0941851858E-7
500 6 13 iAF1260.cmd 4,3452618188E-7
500 6 13 iJN1463.cmd 2,5694347347E-7
500 7 6 iAF1260.cmd 2,6833800404E-7
500 7 6 iJN1463.cmd 1,0881058551E-7
500 8 3 iAF1260.cmd 2,1166721642E-7
500 8 3 iJN1463.cmd 9,2185278288E-8
500 9 4 iAF1260.cmd 1,7466618001E-7
500 9 4 iJN1463.cmd 6,3019705856E-8
500 9 12 iAF1260.cmd 2,8697280713E-7
500 9 12 iJN1463.cmd 1,3390090619E-7
500 10 3 iAF1260.cmd 1,532260082E-7
500 10 3 iJN1463.cmd 5,0363048592E-8
500 10 5 iAF1260.cmd 1,4403397537E-7
500 10 5 iJN1463.cmd 4,4040414627E-8
500 10 8 iAF1260.cmd 2,396627143E-7
500 10 8 iJN1463.cmd 8,0888097664E-8
500 10 10 iAF1260.cmd 2,3820121197E-7
500 10 10 iJN1463.cmd 8,5085938697E-8
500 11 6 iAF1260.cmd 1,795716926E-7
500 11 6 iJN1463.cmd 4,9218073217E-8
500 12 3 iAF1260.cmd 1,0418657379E-7
500 12 3 iJN1463.cmd 2,9127176106E-8
500 12 5 iAF1260.cmd 1,6376937236E-7
500 12 5 iJN1463.cmd 4,4453412922E-8
500 13 5 iAF1260.cmd 1,8821071995E-7
500 13 5 iJN1463.cmd 4,9086280232E-8
500 14 9 iAF1260.cmd 2,0617044865E-7
500 14 9 iJN1463.cmd 5,0041252694E-8
500 14 13 iAF1260.cmd 2,0654107037E-7
500 14 13 iJN1463.cmd 3,5163885072E-8
500 0 3 iAF1260.cmd 3,9573483813E-7
500 0 3 iJN1463.cmd 2,3920670787E-7
500 2 1 iAF1260.cmd 7,0480545939E-7
500 2 1 iJN1463.cmd 5,2133796314E-7
500 2 5 iAF1260.cmd 1,0082395807E-6
500 2 5 iJN1463.cmd 6,8137739493E-7
500 2 12 iAF1260.cmd 8,6804326763E-7
500 2 12 iJN1463.cmd 6,5698370351E-7
500 3 6 iAF1260.cmd 9,8777210317E-7
500 3 6 iJN1463.cmd 6,3962418958E-7
500 4 7 iAF1260.cmd 8,3406757302E-7
500 4 7 iJN1463.cmd 5,6108465166E-7
500 4 14 iAF1260.cmd 3,9392229947E-7
500 4 14 iJN1463.cmd 2,3232226282E-7
500 5 8 iAF1260.cmd 5,1809074437E-7
500 5 8 iJN1463.cmd 3,3533807352E-7
500 5 11 iAF1260.cmd 6,3895295927E-7
500 5 11 iJN1463.cmd 3,9236264468E-7
500 5 13 iAF1260.cmd 5,3705855466E-7
500 5 13 iJN1463.cmd 3,5044052976E-7
500 7 2 iAF1260.cmd 2,1761234457E-7
500 7 2 iJN1463.cmd 1,2337481911E-7
500 7 14 iAF1260.cmd 2,2347972424E-7
500 7 14 iJN1463.cmd 1,0718109446E-7
500 9 7 iAF1260.cmd 1,7948959448E-7
500 9 7 iJN1463.cmd 6,4773524749E-8
500 10 12 iAF1260.cmd 2,2255787094E-7
500 10 12 iJN1463.cmd 8,9190651378E-8
500 11 2 iAF1260.cmd 7,7811348454E-8
500 11 2 iJN1463.cmd 2,2732012826E-8
500 11 8 iAF1260.cmd 2,2202934794E-7
500 11 8 iJN1463.cmd 6,4860236239E-8
500 11 10 iAF1260.cmd 2,0866729621E-7
500 11 10 iJN1463.cmd 6,6635029897E-8
500 11 11 iAF1260.cmd 1,9204828628E-7
500 11 11 iJN1463.cmd 6,5458041776E-8
500 11 14 iAF1260.cmd 1,1476748093E-7
500 11 14 iJN1463.cmd 1,4660734905E-8
500 13 4 iAF1260.cmd 1,2742945206E-7
500 13 4 iJN1463.cmd 3,3699729563E-8
500 14 4 iAF1260.cmd 1,2171711892E-7
500 14 4 iJN1463.cmd 3,1390940237E-8
500 14 8 iAF1260.cmd 2,0640608005E-7
500 14 8 iJN1463.cmd 5,0912030914E-8
500 14 11 iAF1260.cmd 1,7157935039E-7
500 14 11 iJN1463.cmd 4,1570227014E-8
500 14 12 iAF1260.cmd 1,9256111063E-7
500 14 12 iJN1463.cmd 4,2758399334E-8
500 6 10 iAF1260.cmd 4,4893337321E-7
500 6 10 iJN1463.cmd 2,414087422E-7
500 9 3 iAF1260.cmd 1,5880561846E-7
500 9 3 iJN1463.cmd 6,2497849244E-8
500 9 13 iAF1260.cmd 2,3373756441E-7
500 9 13 iJN1463.cmd 1,1861843184E-7
500 8 14 iAF1260.cmd 1,7792165164E-7
500 8 14 iJN1463.cmd 8,0982721682E-8
500 9 5 iAF1260.cmd 1,3571157716E-7
500 9 5 iJN1463.cmd 4,6201637386E-8
500 10 6 iAF1260.cmd 1,34725912E-7
500 10 6 iJN1463.cmd 4,1113499472E-8
500 10 11 iAF1260.cmd 1,9302301508E-7
500 10 11 iJN1463.cmd 7,232272061E-8
500 0 2 iAF1260.cmd 3,9208508467E-7
500 0 2 iJN1463.cmd 2,4520766954E-7
500 1 1 iAF1260.cmd 6,1770465342E-7
500 1 1 iJN1463.cmd 4,6708945874E-7
500 2 11 iAF1260.cmd 8,7275594843E-7
500 2 11 iJN1463.cmd 6,6958704845E-7
500 2 13 iAF1260.cmd 7,0329503303E-7
500 2 13 iJN1463.cmd 5,3600108795E-7
500 3 1 iAF1260.cmd 6,2322032249E-7
500 3 1 iJN1463.cmd 4,5599624621E-7
500 3 14 iAF1260.cmd 3,9886111989E-7
500 3 14 iJN1463.cmd 2,4926774075E-7
500 6 2 iAF1260.cmd 2,5914475413E-7
500 6 2 iJN1463.cmd 1,6361164569E-7
500 8 2 iAF1260.cmd 1,722934757E-7
500 8 2 iJN1463.cmd 8,579899621E-8
500 12 2 iAF1260.cmd 6,031893761E-8
500 12 2 iJN1463.cmd 1,6825728165E-8
500 13 3 iAF1260.cmd 7,7543914965E-8
500 13 3 iJN1463.cmd 2,0572067075E-8
500 6 14 iAF1260.cmd 2,6008721118E-7
500 6 14 iJN1463.cmd 1,360265433E-7
500 3 7 iAF1260.cmd 7,9696409962E-7
500 3 7 iJN1463.cmd 5,7377602906E-7
500 4 2 iAF1260.cmd 5,1239887017E-7
500 4 2 iJN1463.cmd 3,6346669667E-7
500 4 8 iAF1260.cmd 6,3748641036E-7
500 4 8 iJN1463.cmd 4,5349138311E-7
500 5 3 iAF1260.cmd 2,8988106048E-7
500 5 3 iJN1463.cmd 1,8286284371E-7
500 5 14 iAF1260.cmd 3,170634795E-7
500 5 14 iJN1463.cmd 1,7961710994E-7
500 8 6 iAF1260.cmd 1,6434295004E-7
500 8 6 iJN1463.cmd 6,4461650056E-8
500 5 10 iAF1260.cmd 4,8835761498E-7
500 5 10 iJN1463.cmd 2,9395595567E-7
500 1 5 iAF1260.cmd 6,9835575399E-7
500 1 5 iJN1463.cmd 5,3776555252E-7
500 9 6 iAF1260.cmd 1,3587587287E-7
500 9 6 iJN1463.cmd 4,8156218268E-8
500 1 12 iAF1260.cmd 6,7451880945E-7
500 1 12 iJN1463.cmd 5,4084816479E-7
500 2 0 iAF1260.cmd 6,1497590184E-7
500 2 0 iJN1463.cmd 4,7584243623E-7
500 7 1 iAF1260.cmd 1,8706983971E-7
500 7 1 iJN1463.cmd 1,2504637914E-7
500 14 3 iAF1260.cmd 6,4656063285E-8
500 14 3 iJN1463.cmd 1,6391988678E-8
500 11 1 iAF1260.cmd 3,9331441534E-8
500 11 1 iJN1463.cmd 1,2523265387E-8
500 0 4 iAF1260.cmd 2,1060107403E-7
500 0 4 iJN1463.cmd 1,1974253653E-7
500 9 2 iAF1260.cmd 1,158528158E-7
500 9 2 iJN1463.cmd 5,3811127971E-8
500 5 2 iAF1260.cmd 3,2990793684E-7
500 5 2 iJN1463.cmd 2,287452363E-7
500 9 14 iAF1260.cmd 1,2527299557E-7
500 9 14 iJN1463.cmd 5,3882360269E-8
500 0 1 iAF1260.cmd 3,269252967E-7
500 0 1 iJN1463.cmd 2,1497939007E-7
500 4 1 iAF1260.cmd 4,5059996248E-7
500 4 1 iJN1463.cmd 3,3461120719E-7
500 2 14 iAF1260.cmd 3,4446600533E-7
500 2 14 iJN1463.cmd 2,3095029049E-7
500 10 14 iAF1260.cmd 7,6853642378E-8
500 10 14 iJN1463.cmd 1,8514798827E-8
500 13 2 iAF1260.cmd 4,0826892911E-8
500 13 2 iJN1463.cmd 1,056030638E-8
500 1 0 iAF1260.cmd 5,4411422903E-7
500 1 0 iJN1463.cmd 4,2910589996E-7
500 3 0 iAF1260.cmd 5,4074699737E-7
500 3 0 iJN1463.cmd 4,1386567396E-7
500 3 8 iAF1260.cmd 6,9235056478E-7
500 3 8 iJN1463.cmd 5,2587613978E-7
500 1 11 iAF1260.cmd 6,7845394593E-7
500 1 11 iJN1463.cmd 5,4954755198E-7
500 1 13 iAF1260.cmd 5,5279556727E-7
500 1 13 iJN1463.cmd 4,457421575E-7
500 6 1 iAF1260.cmd 2,2781959491E-7
500 6 1 iJN1463.cmd 1,610548386E-7
500 2 10 iAF1260.cmd 7,7159814831E-7
500 2 10 iJN1463.cmd 6,2832354972E-7
500 12 1 iAF1260.cmd 3,0616322826E-8
500 12 1 iJN1463.cmd 8,3045822965E-9
500 2 7 iAF1260.cmd 6,9387042353E-7
500 2 7 iJN1463.cmd 5,5609887962E-7
500 4 9 iAF1260.cmd 5,5119866872E-7
500 4 9 iJN1463.cmd 4,0673007049E-7
500 0 5 iAF1260.cmd 2,8580210518E-7
500 0 5 iJN1463.cmd 1,9737632066E-7
500 1 6 iAF1260.cmd 5,8744242457E-7
500 1 6 iJN1463.cmd 4,9063865765E-7
500 0 12 iAF1260.cmd 2,9054706188E-7
500 0 12 iJN1463.cmd 2,1234810313E-7
500 5 1 iAF1260.cmd 3,0788918579E-7
500 5 1 iJN1463.cmd 2,275095348E-7
500 7 0 iAF1260.cmd 1,456428169E-7
500 7 0 iJN1463.cmd 1,0497258541E-7
500 14 2 iAF1260.cmd 3,0401631682E-8
500 14 2 iJN1463.cmd 7,0378738604E-9
500 4 0 iAF1260.cmd 4,0419360263E-7
500 4 0 iJN1463.cmd 3,1067904236E-7
500 0 0 iAF1260.cmd 2,7768303697E-7
500 0 0 iJN1463.cmd 1,8989572599E-7
500 1 10 iAF1260.cmd 6,2033050915E-7
500 1 10 iJN1463.cmd 5,1812651576E-7
500 2 8 iAF1260.cmd 6,68053865E-7
500 2 8 iJN1463.cmd 5,4596749227E-7
500 10 1 iAF1260.cmd 3,5661720925E-8
500 10 1 iJN1463.cmd 1,5608451693E-8
500 11 0 iAF1260.cmd 2,5316195317E-8
500 11 0 iJN1463.cmd 7,6873112153E-9
500 1 14 iAF1260.cmd 2,4978207178E-7
500 1 14 iJN1463.cmd 1,7608839307E-7
500 9 1 iAF1260.cmd 5,6514986372E-8
500 9 1 iJN1463.cmd 2,8709605433E-8
500 0 11 iAF1260.cmd 2,8831801144E-7
500 0 11 iJN1463.cmd 2,125658941E-7
500 0 13 iAF1260.cmd 2,3352432401E-7
500 0 13 iJN1463.cmd 1,698389082E-7
500 1 7 iAF1260.cmd 5,6134277597E-7
500 1 7 iJN1463.cmd 4,7405451714E-7
500 13 1 iAF1260.cmd 1,9602448322E-8
500 13 1 iJN1463.cmd 4,2398167355E-9
500 2 9 iAF1260.cmd 6,937227815E-7
500 2 9 iJN1463.cmd 5,7763834094E-7
500 6 0 iAF1260.cmd 2,0174830845E-7
500 6 0 iJN1463.cmd 1,5071283709E-7
500 0 6 iAF1260.cmd 2,5707006457E-7
500 0 6 iJN1463.cmd 1,9054366578E-7
500 5 0 iAF1260.cmd 2,8243685277E-7
500 5 0 iJN1463.cmd 2,1626593309E-7
500 12 0 iAF1260.cmd 1,822716736E-8
500 12 0 iJN1463.cmd 3,5702828485E-9
500 1 8 iAF1260.cmd 5,4371028137E-7
500 1 8 iJN1463.cmd 4,6223976349E-7
500 0 10 iAF1260.cmd 2,5298129966E-7
500 0 10 iJN1463.cmd 1,9034030979E-7
500 1 9 iAF1260.cmd 5,6393570503E-7
500 1 9 iJN1463.cmd 4,7947848107E-7
500 8 0 iAF1260.cmd 8,2574789918E-8
500 8 0 iJN1463.cmd 5,8264881191E-8
500 0 14 iAF1260.cmd 1,2848908193E-7
500 0 14 iJN1463.cmd 8,3825789664E-8
500 0 7 iAF1260.cmd 2,2828140308E-7
500 0 7 iJN1463.cmd 1,7289857886E-7
500 10 0 iAF1260.cmd 3,0834137086E-8
500 10 0 iJN1463.cmd 1,4050253481E-8
500 14 1 iAF1260.cmd 1,3273467373E-8
500 14 1 iJN1463.cmd 1,5197466709E-9
500 9 0 iAF1260.cmd 4,8357874582E-8
500 9 0 iJN1463.cmd 2,9019108329E-8
500 0 9 iAF1260.cmd 2,1978032506E-7
500 0 9 iJN1463.cmd 1,671052421E-7
500 0 8 iAF1260.cmd 2,114909014E-7
500 0 8 iJN1463.cmd 1,6091277074E-7
500 13 0 iAF1260.cmd 1,0985874764E-8
500 13 0 iJN1463.cmd 0E0
500 14 0 iAF1260.cmd 6,4022746964E-9
500 14 0 iJN1463.cmd 0E0
1000 7 8 iAF1260.cmd 4,4945387197E-7
1000 7 8 iJN1463.cmd 2,0165538655E-7
1000 9 9 iAF1260.cmd 3,4714947456E-7
1000 9 9 iJN1463.cmd 1,3140533889E-7
1000 12 7 iAF1260.cmd 2,6946886261E-7
1000 12 7 iJN1463.cmd 7,0121474467E-8
1000 5 6 iAF1260.cmd 1,3932309172E-6
1000 5 6 iJN1463.cmd 7,4512691544E-7
1000 2 3 iAF1260.cmd 1,1188176671E-6
1000 2 3 iJN1463.cmd 6,6690291076E-7
1000 8 11 iAF1260.cmd 4,8253702634E-7
1000 8 11 iJN1463.cmd 2,2104893074E-7
1000 4 4 iAF1260.cmd 1,3985611299E-6
1000 4 4 iJN1463.cmd 7,6864885943E-7
1000 7 4 iAF1260.cmd 2,9399646412E-7
1000 7 4 iJN1463.cmd 1,2700662319E-7
1000 14 6 iAF1260.cmd 2,2640608824E-7
1000 14 6 iJN1463.cmd 5,7423100749E-8
1000 12 12 iAF1260.cmd 2,4591976013E-7
1000 12 12 iJN1463.cmd 6,0794884262E-8
1000 11 4 iAF1260.cmd 1,516718071E-7
1000 11 4 iJN1463.cmd 4,470640051E-8
1000 7 12 iAF1260.cmd 5,1075197167E-7
1000 7 12 iJN1463.cmd 2,5640048227E-7
1000 4 12 iAF1260.cmd 1,0802307945E-6
1000 4 12 iJN1463.cmd 6,847752527E-7
1000 13 14 iAF1260.cmd 2,184122933E-7
1000 13 14 iJN1463.cmd 3,8718044921E-8
1000 13 10 iAF1260.cmd 2,3562406159E-7
1000 13 10 iJN1463.cmd 5,906352766E-8
1000 1 3 iAF1260.cmd 9,316063076E-7
1000 1 3 iJN1463.cmd 5,7263762583E-7
1000 2 2 iAF1260.cmd 9,8561773988E-7
1000 2 2 iJN1463.cmd 6,0513946049E-7
1000 2 4 iAF1260.cmd 1,2582738655E-6
1000 2 4 iJN1463.cmd 7,3365235652E-7
1000 3 3 iAF1260.cmd 1,1635930185E-6
1000 3 3 iJN1463.cmd 6,8243948818E-7
1000 3 4 iAF1260.cmd 1,3126154138E-6
1000 3 4 iJN1463.cmd 7,4642635358E-7
1000 3 12 iAF1260.cmd 1,1160702018E-6
1000 3 12 iJN1463.cmd 7,2792135733E-7
1000 4 5 iAF1260.cmd 1,3792222903E-6
1000 4 5 iJN1463.cmd 7,5589444039E-7
1000 4 6 iAF1260.cmd 1,3032677267E-6
1000 4 6 iJN1463.cmd 7,2878373561E-7
1000 4 11 iAF1260.cmd 1,0706734851E-6
1000 4 11 iJN1463.cmd 6,6557191619E-7
1000 4 13 iAF1260.cmd 8,7884214554E-7
1000 4 13 iJN1463.cmd 5,5872411068E-7
1000 5 5 iAF1260.cmd 1,4220728403E-6
1000 5 5 iJN1463.cmd 7,5536799657E-7
1000 6 4 iAF1260.cmd 3,2701836486E-7
1000 6 4 iJN1463.cmd 1,5110171043E-7
1000 6 8 iAF1260.cmd 5,3733542188E-7
1000 6 8 iJN1463.cmd 2,6888062025E-7
1000 6 12 iAF1260.cmd 5,7872702171E-7
1000 6 12 iJN1463.cmd 3,0592892195E-7
1000 7 3 iAF1260.cmd 2,9210125517E-7
1000 7 3 iJN1463.cmd 1,3892981747E-7
1000 7 5 iAF1260.cmd 3,0613784022E-7
1000 7 5 iJN1463.cmd 1,2437604753E-7
1000 7 7 iAF1260.cmd 4,0293345328E-7
1000 7 7 iJN1463.cmd 1,7663189481E-7
1000 7 9 iAF1260.cmd 4,7716512012E-7
1000 7 9 iJN1463.cmd 2,1536705373E-7
1000 7 11 iAF1260.cmd 5,4283183365E-7
1000 7 11 iJN1463.cmd 2,6460215478E-7
1000 7 13 iAF1260.cmd 4,6118095125E-7
1000 7 13 iJN1463.cmd 2,4195350542E-7
1000 8 4 iAF1260.cmd 2,421316055E-7
1000 8 4 iJN1463.cmd 9,8512701741E-8
1000 8 8 iAF1260.cmd 3,9134816511E-7
1000 8 8 iJN1463.cmd 1,597646257E-7
1000 8 9 iAF1260.cmd 4,1544391312E-7
1000 8 9 iJN1463.cmd 1,7204398925E-7
1000 8 10 iAF1260.cmd 4,4643224664E-7
1000 8 10 iJN1463.cmd 1,9190669922E-7
1000 8 12 iAF1260.cmd 4,3524030277E-7
1000 8 12 iJN1463.cmd 2,0611228846E-7
1000 9 8 iAF1260.cmd 3,1488303862E-7
1000 9 8 iJN1463.cmd 1,1646054808E-7
1000 9 10 iAF1260.cmd 3,6134770294E-7
1000 9 10 iJN1463.cmd 1,3924366548E-7
1000 10 4 iAF1260.cmd 1,6949001149E-7
1000 10 4 iJN1463.cmd 5,4922119209E-8
1000 10 9 iAF1260.cmd 3,0528777581E-7
1000 10 9 iJN1463.cmd 1,0765986204E-7
1000 11 3 iAF1260.cmd 1,2598315709E-7
1000 11 3 iJN1463.cmd 3,8078865389E-8
1000 11 5 iAF1260.cmd 1,720162912E-7
1000 11 5 iJN1463.cmd 4,9385060634E-8
1000 11 7 iAF1260.cmd 2,4832656909E-7
1000 11 7 iJN1463.cmd 6,848333517E-8
1000 11 12 iAF1260.cmd 2,6035365765E-7
1000 11 12 iJN1463.cmd 8,2692503976E-8
1000 12 4 iAF1260.cmd 1,4100785403E-7
1000 12 4 iJN1463.cmd 3,8913939935E-8
1000 12 10 iAF1260.cmd 2,4518451913E-7
1000 12 10 iJN1463.cmd 6,8541673807E-8
1000 12 13 iAF1260.cmd 2,3193968204E-7
1000 12 13 iJN1463.cmd 4,8806978022E-8
1000 12 14 iAF1260.cmd 2,0440809286E-7
1000 12 14 iJN1463.cmd 3,991964253E-8
1000 13 6 iAF1260.cmd 2,2961868354E-7
1000 13 6 iJN1463.cmd 5,8592493919E-8
1000 13 7 iAF1260.cmd 2,5867638977E-7
1000 13 7 iJN1463.cmd 6,5770560443E-8
1000 13 9 iAF1260.cmd 2,3429883228E-7
1000 13 9 iJN1463.cmd 5,6841083902E-8
1000 13 12 iAF1260.cmd 2,370684419E-7
1000 13 12 iJN1463.cmd 5,0929290539E-8
1000 13 13 iAF1260.cmd 2,3134185545E-7
1000 13 13 iJN1463.cmd 4,5047082495E-8
1000 14 5 iAF1260.cmd 1,8453413251E-7
1000 14 5 iJN1463.cmd 4,7396045645E-8
1000 14 7 iAF1260.cmd 2,4705858006E-7
1000 14 7 iJN1463.cmd 6,1893483022E-8
1000 14 10 iAF1260.cmd 2,2715231573E-7
1000 14 10 iJN1463.cmd 5,379973898E-8
1000 14 14 iAF1260.cmd 2,2088848709E-7
1000 14 14 iJN1463.cmd 3,7217428692E-8
1000 6 11 iAF1260.cmd 6,4002724193E-7
1000 6 11 iJN1463.cmd 3,3748738184E-7
1000 7 10 iAF1260.cmd 5,1735110537E-7
1000 7 10 iJN1463.cmd 2,4217757324E-7
1000 8 13 iAF1260.cmd 3,827498266E-7
1000 8 13 iJN1463.cmd 1,8859686269E-7
1000 1 2 iAF1260.cmd 8,8130417809E-7
1000 1 2 iJN1463.cmd 5,5248789446E-7
1000 3 2 iAF1260.cmd 9,4074147593E-7
1000 3 2 iJN1463.cmd 5,7253620325E-7
1000 3 5 iAF1260.cmd 1,3142807648E-6
1000 3 5 iJN1463.cmd 7,4821399143E-7
1000 3 11 iAF1260.cmd 1,1666943544E-6
1000 3 11 iJN1463.cmd 7,5786947012E-7
1000 3 13 iAF1260.cmd 9,4691965847E-7
1000 3 13 iJN1463.cmd 6,22270577E-7
1000 6 3 iAF1260.cmd 3,4917110556E-7
1000 6 3 iJN1463.cmd 1,8090629919E-7
1000 6 7 iAF1260.cmd 4,6068893362E-7
1000 6 7 iJN1463.cmd 2,1478546103E-7
1000 6 9 iAF1260.cmd 5,321529353E-7
1000 6 9 iJN1463.cmd 2,5784025795E-7
1000 6 13 iAF1260.cmd 5,561541258E-7
1000 6 13 iJN1463.cmd 3,127143859E-7
1000 7 6 iAF1260.cmd 3,1316220341E-7
1000 7 6 iJN1463.cmd 1,2737064422E-7
1000 8 3 iAF1260.cmd 2,3576112154E-7
1000 8 3 iJN1463.cmd 1,0237912644E-7
1000 9 4 iAF1260.cmd 1,9412194159E-7
1000 9 4 iJN1463.cmd 7,0857350078E-8
1000 9 12 iAF1260.cmd 3,480535222E-7
1000 9 12 iJN1463.cmd 1,5498961352E-7
1000 10 3 iAF1260.cmd 1,5999115695E-7
1000 10 3 iJN1463.cmd 5,4107594502E-8
1000 10 5 iAF1260.cmd 1,7596981656E-7
1000 10 5 iJN1463.cmd 5,4546493048E-8
1000 10 8 iAF1260.cmd 2,8986167611E-7
1000 10 8 iJN1463.cmd 9,8006345355E-8
1000 10 10 iAF1260.cmd 2,9509581845E-7
1000 10 10 iJN1463.cmd 1,0371889473E-7
1000 11 6 iAF1260.cmd 2,0074552094E-7
1000 11 6 iJN1463.cmd 5,7006385537E-8
1000 12 3 iAF1260.cmd 1,0940388767E-7
1000 12 3 iJN1463.cmd 3,0574864312E-8
1000 12 5 iAF1260.cmd 1,6508657247E-7
1000 12 5 iJN1463.cmd 4,4925271104E-8
1000 13 5 iAF1260.cmd 1,8154998205E-7
1000 13 5 iJN1463.cmd 4,7308787078E-8
1000 14 9 iAF1260.cmd 2,3207221045E-7
1000 14 9 iJN1463.cmd 5,5784706559E-8
1000 14 13 iAF1260.cmd 2,2723776259E-7
1000 14 13 iJN1463.cmd 4,2179394327E-8
1000 0 3 iAF1260.cmd 6,4875913112E-7
1000 0 3 iJN1463.cmd 4,2561417161E-7
1000 2 1 iAF1260.cmd 8,8924223396E-7
1000 2 1 iJN1463.cmd 5,6248791935E-7
1000 2 5 iAF1260.cmd 1,2117927763E-6
1000 2 5 iJN1463.cmd 7,1780776605E-7
1000 2 12 iAF1260.cmd 1,0725363629E-6
1000 2 12 iJN1463.cmd 7,2394849947E-7
1000 3 6 iAF1260.cmd 1,2639137328E-6
1000 3 6 iJN1463.cmd 7,316369766E-7
1000 4 7 iAF1260.cmd 1,128487594E-6
1000 4 7 iJN1463.cmd 6,6958840449E-7
1000 4 14 iAF1260.cmd 6,5712869881E-7
1000 4 14 iJN1463.cmd 4,2758171893E-7
1000 5 8 iAF1260.cmd 7,2769850833E-7
1000 5 8 iJN1463.cmd 4,1680231977E-7
1000 5 11 iAF1260.cmd 8,2118675683E-7
1000 5 11 iJN1463.cmd 4,7077408964E-7
1000 5 13 iAF1260.cmd 6,9015796099E-7
1000 5 13 iJN1463.cmd 4,1993003242E-7
1000 7 2 iAF1260.cmd 2,9298531153E-7
1000 7 2 iJN1463.cmd 1,5455377407E-7
1000 7 14 iAF1260.cmd 3,7622835538E-7
1000 7 14 iJN1463.cmd 2,0306199355E-7
1000 9 7 iAF1260.cmd 2,4707915013E-7
1000 9 7 iJN1463.cmd 8,7576062911E-8
1000 10 12 iAF1260.cmd 2,8836500746E-7
1000 10 12 iJN1463.cmd 1,0878853283E-7
1000 11 2 iAF1260.cmd 8,5352462128E-8
1000 11 2 iJN1463.cmd 2,547530367E-8
1000 11 8 iAF1260.cmd 2,6652734304E-7
1000 11 8 iJN1463.cmd 7,9793297E-8
1000 11 10 iAF1260.cmd 2,5952572464E-7
1000 11 10 iJN1463.cmd 8,258529559E-8
1000 11 11 iAF1260.cmd 2,5678604231E-7
1000 11 11 iJN1463.cmd 8,3907086247E-8
1000 11 14 iAF1260.cmd 1,7189753348E-7
1000 11 14 iJN1463.cmd 4,0977520615E-8
1000 13 4 iAF1260.cmd 1,3952447133E-7
1000 13 4 iJN1463.cmd 3,6837504133E-8
1000 14 4 iAF1260.cmd 1,3822953888E-7
1000 14 4 iJN1463.cmd 3,5770169736E-8
1000 14 8 iAF1260.cmd 2,3923779889E-7
1000 14 8 iJN1463.cmd 5,8569583784E-8
1000 14 11 iAF1260.cmd 2,1979984335E-7
1000 14 11 iJN1463.cmd 4,8882034354E-8
1000 14 12 iAF1260.cmd 2,2663296018E-7
1000 14 12 iJN1463.cmd 4,6722185316E-8
1000 6 10 iAF1260.cmd 5,981878923E-7
1000 6 10 iJN1463.cmd 3,0395542433E-7
1000 9 3 iAF1260.cmd 1,8694195179E-7
1000 9 3 iJN1463.cmd 7,3341643245E-8
1000 9 13 iAF1260.cmd 3,2246666715E-7
1000 9 13 iJN1463.cmd 1,5095412698E-7
1000 8 14 iAF1260.cmd 3,0736477346E-7
1000 8 14 iJN1463.cmd 1,5418930617E-7
1000 9 5 iAF1260.cmd 1,8718411922E-7
1000 9 5 iJN1463.cmd 6,2703258961E-8
1000 10 6 iAF1260.cmd 1,888503755E-7
1000 10 6 iJN1463.cmd 5,812467834E-8
1000 10 11 iAF1260.cmd 2,7212144267E-7
1000 10 11 iJN1463.cmd 9,5357307024E-8
1000 0 2 iAF1260.cmd 6,6167496039E-7
1000 0 2 iJN1463.cmd 4,3989845585E-7
1000 1 1 iAF1260.cmd 8,1999558204E-7
1000 1 1 iJN1463.cmd 5,2706759397E-7
1000 2 11 iAF1260.cmd 1,1252209376E-6
1000 2 11 iJN1463.cmd 7,6325820283E-7
1000 2 13 iAF1260.cmd 9,1830087736E-7
1000 2 13 iJN1463.cmd 6,2339048753E-7
1000 3 1 iAF1260.cmd 8,3144196745E-7
1000 3 1 iJN1463.cmd 5,2289382354E-7
1000 3 14 iAF1260.cmd 6,9638398351E-7
1000 3 14 iJN1463.cmd 4,708211547E-7
1000 6 2 iAF1260.cmd 3,7229049597E-7
1000 6 2 iJN1463.cmd 2,1104931689E-7
1000 8 2 iAF1260.cmd 2,2697151666E-7
1000 8 2 iJN1463.cmd 1,0625922676E-7
1000 12 2 iAF1260.cmd 7,57594481E-8
1000 12 2 iJN1463.cmd 2,1134617805E-8
1000 13 3 iAF1260.cmd 1,0021678315E-7
1000 13 3 iJN1463.cmd 2,6553816214E-8
1000 6 14 iAF1260.cmd 4,5628101624E-7
1000 6 14 iJN1463.cmd 2,6459248693E-7
1000 3 7 iAF1260.cmd 1,1253234579E-6
1000 3 7 iJN1463.cmd 6,946657535E-7
1000 4 2 iAF1260.cmd 7,0650623032E-7
1000 4 2 iJN1463.cmd 4,3399402428E-7
1000 4 8 iAF1260.cmd 9,4294119334E-7
1000 4 8 iJN1463.cmd 5,7602282718E-7
1000 5 3 iAF1260.cmd 4,1223592005E-7
1000 5 3 iJN1463.cmd 2,3228050211E-7
1000 5 14 iAF1260.cmd 5,5423460273E-7
1000 5 14 iJN1463.cmd 3,4382364965E-7
1000 8 6 iAF1260.cmd 2,4515120144E-7
1000 8 6 iJN1463.cmd 9,2471370745E-8
1000 5 10 iAF1260.cmd 7,0771913404E-7
1000 5 10 iJN1463.cmd 3,8579247089E-7
1000 1 5 iAF1260.cmd 9,4088931511E-7
1000 1 5 iJN1463.cmd 6,0178583553E-7
1000 9 6 iAF1260.cmd 2,1017342332E-7
1000 9 6 iJN1463.cmd 7,2044234086E-8
1000 1 12 iAF1260.cmd 9,195984328E-7
1000 1 12 iJN1463.cmd 6,4135129789E-7
1000 2 0 iAF1260.cmd 8,3734681334E-7
1000 2 0 iJN1463.cmd 5,4004363167E-7
1000 7 1 iAF1260.cmd 2,9938894599E-7
1000 7 1 iJN1463.cmd 1,7459823299E-7
1000 14 3 iAF1260.cmd 9,5401999136E-8
1000 14 3 iJN1463.cmd 2,4572512333E-8
1000 11 1 iAF1260.cmd 6,0905779044E-8
1000 11 1 iJN1463.cmd 2,0854119057E-8
1000 0 4 iAF1260.cmd 5,2971205548E-7
1000 0 4 iJN1463.cmd 3,6026484225E-7
1000 9 2 iAF1260.cmd 1,6740655481E-7
1000 9 2 iJN1463.cmd 7,2807895267E-8
1000 5 2 iAF1260.cmd 4,934514562E-7
1000 5 2 iJN1463.cmd 2,9508934025E-7
1000 9 14 iAF1260.cmd 2,4461146171E-7
1000 9 14 iJN1463.cmd 1,1125421013E-7
1000 0 1 iAF1260.cmd 6,3100861405E-7
1000 0 1 iJN1463.cmd 4,2994770135E-7
1000 4 1 iAF1260.cmd 6,7058791694E-7
1000 4 1 iJN1463.cmd 4,217924493E-7
1000 2 14 iAF1260.cmd 6,6104813353E-7
1000 2 14 iJN1463.cmd 4,6261278149E-7
1000 10 14 iAF1260.cmd 1,7704275174E-7
1000 10 14 iJN1463.cmd 6,1610351194E-8
1000 13 2 iAF1260.cmd 6,6539775382E-8
1000 13 2 iJN1463.cmd 1,7314513619E-8
1000 1 0 iAF1260.cmd 7,7992041976E-7
1000 1 0 iJN1463.cmd 5,101138929E-7
1000 3 0 iAF1260.cmd 7,7993980912E-7
1000 3 0 iJN1463.cmd 5,0070737777E-7
1000 3 8 iAF1260.cmd 1,0398120915E-6
1000 3 8 iJN1463.cmd 6,64264972E-7
1000 1 11 iAF1260.cmd 9,6563371885E-7
1000 1 11 iJN1463.cmd 6,7651894039E-7
1000 1 13 iAF1260.cmd 7,9075755195E-7
1000 1 13 iJN1463.cmd 5,5359735453E-7
1000 6 1 iAF1260.cmd 3,7517641896E-7
1000 6 1 iJN1463.cmd 2,2652605374E-7
1000 2 10 iAF1260.cmd 1,100187351E-6
1000 2 10 iJN1463.cmd 7,6318214705E-7
1000 12 1 iAF1260.cmd 5,1213741773E-8
1000 12 1 iJN1463.cmd 1,4804591731E-8
1000 2 7 iAF1260.cmd 1,0344590994E-6
1000 2 7 iJN1463.cmd 6,8417779989E-7
1000 4 9 iAF1260.cmd 8,9209988596E-7
1000 4 9 iJN1463.cmd 5,553566888E-7
1000 0 5 iAF1260.cmd 6,2235998547E-7
1000 0 5 iJN1463.cmd 4,3048053168E-7
1000 1 6 iAF1260.cmd 8,5589679128E-7
1000 1 6 iJN1463.cmd 5,783043573E-7
1000 0 12 iAF1260.cmd 6,4024132118E-7
1000 0 12 iJN1463.cmd 4,7340317149E-7
1000 5 1 iAF1260.cmd 5,0069483626E-7
1000 5 1 iJN1463.cmd 3,1111902233E-7
1000 7 0 iAF1260.cmd 2,6317768683E-7
1000 7 0 iJN1463.cmd 1,6022513822E-7
1000 14 2 iAF1260.cmd 6,1052397731E-8
1000 14 2 iJN1463.cmd 1,5140599105E-8
1000 4 0 iAF1260.cmd 6,4345892633E-7
1000 4 0 iJN1463.cmd 4,122297554E-7
1000 0 0 iAF1260.cmd 6,0303329911E-7
1000 0 0 iJN1463.cmd 4,1848331255E-7
1000 1 10 iAF1260.cmd 9,530205421E-7
1000 1 10 iJN1463.cmd 6,7457875752E-7
1000 2 8 iAF1260.cmd 1,0261094085E-6
1000 2 8 iJN1463.cmd 6,9320338111E-7
1000 10 1 iAF1260.cmd 7,1475325722E-8
1000 10 1 iJN1463.cmd 3,0630508581E-8
1000 11 0 iAF1260.cmd 5,0372800372E-8
1000 11 0 iJN1463.cmd 1,8871677924E-8
1000 1 14 iAF1260.cmd 5,6216290532E-7
1000 1 14 iJN1463.cmd 4,0471574656E-7
1000 9 1 iAF1260.cmd 1,0645676168E-7
1000 9 1 iJN1463.cmd 4,9096369391E-8
1000 0 11 iAF1260.cmd 6,7635783014E-7
1000 0 11 iJN1463.cmd 5,0474296935E-7
1000 0 13 iAF1260.cmd 5,5193038445E-7
1000 0 13 iJN1463.cmd 4,0597205644E-7
1000 1 7 iAF1260.cmd 8,7754108935E-7
1000 1 7 iJN1463.cmd 6,0437810409E-7
1000 13 1 iAF1260.cmd 4,2969541414E-8
1000 13 1 iJN1463.cmd 1,064124044E-8
1000 2 9 iAF1260.cmd 1,0575874017E-6
1000 2 9 iJN1463.cmd 7,3450712447E-7
1000 6 0 iAF1260.cmd 3,6263756699E-7
1000 6 0 iJN1463.cmd 2,2633340073E-7
1000 0 6 iAF1260.cmd 6,1925429501E-7
1000 0 6 iJN1463.cmd 4,4810044797E-7
1000 5 0 iAF1260.cmd 4,9072579853E-7
1000 5 0 iJN1463.cmd 3,1191947086E-7
1000 12 0 iAF1260.cmd 3,9188771027E-8
1000 12 0 iJN1463.cmd 1,1641723528E-8
1000 1 8 iAF1260.cmd 8,8949109256E-7
1000 1 8 iJN1463.cmd 6,2297578129E-7
1000 0 10 iAF1260.cmd 6,6940457114E-7
1000 0 10 iJN1463.cmd 5,0536021541E-7
1000 1 9 iAF1260.cmd 9,1876767148E-7
1000 1 9 iJN1463.cmd 6,5131353252E-7
1000 8 0 iAF1260.cmd 1,6614005345E-7
1000 8 0 iJN1463.cmd 9,9086781311E-8
1000 0 14 iAF1260.cmd 4,4494459069E-7
1000 0 14 iJN1463.cmd 3,2810230751E-7
1000 0 7 iAF1260.cmd 6,2099060576E-7
1000 0 7 iJN1463.cmd 4,6168375508E-7
1000 10 0 iAF1260.cmd 6,7984716648E-8
1000 10 0 iJN1463.cmd 3,1581244774E-8
1000 14 1 iAF1260.cmd 3,7980526278E-8
1000 14 1 iJN1463.cmd 8,3111659232E-9
1000 9 0 iAF1260.cmd 1,0419034784E-7
1000 9 0 iJN1463.cmd 5,5429459127E-8
1000 0 9 iAF1260.cmd 6,4585203597E-7
1000 0 9 iJN1463.cmd 4,9030396259E-7
1000 0 8 iAF1260.cmd 6,2716597036E-7
1000 0 8 iJN1463.cmd 4,7352502718E-7
1000 13 0 iAF1260.cmd 3,1101218296E-8
1000 13 0 iJN1463.cmd 7,0776596776E-9
1000 14 0 iAF1260.cmd 2,6572463905E-8
1000 14 0 iJN1463.cmd 4,5161624012E-9
