0	1,5E-5	1,5E-7
1	1,5209098833E-5	1,5741293012E-7
2	1,5409370694E-5	1,6520829235E-7
3	1,5612947065E-5	1,7385793911E-7
4	1,5823706942E-5	1,8316756774E-7
5	1,604228225E-5	1,931438686E-7
6	1,6269442772E-5	2,0379779998E-7
7	1,6505779924E-5	2,1511862439E-7
8	1,6751200267E-5	2,2711379787E-7
9	1,700463391E-5	2,3979134329E-7
10	1,7258625144E-5	2,5315473059E-7
11	1,7508427302E-5	2,6720077888E-7
12	1,7757328102E-5	2,8190168991E-7
13	1,8006001696E-5	2,9721432302E-7
14	1,8254041766E-5	3,1307134325E-7
15	1,8501702593E-5	3,2940053514E-7
16	1,8748343787E-5	3,4618071841E-7
17	1,8993549589E-5	3,6335056614E-7
18	1,9237213037E-5	3,8100983327E-7
19	1,9479944662E-5	3,9922945834E-7
20	1,9722413041E-5	4,1804810584E-7
21	1,9964324268E-5	4,3754632277E-7
22	2,020565205E-5	4,5775552154E-7
23	2,0446269582E-5	4,7874626556E-7
24	2,0685932122E-5	5,0058950669E-7
25	2,0924907374E-5	5,2334078669E-7
26	2,1163208998E-5	5,4705503347E-7
27	2,1399851201E-5	5,7174285236E-7
28	2,1634130887E-5	5,9744025012E-7
29	2,1865825459E-5	6,2423376678E-7
30	2,2094901651E-5	6,5216364653E-7
31	2,2321218695E-5	6,8123499498E-7
32	2,2544754317E-5	7,115593498E-7
33	2,276593652E-5	7,4311743658E-7
34	2,2985090054E-5	7,759769914E-7
35	2,3202490969E-5	8,1017825863E-7
36	2,341827586E-5	8,4579269977E-7
37	2,3632187755E-5	8,8296531274E-7
38	2,384149977E-5	9,2238046382E-7
39	2,4047796461E-5	9,6373796388E-7
40	2,4251646913E-5	1,0068393825E-6
41	2,4453572558E-5	1,0517666257E-6
42	2,4654834161E-5	1,098421045E-6
43	2,4854689273E-5	1,1470642897E-6
44	2,5053319583E-5	1,1977405583E-6
45	2,5249963611E-5	1,250607878E-6
46	2,5445687214E-5	1,3056817591E-6
47	2,5640214883E-5	1,3629937928E-6
48	2,5832898173E-5	1,422726765E-6
49	2,6023741943E-5	1,4849345674E-6
50	2,6213027889E-5	1,5498429489E-6
51	2,6400647464E-5	1,6174610391E-6
52	2,6586934158E-5	1,6879176593E-6
53	2,6772198514E-5	1,7612375174E-6
54	2,6956121049E-5	1,8374749452E-6
55	2,713881291E-5	1,9168425449E-6
56	2,7320481217E-5	1,9994501486E-6
57	2,7501151152E-5	2,0854177904E-6
58	2,7682541567E-5	2,1747558459E-6
59	2,7864482896E-5	2,2676521079E-6
60	2,804476809E-5	2,3642564135E-6
61	2,8222690044E-5	2,4648519071E-6
62	2,8398134554E-5	2,5696000074E-6
63	2,857252622E-5	2,6785622443E-6
64	2,8746062577E-5	2,7918962168E-6
65	2,8918863983E-5	2,909769636E-6
66	2,9091102639E-5	3,0322974478E-6
67	2,9262709225E-5	3,1596214278E-6
68	2,9433724822E-5	3,2918854875E-6
69	2,9604253676E-5	3,4292292931E-6
70	2,9774564092E-5	3,5715967063E-6
71	2,9944692246E-5	3,7187686685E-6
72	3,0114892536E-5	3,8705221245E-6
73	3,0285294759E-5	4,0268589116E-6
74	3,0455758173E-5	4,1878364129E-6
75	3,0626578592E-5	4,3536857056E-6
76	3,0797773364E-5	4,5244984057E-6
77	3,0970227469E-5	4,7002627379E-6
78	3,1143091167E-5	4,8812861776E-6
79	3,1315933644E-5	5,0671548975E-6
80	3,1487570635E-5	5,2574040366E-6
81	3,1656429038E-5	5,4498180228E-6
82	3,1824121928E-5	5,6415959275E-6
83	3,199043429E-5	5,8309074927E-6
84	3,2155255045E-5	6,016833914E-6
85	3,2319172252E-5	6,1995039691E-6
86	3,2481964981E-5	6,3792270114E-6
87	3,2641570479E-5	6,5555873517E-6
88	3,2799657978E-5	6,7267181249E-6
89	3,2956264269E-5	6,8891166952E-6
90	3,3111875285E-5	7,0427626057E-6
91	3,3265919304E-5	7,1869663551E-6
92	3,3418660504E-5	7,3229134101E-6
93	3,3570411319E-5	7,4513917019E-6
94	3,3721271507E-5	7,5726438682E-6
95	3,3871593646E-5	7,6876250148E-6
96	3,4021632961E-5	7,7974858016E-6
97	3,4171417231E-5	7,9033700974E-6
98	3,4323384089E-5	8,0059640424E-6
99	3,4473978022E-5	8,1063185922E-6
100	3,4623879242E-5	8,2051727381E-6
101	3,4773758336E-5	8,3031118629E-6
102	3,4923443931E-5	8,4007974781E-6
103	3,5073191068E-5	8,4983168039E-6
104	3,5222916761E-5	8,5957842989E-6
105	3,5372810743E-5	8,6933203864E-6
106	3,5523073549E-5	8,7908938908E-6
107	3,5673979418E-5	8,8885081946E-6
108	3,5823362663E-5	8,986996786E-6
109	3,5972754265E-5	9,0860735632E-6
110	3,612118225E-5	9,185225124E-6
111	3,6269171561E-5	9,2845756296E-6
112	3,6416803666E-5	9,3843012218E-6
113	3,656389624E-5	9,4845440779E-6
114	3,6710416152E-5	9,5854450606E-6
115	3,6856401208E-5	9,6866871938E-6
116	3,7001787227E-5	9,7882788032E-6
117	3,7146554762E-5	9,889575589E-6
118	3,7290246483E-5	9,9908870811E-6
119	3,7433161188E-5	1,0092243149E-5
120	3,7575808549E-5	1,019432229E-5
121	3,7718659541E-5	1,0296395158E-5
122	3,7861210337E-5	1,0398835267E-5
123	3,8004190481E-5	1,0500940929E-5
124	3,8146945414E-5	1,0603109325E-5
125	3,8288361294E-5	1,0705482634E-5
126	3,8429360934E-5	1,0808480555E-5
127	3,8570348334E-5	1,091166272E-5
128	3,8712040585E-5	1,1014215269E-5
129	3,8853479293E-5	1,1116811001E-5
130	3,8993878771E-5	1,1219132278E-5
131	3,9133103752E-5	1,1321492604E-5
132	3,9271935223E-5	1,1424089867E-5
133	3,941138462E-5	1,1526680115E-5
134	3,9550046883E-5	1,1629507879E-5
135	3,9689707691E-5	1,1732974623E-5
136	3,9829830678E-5	1,1836700665E-5
137	3,9968916053E-5	1,1940060787E-5
138	4,0107621625E-5	1,2043473503E-5
139	4,0246357735E-5	1,2146587143E-5
140	4,0385030842E-5	1,2249888055E-5
141	4,0523606399E-5	1,2352971866E-5
142	4,0662460104E-5	1,2456299624E-5
143	4,0800126513E-5	1,2559771089E-5
144	4,0937597394E-5	1,2663788303E-5
145	4,1074821324E-5	1,2768319762E-5
146	4,1213066487E-5	1,2872714508E-5
147	4,1352060454E-5	1,2976630311E-5
148	4,1489929487E-5	1,308020447E-5
149	4,1625723786E-5	1,3183568438E-5
150	4,1760916404E-5	1,3287629317E-5
151	4,1895705208E-5	1,3392271766E-5
152	4,2030189646E-5	1,3497003386E-5
153	4,216571997E-5	1,3601754319E-5
154	4,2301341013E-5	1,3706271583E-5
155	4,2436678755E-5	1,3811157796E-5
156	4,2572114568E-5	1,3916056151E-5
157	4,270813595E-5	1,402139374E-5
158	4,2844228517E-5	1,4127425098E-5
159	4,2980584297E-5	1,4233708821E-5
160	4,3116096039E-5	1,4339478567E-5
161	4,3250890441E-5	1,4445426339E-5
162	4,3385077409E-5	1,45500188E-5
163	4,3518223033E-5	1,4655198651E-5
164	4,3651298339E-5	1,4760211217E-5
165	4,3784546904E-5	1,4865791004E-5
166	4,3916880218E-5	1,4972642209E-5
167	4,4050246106E-5	1,5079283154E-5
168	4,4184501192E-5	1,5185202797E-5
169	4,4316678504E-5	1,5292418832E-5
170	4,4448830452E-5	1,5399201292E-5
171	4,4580399581E-5	1,5505972798E-5
172	4,4712011481E-5	1,5613173652E-5
173	4,4840552265E-5	1,5720720609E-5
174	4,4972642835E-5	1,5827931236E-5
175	4,5104624421E-5	1,5935569015E-5
176	4,5237358111E-5	1,6042385259E-5
177	4,5367857724E-5	1,6150269801E-5
178	4,5498002428E-5	1,625781514E-5
179	4,5628107601E-5	1,6365479819E-5
180	4,5757953195E-5	1,6472481059E-5
181	4,5887944674E-5	1,6578916712E-5
182	4,6017020653E-5	1,668736271E-5
183	4,6148264351E-5	1,6795813007E-5
184	4,627781104E-5	1,6905387239E-5
185	4,6407662847E-5	1,7014821023E-5
186	4,6538362553E-5	1,7123569903E-5
187	4,6664948935E-5	1,7233024382E-5
188	4,6794152757E-5	1,7343003226E-5
189	4,6922684519E-5	1,7452000862E-5
190	4,7049040615E-5	1,756143725E-5
191	4,717589478E-5	1,7670628166E-5
192	4,7303495683E-5	1,777979281E-5
193	4,7429395152E-5	1,7887920791E-5
194	4,7554086216E-5	1,7996954965E-5
195	4,7678045747E-5	1,8106210933E-5
196	4,7802868696E-5	1,8216036994E-5
197	4,7928486579E-5	1,832564841E-5
198	4,8051544256E-5	1,8435347883E-5
199	4,8174056814E-5	1,854641839E-5
200	4,8298088327E-5	1,8655923824E-5
201	4,8423611913E-5	1,8764072951E-5
202	4,854782922E-5	1,8875017568E-5
203	4,8671835685E-5	1,8982938987E-5
204	4,8793091872E-5	1,9092733617E-5
205	4,8915123283E-5	1,9202110662E-5
206	4,9036123465E-5	1,93123333E-5
207	4,9157521514E-5	1,9422070893E-5
208	4,927980857E-5	1,9531445437E-5
209	4,9400614269E-5	1,9642290944E-5
210	4,9520485843E-5	1,9752209457E-5
211	4,9642284426E-5	1,9861226809E-5
212	4,9764922373E-5	1,9970283388E-5
213	4,9887298983E-5	2,0079207928E-5
214	5,0010283584E-5	2,0188886224E-5
215	5,0132776061E-5	2,0298611133E-5
216	5,0255674204E-5	2,0409244331E-5
217	5,0373602476E-5	2,0520665363E-5
218	5,0489724704E-5	2,0632281436E-5
219	5,0606602801E-5	2,0743531905E-5
220	5,072495652E-5	2,0854182264E-5
221	5,0842913206E-5	2,0964988446E-5
222	5,0962153628E-5	2,107557336E-5
223	5,1081078197E-5	2,1185522066E-5
224	5,1200300325E-5	2,1295657006E-5
225	5,1318950355E-5	2,1405528002E-5
226	5,1437614236E-5	2,1515790279E-5
227	5,1554053848E-5	2,1626191996E-5
228	5,1672591861E-5	2,173608757E-5
229	5,1791236372E-5	2,1846133655E-5
230	5,1910916057E-5	2,1953544452E-5
231	5,2029399427E-5	2,2061646366E-5
232	5,2145593873E-5	2,2170295049E-5
233	5,2260812061E-5	2,228095431E-5
234	5,2375005308E-5	2,239213433E-5
235	5,2489391582E-5	2,2502879251E-5
236	5,2609424312E-5	2,2610756891E-5
237	5,2727729883E-5	2,2720447784E-5
238	5,2845398364E-5	2,2830286232E-5
239	5,2962020103E-5	2,2937716003E-5
240	5,3077602747E-5	2,3048002001E-5
241	5,3193310691E-5	2,3159417887E-5
242	5,3306602253E-5	2,3268422707E-5
243	5,3422788061E-5	2,3375796496E-5
244	5,3537365501E-5	2,3483360142E-5
245	5,3651219623E-5	2,3592333593E-5
246	5,3768798073E-5	2,3702197209E-5
247	5,388477427E-5	2,381329944E-5
248	5,4001030187E-5	2,3923561288E-5
249	5,4116426852E-5	2,4033504442E-5
250	5,423000726E-5	2,4142363812E-5
251	5,4341804627E-5	2,4250574514E-5
252	5,4454617348E-5	2,4359001115E-5
253	5,4565645874E-5	2,4466938452E-5
254	5,4676094153E-5	2,4574716078E-5
255	5,4786213614E-5	2,4682423623E-5
256	5,4896039716E-5	2,4790066552E-5
257	5,5005609275E-5	2,4897630763E-5
258	5,5114936218E-5	2,5005104708E-5
259	5,5224022911E-5	2,5112482927E-5
260	5,5332871321E-5	2,5219758257E-5
261	5,544148958E-5	2,5326920469E-5
262	5,5549883812E-5	2,5433958933E-5
263	5,5658057976E-5	2,5540872424E-5
264	5,5766368769E-5	2,5647886973E-5
265	5,5874225703E-5	2,5754615738E-5
266	5,5981811106E-5	2,5861177134E-5
267	5,6089331979E-5	2,5967663467E-5
268	5,6196702759E-5	2,6074056073E-5
269	5,6304135554E-5	2,6180429186E-5
270	5,6412601115E-5	2,6286895641E-5
271	5,65245552E-5	2,6386814417E-5
272	5,6635826545E-5	2,6484354008E-5
273	5,6747255942E-5	2,6580959619E-5
274	5,6858423088E-5	2,6679612249E-5
275	5,6970547285E-5	2,6783146251E-5
276	5,7080450682E-5	2,6888690011E-5
277	5,7187924309E-5	2,6993872151E-5
278	5,7294781022E-5	2,7098850997E-5
279	5,7400653231E-5	2,7203579647E-5
280	5,7506257843E-5	2,7308012947E-5
281	5,7611206803E-5	2,7412131589E-5
282	5,7715778103E-5	2,75159825E-5
283	5,7820122354E-5	2,7619627887E-5
284	5,7924272703E-5	2,7723081624E-5
285	5,8028237931E-5	2,7826372623E-5
286	5,8132024985E-5	2,7929477787E-5
287	5,823562037E-5	2,8032398525E-5
288	5,8339046158E-5	2,8135137154E-5
289	5,8442340146E-5	2,8237679259E-5
290	5,854823896E-5	2,8337964762E-5
291	5,8654626287E-5	2,8437814264E-5
292	5,8759990063E-5	2,8537909141E-5
293	5,8865333281E-5	2,8638564482E-5
294	5,8968816509E-5	2,8739911775E-5
295	5,9071372737E-5	2,8841279259E-5
296	5,9173503057E-5	2,8942526595E-5
297	5,9275374537E-5	2,9043608929E-5
298	5,9377046754E-5	2,9144516811E-5
299	5,9478537415E-5	2,9245244406E-5
300	5,9579851838E-5	2,9345790209E-5
301	5,9680991541E-5	2,9446153693E-5
302	5,978195414E-5	2,9546334546E-5
303	5,9882732232E-5	2,9646332445E-5
304	5,9983326937E-5	2,9746149236E-5
305	6,008374296E-5	2,9845810981E-5
306	6,0183977627E-5	2,994529427E-5
307	6,0284055596E-5	3,0044598402E-5
308	6,0383952425E-5	3,0143721667E-5
309	6,04837327E-5	3,0242635421E-5
310	6,0589054821E-5	3,0337051681E-5
311	6,0695546604E-5	3,0430638994E-5
312	6,0799823845E-5	3,0525997828E-5
313	6,0902846175E-5	3,0621869131E-5
314	6,1003144384E-5	3,0715448099E-5
315	6,1103545931E-5	3,0810994332E-5
316	6,1203281672E-5	3,09080787E-5
317	6,130194035E-5	3,1005374684E-5
318	6,1400132706E-5	3,1102604567E-5
319	6,1498050421E-5	3,1199684515E-5
320	6,1595753933E-5	3,1296588498E-5
321	6,1693270753E-5	3,1393313568E-5
322	6,1790605823E-5	3,1489853749E-5
323	6,1887762174E-5	3,1586208132E-5
324	6,1984740226E-5	3,1682376153E-5
325	6,208154009E-5	3,1778357353E-5
326	6,2178243608E-5	3,1874112161E-5
327	6,2281992402E-5	3,1964028713E-5
328	6,2385503413E-5	3,2054165933E-5
329	6,2487757937E-5	3,2145231767E-5
330	6,2587073579E-5	3,2233738634E-5
331	6,2685574991E-5	3,2325868013E-5
332	6,2782637422E-5	3,2419761101E-5
333	6,28785049E-5	3,2513994669E-5
334	6,29738427E-5	3,260820822E-5
335	6,3068890797E-5	3,2702289346E-5
336	6,3163723066E-5	3,2796199251E-5
337	6,3258363917E-5	3,2889926524E-5
338	6,3352821152E-5	3,298346728E-5
339	6,3447096862E-5	3,3076820018E-5
340	6,3541191389E-5	3,3169984122E-5
341	6,3635104406E-5	3,3262959055E-5
342	6,3728835686E-5	3,3355744486E-5
343	6,3822482577E-5	3,3448288899E-5
344	6,3925425929E-5	3,3532350979E-5
345	6,4027631927E-5	3,3617620137E-5
346	6,4128136221E-5	3,3703976919E-5
347	6,4227313051E-5	3,3791431438E-5
348	6,4322872503E-5	3,3882052626E-5
349	6,441632826E-5	3,3973215504E-5
350	6,4508927201E-5	3,4064398453E-5
351	6,4601120878E-5	3,4155454629E-5
352	6,4693062984E-5	3,4246342973E-5
353	6,4784803547E-5	3,4337049807E-5
354	6,4876359705E-5	3,44275711E-5
355	6,4967736683E-5	3,4517905162E-5
356	6,5058941239E-5	3,4608055704E-5
357	6,5149973722E-5	3,4698020703E-5
358	6,5240835438E-5	3,4787800641E-5
359	6,5331526402E-5	3,4877395588E-5
360	6,5422046446E-5	3,4966805247E-5
361	6,5512513536E-5	3,5055968164E-5
362	6,5610339259E-5	3,5137978337E-5
363	6,57082029E-5	3,5219674871E-5
364	6,5805052974E-5	3,5302629413E-5
365	6,5898271695E-5	3,5389759236E-5
366	6,5989079949E-5	3,5477709753E-5
367	6,6078877613E-5	3,5565723346E-5
368	6,6168209598E-5	3,5653630984E-5
369	6,6257270551E-5	3,5741378233E-5
370	6,6346130697E-5	3,5828945648E-5
371	6,6434806312E-5	3,5916328781E-5
372	6,6523308482E-5	3,6003524292E-5
373	6,6611636657E-5	3,6090532853E-5
374	6,6699791191E-5	3,6177378735E-5
375	6,67877704E-5	3,6264037259E-5
376	6,6875587899E-5	3,6350508128E-5
377	6,6963216741E-5	3,6436793597E-5
378	6,7050815424E-5	3,6522817874E-5
379	6,714389801E-5	3,6602582196E-5
380	6,723634028E-5	3,6683367877E-5
381	6,7327354283E-5	3,6764628005E-5
382	6,7416320509E-5	3,6848609181E-5
383	6,7504305786E-5	3,6933694101E-5
384	6,7591266165E-5	3,7018685322E-5
385	6,7677694689E-5	3,7103464227E-5
386	6,7763831162E-5	3,7188043072E-5
387	6,7849756541E-5	3,7272425532E-5
388	6,7935496528E-5	3,7356612231E-5
389	6,8021059461E-5	3,7440603064E-5
390	6,8106462116E-5	3,7524397438E-5
391	6,8191673688E-5	3,7607998866E-5
392	6,8276719334E-5	3,7691399778E-5
393	6,8361583369E-5	3,7774606162E-5
394	6,8446265467E-5	3,7857614987E-5
395	6,853091537E-5	3,7940313598E-5
396	6,8621351357E-5	3,8016416779E-5
397	6,8711031584E-5	3,809289795E-5
398	6,8796787764E-5	3,8172578111E-5
399	6,8882119546E-5	3,8254174199E-5
400	6,8966359799E-5	3,8335919877E-5
401	6,9050074849E-5	3,8417577361E-5
402	6,9133396626E-5	3,8499005713E-5
403	6,9216464224E-5	3,858022393E-5
404	6,9299325456E-5	3,8661238367E-5
405	6,938199444E-5	3,8742053466E-5
406	6,9464477061E-5	3,8822670681E-5
407	6,9546774268E-5	3,8903089869E-5
408	6,9628889102E-5	3,8983308587E-5
409	6,9710825168E-5	3,9063323831E-5
410	6,979018046E-5	3,9139091106E-5
411	6,9872380179E-5	3,9217646885E-5
412	6,9959285151E-5	3,9290074027E-5
413	7,0049498971E-5	3,9360165263E-5
414	7,0137158148E-5	3,9432493151E-5
415	7,0221136728E-5	3,9509234607E-5
416	7,0303739858E-5	3,9587722918E-5
417	7,0384939934E-5	3,9666128322E-5
418	7,0465485402E-5	3,9744319713E-5
419	7,054570829E-5	3,982229371E-5
420	7,0625694249E-5	3,9900066283E-5
421	7,0705495136E-5	3,9977625281E-5
422	7,0785102293E-5	4,0054986603E-5
423	7,0864537743E-5	4,0132132644E-5
424	7,0943807948E-5	4,0209100575E-5
425	7,1022890911E-5	4,0285838705E-5
426	7,1101799547E-5	4,0362394436E-5
427	7,118052313E-5	4,0438719798E-5
428	7,1259164875E-5	4,0514787832E-5
429	7,1334897392E-5	4,0588819106E-5
430	7,1410588624E-5	4,0662984495E-5
431	7,148657444E-5	4,0737187737E-5
432	7,1564302656E-5	4,081226732E-5
433	7,1642231949E-5	4,0887512836E-5
434	7,171980442E-5	4,0962462371E-5
435	7,179708948E-5	4,1037192932E-5
436	7,1874144491E-5	4,111166862E-5
437	7,1950995453E-5	4,1185965127E-5
438	7,2027631178E-5	4,1260022724E-5
439	7,2104087075E-5	4,133394821E-5
440	7,2180311811E-5	4,1407624943E-5
441	7,2256419683E-5	4,1481116011E-5
442	7,2329413631E-5	4,1552690165E-5
443	7,2402079017E-5	4,1624168492E-5
444	7,247542423E-5	4,1695805187E-5
445	7,2552357491E-5	4,176959204E-5
446	7,2628528262E-5	4,1842873587E-5
447	7,2704323879E-5	4,1915857918E-5
448	7,2779941719E-5	4,1988694717E-5
449	7,2854733702E-5	4,2060898692E-5
450	7,2929676843E-5	4,2133151014E-5
451	7,3004571036E-5	4,2205333727E-5
452	7,3079369149E-5	4,2277387904E-5
453	7,3153971633E-5	4,2349272394E-5
454	7,3225044044E-5	4,2418882779E-5
455	7,3296534684E-5	4,2488991105E-5
456	7,3366967683E-5	4,2558133638E-5
457	7,3438033511E-5	4,2627403074E-5
458	7,3512212839E-5	4,2698736171E-5
459	7,358565644E-5	4,2769475353E-5
460	7,3658805854E-5	4,2839912112E-5
461	7,3731649934E-5	4,2910161928E-5
462	7,3804347108E-5	4,298020865E-5
463	7,3876763039E-5	4,3050079374E-5
464	7,3948994658E-5	4,3119776422E-5
465	7,4032256924E-5	4,3175660418E-5
466	7,4117858538E-5	4,3230791868E-5
467	7,4196949684E-5	4,3289156019E-5
468	7,4270533328E-5	4,3352790146E-5
469	7,4344168608E-5	4,3420904021E-5
470	7,4415845385E-5	4,3489136502E-5
471	7,448677294E-5	4,3557292685E-5
472	7,4557202203E-5	4,3625327898E-5
473	7,4627432521E-5	4,3693180779E-5
474	7,4697344006E-5	4,3760864522E-5
475	7,476708609E-5	4,3828335798E-5
476	7,4836521765E-5	4,3895623814E-5
477	7,4905785149E-5	4,3962696692E-5
478	7,4974778472E-5	4,4029548057E-5
479	7,5043511014E-5	4,4096184267E-5
480	7,5111995369E-5	4,416261434E-5
481	7,5180212697E-5	4,422887283E-5
482	7,5264838322E-5	4,4280077999E-5
483	7,5351227215E-5	4,4329613496E-5
484	7,5436305488E-5	4,437677408E-5
485	7,5511614505E-5	4,4434206408E-5
486	7,5583040104E-5	4,4498141289E-5
487	7,5651258589E-5	4,4562750358E-5
488	7,571829064E-5	4,4627475153E-5
489	7,5784746978E-5	4,4692093111E-5
490	7,5850790313E-5	4,4756502175E-5
491	7,5916527217E-5	4,4820706027E-5
492	7,5981994434E-5	4,4884708384E-5
493	7,6047204037E-5	4,4948510967E-5
494	7,6112161166E-5	4,5012114511E-5
495	7,6176866953E-5	4,5075519476E-5
496	7,624132189E-5	4,5138725991E-5
497	7,6305523952E-5	4,5201734317E-5
498	7,6370625527E-5	4,5265433565E-5
499	7,643476016E-5	4,5328372752E-5
500	7,6497734601E-5	4,5388359799E-5
501	7,6559731018E-5	4,5449380149E-5
502	7,6620575675E-5	4,5509604446E-5
503	7,6682616905E-5	4,5570449791E-5
504	7,6745909204E-5	4,5632461881E-5
505	7,6809525845E-5	4,5694718687E-5
506	7,6873211861E-5	4,5757130136E-5
507	7,6936718646E-5	4,5819344533E-5
508	7,7000077251E-5	4,588150375E-5
509	7,7063149005E-5	4,5943362115E-5
510	7,7126060257E-5	4,6005152501E-5
511	7,7188645497E-5	4,606660677E-5
512	7,7251184249E-5	4,6127935069E-5
513	7,7311266143E-5	4,6185419952E-5
514	7,7380744592E-5	4,6231645149E-5
515	7,744731714E-5	4,6280134884E-5
516	7,7509911739E-5	4,6334604459E-5
517	7,7571742635E-5	4,6393135709E-5
518	7,763287263E-5	4,6452636055E-5
519	7,7693499755E-5	4,6512363329E-5
520	7,7753757335E-5	4,6571907264E-5
521	7,7813796568E-5	4,6631406311E-5
522	7,7873548754E-5	4,6690644689E-5
523	7,7933050886E-5	4,6749756969E-5
524	7,799233551E-5	4,6808652883E-5
525	7,8051424924E-5	4,6867445019E-5
526	7,8110281729E-5	4,6926016327E-5
527	7,8168931266E-5	4,6984467312E-5
528	7,8227354254E-5	4,7042707797E-5
529	7,8285674323E-5	4,7100867086E-5
530	7,8345798088E-5	4,7152111423E-5
531	7,8405618487E-5	4,719924025E-5
532	7,8465015328E-5	4,7247275319E-5
533	7,8523318752E-5	4,7298287595E-5
534	7,8581297228E-5	4,735377888E-5
535	7,8638545652E-5	4,7410353501E-5
536	7,869540845E-5	4,7467153579E-5
537	7,8751944601E-5	4,7523896257E-5
538	7,88082257E-5	4,7580497103E-5
539	7,8864263385E-5	4,7636937043E-5
540	7,892008855E-5	4,7693220429E-5
541	7,897568609E-5	4,7749340351E-5
542	7,903106097E-5	4,7805292794E-5
543	7,9086208164E-5	4,7861079782E-5
544	7,9141148519E-5	4,7916692271E-5
545	7,9195866273E-5	4,7972140927E-5
546	7,9250379545E-5	4,8027431338E-5
547	7,9304670038E-5	4,8082560384E-5
548	7,9358761709E-5	4,8137534594E-5
549	7,9412627154E-5	4,8192355758E-5
550	7,9466286109E-5	4,8247014955E-5
551	7,9519692865E-5	4,8301474816E-5
552	7,9572855459E-5	4,8355587425E-5
553	7,9625800621E-5	4,8409600821E-5
554	7,9678526994E-5	4,8463326578E-5
555	7,9731132186E-5	4,8517029499E-5
556	7,9790486207E-5	4,8564752931E-5
557	7,9858073989E-5	4,8605243472E-5
558	7,9927509944E-5	4,8643797983E-5
559	7,9997146955E-5	4,8681937166E-5
560	8,0055484879E-5	4,8730000023E-5
561	8,0108952331E-5	4,8781239195E-5
562	8,0160762315E-5	4,8833329485E-5
563	8,0212890298E-5	4,8882184544E-5
564	8,0268082364E-5	4,8926019878E-5
565	8,0318399941E-5	4,8974986177E-5
566	8,0368108194E-5	4,9026027313E-5
567	8,0417932945E-5	4,9077725519E-5
568	8,0467712979E-5	4,9129536724E-5
569	8,0517354711E-5	4,9181286979E-5
570	8,0566821698E-5	4,9232921246E-5
571	8,0616100763E-5	4,928442181E-5
572	8,066518796E-5	4,9335783321E-5
573	8,0714079564E-5	4,9387004053E-5
574	8,0762771246E-5	4,9438083666E-5
575	8,0808370862E-5	4,9487169231E-5
576	8,0852724604E-5	4,953508492E-5
577	8,0896514649E-5	4,9582489947E-5
578	8,0939967414E-5	4,9629603437E-5
579	8,098311321E-5	4,967628025E-5
580	8,1026133927E-5	4,9722541902E-5
581	8,1069041001E-5	4,9768511954E-5
582	8,1115705067E-5	4,9811051171E-5
583	8,116372651E-5	4,9852095063E-5
584	8,1222569169E-5	4,9880389359E-5
585	8,1282897963E-5	4,9907051846E-5
586	8,1344126855E-5	4,9933244251E-5
587	8,140771844E-5	4,996343541E-5
588	8,1469598373E-5	4,9995678854E-5
589	8,1531630322E-5	5,0025374593E-5
590	8,1593088923E-5	5,0055185419E-5
591	8,1654527555E-5	5,0085023647E-5
592	8,1716050009E-5	5,011436722E-5
593	8,1777083812E-5	5,0143333822E-5
594	8,1838160473E-5	5,0171974072E-5
595	8,1898230964E-5	5,0201080187E-5
596	8,1960235133E-5	5,0228994705E-5
597	8,2020125582E-5	5,0257134127E-5
598	8,2077293057E-5	5,0285435064E-5
599	8,2134215136E-5	5,0313615138E-5
600	8,2193631661E-5	5,034195756E-5
601	8,2252867206E-5	5,0369701447E-5
602	8,2311126026E-5	5,0397524201E-5
603	8,236918385E-5	5,0425025592E-5
604	8,2427428409E-5	5,0451887438E-5
605	8,2484777298E-5	5,0479350862E-5
606	8,2542194413E-5	5,0506535E-5
607	8,2599054244E-5	5,0533514974E-5
608	8,2652821124E-5	5,0562821868E-5
609	8,2707331167E-5	5,058772256E-5
610	8,27623358E-5	5,061442303E-5
611	8,2819044385E-5	5,0640225216E-5
612	8,2875568341E-5	5,0665600994E-5
613	8,2931265123E-5	5,0691188321E-5
614	8,2987525948E-5	5,0716184217E-5
615	8,3043123806E-5	5,0741255568E-5
616	8,3098391786E-5	5,0766187826E-5
617	8,3152838586E-5	5,0791642095E-5
618	8,3204071175E-5	5,0817599538E-5
619	8,3251898834E-5	5,0847719605E-5
620	8,3306156591E-5	5,0872476795E-5
621	8,3360554461E-5	5,0896551522E-5
622	8,3414761414E-5	5,0920363593E-5
623	8,3468741544E-5	5,0943986306E-5
624	8,3522252546E-5	5,0967562461E-5
625	8,357403649E-5	5,0992462844E-5
626	8,3624994989E-5	5,1015298561E-5
627	8,3677523753E-5	5,1038099791E-5
628	8,3729933124E-5	5,1060807519E-5
629	8,3782701511E-5	5,1083313302E-5
630	8,3834872601E-5	5,1106001443E-5
631	8,3886855476E-5	5,1128501525E-5
632	8,3938722247E-5	5,1150717574E-5
633	8,3990496597E-5	5,1172737033E-5
634	8,4039869694E-5	5,1194941182E-5
635	8,4086006558E-5	5,1221258868E-5
636	8,4136232223E-5	5,1243908358E-5
637	8,4187453122E-5	5,1265238088E-5
638	8,4237160033E-5	5,1287200923E-5
639	8,4287808048E-5	5,1308128073E-5
640	8,4338176133E-5	5,1328847655E-5
641	8,4387219376E-5	5,1350467789E-5
642	8,4434814921E-5	5,137081064E-5
643	8,4484503546E-5	5,139132598E-5
644	8,4533682453E-5	5,1411783688E-5
645	8,4581917653E-5	5,1432481858E-5
646	8,4629754176E-5	5,1452980392E-5
647	8,4677186539E-5	5,1473391637E-5
648	8,4726780157E-5	5,1491993115E-5
649	8,4773453808E-5	5,1510987938E-5
650	8,4816593382E-5	5,1534520752E-5
651	8,4864290761E-5	5,1554046916E-5
652	8,4911856118E-5	5,1573074136E-5
653	8,495845122E-5	5,1592444611E-5
654	8,5005371938E-5	5,1611230455E-5
655	8,505253218E-5	5,1629603397E-5
656	8,5097495083E-5	5,1648065949E-5
657	8,5139666909E-5	5,1670322759E-5
658	8,5186043805E-5	5,1688681145E-5
659	8,5232113993E-5	5,1706773027E-5
660	8,5278093209E-5	5,17246094E-5
661	8,5323845008E-5	5,1742300672E-5
662	8,5369378578E-5	5,1759830822E-5
663	8,5412867344E-5	5,1777298471E-5
664	8,5452255226E-5	5,1798303291E-5
665	8,5497199725E-5	5,1815543867E-5
666	8,5541601666E-5	5,1832684202E-5
667	8,5586398885E-5	5,1849188225E-5
668	8,5630197942E-5	5,1866149902E-5
669	8,5673704529E-5	5,1882932072E-5
670	8,5717660486E-5	5,1899141376E-5
671	8,5759917326E-5	5,1915298479E-5
672	8,5798176231E-5	5,1934887448E-5
673	8,5841660308E-5	5,1950908064E-5
674	8,5885052676E-5	5,1966503751E-5
675	8,5927996622E-5	5,1982127053E-5
676	8,5970674311E-5	5,1997644995E-5
677	8,6013319578E-5	5,2012936495E-5
678	8,6055733731E-5	5,2028068572E-5
679	8,6095916275E-5	5,2043341296E-5
680	8,6132877023E-5	5,2060458836E-5
681	8,6172144065E-5	5,2076899977E-5
682	8,621334591E-5	5,2091521972E-5
683	8,6254244342E-5	5,2106209437E-5
684	8,6295061885E-5	5,2120645958E-5
685	8,6335164452E-5	5,2135304015E-5
686	8,6375624551E-5	5,2149387813E-5
687	8,6414805095E-5	5,2163228371E-5
688	8,6451854519E-5	5,2179526896E-5
689	8,6492167982E-5	5,2193396845E-5
690	8,6532005222E-5	5,2207015841E-5
691	8,6571694316E-5	5,2220455021E-5
692	8,6610921941E-5	5,2233961889E-5
693	8,6650047559E-5	5,2247231416E-5
694	8,6689203212E-5	5,2260234284E-5
695	8,6726784594E-5	5,2272612612E-5
696	8,676503195E-5	5,2286486289E-5
697	8,6803769314E-5	5,229906072E-5
698	8,6842399419E-5	5,2311516692E-5
699	8,6880332299E-5	5,2324114132E-5
700	8,691768681E-5	5,2336646287E-5
701	8,69555947E-5	5,2348537507E-5
702	8,6991693231E-5	5,2359909351E-5
703	8,7028201419E-5	5,2372457217E-5
704	8,7064977926E-5	5,2384277001E-5
705	8,7101997454E-5	5,2395748096E-5
706	8,7138912453E-5	5,2407226443E-5
707	8,7174942606E-5	5,2419069175E-5
708	8,7211229393E-5	5,2430303037E-5
709	8,7246296791E-5	5,2441323913E-5
710	8,727792798E-5	5,2456715653E-5
711	8,7315036253E-5	5,2466937959E-5
712	8,7351298614E-5	5,247732762E-5
713	8,7387071456E-5	5,2487874816E-5
714	8,74224902E-5	5,2498414139E-5
715	8,7457857654E-5	5,2508629028E-5
716	8,7492051357E-5	5,2518706606E-5
717	8,7525988203E-5	5,2529570076E-5
718	8,7560110079E-5	5,2539804209E-5
719	8,7594592462E-5	5,2549627519E-5
720	8,7629047257E-5	5,2559296274E-5
721	8,7663169041E-5	5,2568869171E-5
722	8,769704908E-5	5,257830492E-5
723	8,7746646549E-5	5,2596902073E-5
724	8,7784803951E-5	5,2609406476E-5
725	8,781741782E-5	5,2620057973E-5
726	8,7848296589E-5	5,2630353296E-5
727	8,7880891498E-5	5,2639649051E-5
728	8,7914068943E-5	5,2648937518E-5
729	8,7946778136E-5	5,2657773094E-5
730	8,79791839E-5	5,266639422E-5
731	8,8011375175E-5	5,2674877051E-5
732	8,8043393108E-5	5,2683245641E-5
733	8,8075256153E-5	5,2691507542E-5
734	8,8106947633E-5	5,2699667903E-5
735	8,8136924119E-5	5,2707419154E-5
736	8,8167798523E-5	5,2719067551E-5
737	8,8198697373E-5	5,2730997456E-5
738	8,8230160788E-5	5,2739650864E-5
739	8,8261210784E-5	5,274755525E-5
740	8,8291991047E-5	5,2755199542E-5
741	8,832256182E-5	5,2762706005E-5
742	8,8351906565E-5	5,2769989676E-5
743	8,8381266071E-5	5,2777632698E-5
744	8,8411283775E-5	5,2784774669E-5
745	8,8440688308E-5	5,2791594786E-5
746	8,8469091202E-5	5,2797691735E-5
747	8,8497310475E-5	5,2803572385E-5
748	8,8525380772E-5	5,2809346347E-5
749	8,8553300394E-5	5,2815043036E-5
750	8,8581065771E-5	5,28206705E-5
751	8,8608676603E-5	5,2826231324E-5
752	8,8636132817E-5	5,2831727749E-5
753	8,8666688737E-5	5,2838346901E-5
754	8,8701972802E-5	5,2847590156E-5
755	8,8738607359E-5	5,2858226532E-5
756	8,8779677645E-5	5,2871683078E-5
757	8,8828513269E-5	5,2890137684E-5
758	8,8880612554E-5	5,2910645465E-5
759	8,8933768655E-5	5,2931794776E-5
760	8,8987244177E-5	5,295311038E-5
761	8,9040793233E-5	5,2974439506E-5
762	8,9094337317E-5	5,2995733734E-5
763	8,9147851219E-5	5,301697798E-5
764	8,9201327146E-5	5,3038167651E-5
765	8,9254762807E-5	5,3059301317E-5
766	8,930815724E-5	5,3080378752E-5
767	8,9361511078E-5	5,3101400261E-5
768	8,9414827597E-5	5,3122369156E-5
769	8,9468107655E-5	5,3143285931E-5
770	8,95213503E-5	5,31641499E-5
771	8,9574554792E-5	5,3184960972E-5
772	8,9627721674E-5	5,3205719212E-5
773	8,9680850735E-5	5,3226424776E-5
774	8,9733942061E-5	5,3247077087E-5
775	8,9786995316E-5	5,3267677449E-5
776	8,9840010938E-5	5,3288225351E-5
777	8,9892988498E-5	5,330872081E-5
778	8,9945928535E-5	5,3329163934E-5
779	8,9998830924E-5	5,334957981E-5
780	9,005169482E-5	5,3369944442E-5
781	9,0104520438E-5	5,3390257494E-5
782	9,0157308134E-5	5,3410518801E-5
783	9,021005782E-5	5,3430728343E-5
784	9,0262769718E-5	5,3450886086E-5
785	9,0315442876E-5	5,347099208E-5
786	9,0368077095E-5	5,3491046494E-5
787	9,0420674234E-5	5,3511051737E-5
788	9,0473234513E-5	5,3531008302E-5
789	9,0525757287E-5	5,3550916651E-5
790	9,0578242599E-5	5,3570776686E-5
791	9,063068956E-5	5,3590588408E-5
792	9,0683097644E-5	5,3610351897E-5
793	9,0735470338E-5	5,3630070326E-5
794	9,0787808774E-5	5,3649744884E-5
795	9,0840113048E-5	5,3669375819E-5
796	9,0892380878E-5	5,3688963086E-5
797	9,0944602581E-5	5,370851573E-5
798	9,0996779017E-5	5,3728034707E-5
799	9,1048910324E-5	5,3747520242E-5
800	9,1100996717E-5	5,3766972479E-5
801	9,1153037975E-5	5,378639146E-5
802	9,1205034301E-5	5,3805777261E-5
803	9,1256985705E-5	5,3825129965E-5
804	9,1308891947E-5	5,3844449572E-5
805	9,1360753704E-5	5,386373614E-5
806	9,1412570432E-5	5,3882989664E-5
807	9,1464342845E-5	5,3902210396E-5
808	9,1516070372E-5	5,392139818E-5
809	9,1567753206E-5	5,3940553078E-5
810	9,1619390949E-5	5,3959675108E-5
811	9,1670985933E-5	5,3978765648E-5
812	9,1722541312E-5	5,3997826909E-5
813	9,1774057585E-5	5,4016859297E-5
814	9,1825534823E-5	5,4035862934E-5
815	9,1876976424E-5	5,4054840135E-5
816	9,1928384239E-5	5,4073791919E-5
817	9,1979758469E-5	5,4092718492E-5
818	9,2031099453E-5	5,4111619969E-5
819	9,2082406991E-5	5,4130496334E-5
820	9,2133681187E-5	5,414934761E-5
821	9,2184922549E-5	5,4168174285E-5
822	9,223613497E-5	5,4186978602E-5
823	9,2287318683E-5	5,4205760793E-5
824	9,2338473509E-5	5,4224521E-5
825	9,2389601452E-5	5,4243260158E-5
826	9,2440705158E-5	5,4261979779E-5
827	9,2491784424E-5	5,4280680098E-5
828	9,2542841102E-5	5,4299361087E-5
829	9,2593873372E-5	5,431802281E-5
830	9,2644881443E-5	5,4336665261E-5
831	9,2695865219E-5	5,4355288577E-5
832	9,2746824628E-5	5,4373892694E-5
833	9,279776215E-5	5,4392478962E-5
834	9,2848678719E-5	5,4411048151E-5
835	9,2899574844E-5	5,4429600325E-5
836	9,2950450171E-5	5,4448135563E-5
837	9,3001304853E-5	5,446665398E-5
838	9,3052139015E-5	5,4485155427E-5
839	9,3102952613E-5	5,4503639954E-5
840	9,3153745436E-5	5,452210762E-5
841	9,3204518001E-5	5,4540558356E-5
842	9,3255287016E-5	5,4558992172E-5
843	9,3306035157E-5	5,4577409143E-5
844	9,3356760394E-5	5,4595807678E-5
845	9,3407461733E-5	5,4614187351E-5
846	9,3458139178E-5	5,4632547927E-5
847	9,3508792526E-5	5,4650889333E-5
848	9,3559421702E-5	5,4669211621E-5
849	9,3610026313E-5	5,4687514472E-5
850	9,3660604531E-5	5,470579673E-5
851	9,3711156027E-5	5,4724058193E-5
852	9,3761682749E-5	5,4742300149E-5
853	9,3812186386E-5	5,4760523591E-5
854	9,3862667038E-5	5,4778728653E-5
855	9,3913124705E-5	5,4796915499E-5
856	9,3963559357E-5	5,4815083951E-5
857	9,4013970923E-5	5,4833234003E-5
858	9,4064359817E-5	5,4851365677E-5
859	9,4114725753E-5	5,4869479009E-5
860	9,4165068632E-5	5,4887574014E-5
861	9,4215386364E-5	5,4905649246E-5
862	9,4265677781E-5	5,4923704139E-5
863	9,4315942628E-5	5,4941738315E-5
864	9,4366180821E-5	5,495975174E-5
865	9,4416394914E-5	5,4977744378E-5
866	9,4466583264E-5	5,4995716956E-5
867	9,451674837E-5	5,5013670937E-5
868	9,4566890505E-5	5,5031606414E-5
869	9,4617009386E-5	5,504952334E-5
870	9,4667105231E-5	5,5067421739E-5
871	9,4717178266E-5	5,5085301623E-5
872	9,4767227961E-5	5,5103162992E-5
873	9,4817254633E-5	5,5121005856E-5
874	9,4867258596E-5	5,5138830255E-5
875	9,4917239553E-5	5,5156636176E-5
876	9,4967197307E-5	5,5174423683E-5
877	9,5017132214E-5	5,5192192732E-5
878	9,5067044023E-5	5,5209943327E-5
879	9,5116932839E-5	5,5227675524E-5
880	9,5166798869E-5	5,5245389488E-5
881	9,5216642043E-5	5,5263085027E-5
882	9,5266462417E-5	5,5280762201E-5
883	9,5316259731E-5	5,529842101E-5
884	9,5366034243E-5	5,5316061422E-5
885	9,5415785725E-5	5,5333683446E-5
886	9,5465514329E-5	5,5351287092E-5
887	9,5515219203E-5	5,5368871808E-5
888	9,5564898664E-5	5,5386436477E-5
889	9,561455242E-5	5,5403980827E-5
890	9,5664179931E-5	5,5421504694E-5
891	9,5713779266E-5	5,5439006749E-5
892	9,5763346976E-5	5,5456484724E-5
893	9,5812881995E-5	5,5473937939E-5
894	9,5862383862E-5	5,5491366182E-5
895	9,5911852438E-5	5,5508769424E-5
896	9,59612879E-5	5,5526147668E-5
897	9,6010690297E-5	5,5543500891E-5
898	9,6060059311E-5	5,5560829132E-5
899	9,6109394999E-5	5,557813238E-5
900	9,6158697628E-5	5,5595410649E-5
901	9,6207967066E-5	5,5612663954E-5
902	9,6257203323E-5	5,5629892388E-5
903	9,6306403849E-5	5,564709437E-5
904	9,6355568067E-5	5,5664269351E-5
905	9,6404695779E-5	5,5681417233E-5
906	9,6453802737E-5	5,5698538E-5
907	9,6502873265E-5	5,5715631741E-5
908	9,6551906237E-5	5,5732697804E-5
909	9,6600899975E-5	5,5749735172E-5
910	9,6649873075E-5	5,576674294E-5
911	9,6698800895E-5	5,5783718298E-5
912	9,6747682215E-5	5,5800660238E-5
913	9,6796516903E-5	5,5817568489E-5
914	9,6845304877E-5	5,5834442978E-5
915	9,6894045595E-5	5,5851283736E-5
916	9,6942739566E-5	5,5868090734E-5
917	9,6991386193E-5	5,5884864096E-5
918	9,7039986309E-5	5,5901603762E-5
919	9,7088539802E-5	5,591830975E-5
920	9,7137046251E-5	5,5934982157E-5
921	9,7185505701E-5	5,5951621002E-5
922	9,7233918339E-5	5,5968226314E-5
923	9,7282284265E-5	5,5984798092E-5
924	9,7330603442E-5	5,6001336376E-5
925	9,7378875661E-5	5,6017841303E-5
926	9,7427100951E-5	5,6034312821E-5
927	9,7475279728E-5	5,6050750926E-5
928	9,7523411876E-5	5,6067155657E-5
929	9,7571497307E-5	5,6083527229E-5
930	9,7619536194E-5	5,6099865438E-5
931	9,7667528024E-5	5,6116170317E-5
932	9,7715473217E-5	5,613244196E-5
933	9,776337168E-5	5,6148680374E-5
934	9,7811223267E-5	5,6164885523E-5
935	9,7859028536E-5	5,6181057428E-5
936	9,7906786886E-5	5,619719616E-5
937	9,7954498666E-5	5,6213301718E-5
938	9,8002163673E-5	5,6229374127E-5
939	9,8049782239E-5	5,624541342E-5
940	9,8097354205E-5	5,626141966E-5
941	9,8144879545E-5	5,6277392968E-5
942	9,819235826E-5	5,6293333293E-5
943	9,8239790474E-5	5,6309240657E-5
944	9,828719495E-5	5,6325115055E-5
945	9,8334534299E-5	5,6340957039E-5
946	9,8381845682E-5	5,6356765761E-5
947	9,8429110612E-5	5,6372542065E-5
948	9,8476329033E-5	5,6388285661E-5
949	9,8523500946E-5	5,640399656E-5
950	9,8570626201E-5	5,6419674629E-5
951	9,8617705191E-5	5,643531987E-5
952	9,8664737697E-5	5,6450932361E-5
953	9,8711723556E-5	5,6466512057E-5
954	9,8758662818E-5	5,6482058995E-5
955	9,8805555429E-5	5,6497573183E-5
956	9,8852401449E-5	5,651305476E-5
957	9,8899200959E-5	5,6528503664E-5
958	9,8945954068E-5	5,6543919952E-5
959	9,8992660551E-5	5,6559303618E-5
960	9,903932048E-5	5,6574654717E-5
961	9,9085933971E-5	5,6589973243E-5
962	9,9132503089E-5	5,6605260613E-5
963	9,917902938E-5	5,6620517617E-5
964	9,9225512964E-5	5,6635744481E-5
965	9,9271954016E-5	5,6650941339E-5
966	9,931835273E-5	5,6666108183E-5
967	9,9364708997E-5	5,6681245165E-5
968	9,9411022725E-5	5,6696352158E-5
969	9,9457293942E-5	5,6711429252E-5
970	9,9503522814E-5	5,6726476443E-5
971	9,9549709122E-5	5,6741493796E-5
972	9,9595853084E-5	5,6756481307E-5
973	9,9641954736E-5	5,6771439115E-5
974	9,9688014095E-5	5,6786367126E-5
975	9,9734030914E-5	5,6801265433E-5
976	9,9780005716E-5	5,6816134086E-5
977	9,9825938075E-5	5,6830973128E-5
978	9,98718281E-5	5,6845782579E-5
979	9,9917675918E-5	5,6860562454E-5
980	9,996348177E-5	5,687531276E-5
981	1,0000924542E-4	5,6890033522E-5
982	1,0005496678E-4	5,6904724759E-5
983	1,0010064619E-4	5,6919386492E-5
984	1,0014628344E-4	5,6934018782E-5
985	1,0019187848E-4	5,6948621732E-5
986	1,0023743153E-4	5,6963195248E-5
987	1,0028294251E-4	5,6977739397E-5
988	1,0032841155E-4	5,699225417E-5
989	1,0037383838E-4	5,7006739586E-5
990	1,0041922342E-4	5,7021195659E-5
991	1,004645664E-4	5,7035622413E-5
992	1,0050986741E-4	5,7050019921E-5
993	1,0055512645E-4	5,7064388224E-5
994	1,0060034369E-4	5,7078727534E-5
995	1,0064551909E-4	5,7093037684E-5
996	1,0069065269E-4	5,7107318724E-5
997	1,007357443E-4	5,7121571002E-5
998	1,007807939E-4	5,7135794248E-5
999	1,008258061E-4	5,7149988458E-5
1000	1,0087077657E-4	5,7164153693E-5
