0 8 3 iMM904.cmd 1E-8
0 8 3 iJN1463.cmd 1E-6
0 12 7 iMM904.cmd 1E-8
0 12 7 iJN1463.cmd 1E-6
0 8 7 iMM904.cmd 1E-8
0 8 7 iJN1463.cmd 1E-6
0 11 1 iMM904.cmd 1E-8
0 11 1 iJN1463.cmd 1E-6
0 3 5 iMM904.cmd 1E-8
0 3 5 iJN1463.cmd 1E-6
0 6 7 iMM904.cmd 1E-8
0 6 7 iJN1463.cmd 1E-6
0 10 1 iMM904.cmd 1E-8
0 10 1 iJN1463.cmd 1E-6
0 2 9 iMM904.cmd 1E-8
0 2 9 iJN1463.cmd 1E-6
0 3 2 iMM904.cmd 1E-8
0 3 2 iJN1463.cmd 1E-6
0 10 12 iMM904.cmd 1E-8
0 10 12 iJN1463.cmd 1E-6
0 6 4 iMM904.cmd 1E-8
0 6 4 iJN1463.cmd 1E-6
0 10 3 iMM904.cmd 1E-8
0 10 3 iJN1463.cmd 1E-6
0 14 9 iMM904.cmd 1E-8
0 14 9 iJN1463.cmd 1E-6
0 3 14 iMM904.cmd 1E-8
0 3 14 iJN1463.cmd 1E-6
0 2 3 iMM904.cmd 1E-8
0 2 3 iJN1463.cmd 1E-6
500 8 3 iMM904.cmd 4,3680553562E-8
500 8 3 iJN1463.cmd 3,1435970728E-7
500 12 7 iMM904.cmd 1,0292378499E-8
500 12 7 iJN1463.cmd 1,988361595E-7
500 8 7 iMM904.cmd 5,6203102245E-8
500 8 7 iJN1463.cmd 3,4916036505E-7
500 11 1 iMM904.cmd 2,7744695531E-8
500 11 1 iJN1463.cmd 3,3514406254E-7
500 3 5 iMM904.cmd 3,4241837755E-7
500 3 5 iJN1463.cmd 9,5422519534E-7
500 6 7 iMM904.cmd 1,1935446548E-7
500 6 7 iJN1463.cmd 5,0826998963E-7
500 10 1 iMM904.cmd 3,2823998756E-8
500 10 1 iJN1463.cmd 3,2608521745E-7
500 2 9 iMM904.cmd 4,6582289815E-7
500 2 9 iJN1463.cmd 1,3418742918E-6
500 3 2 iMM904.cmd 2,9586022891E-7
500 3 2 iJN1463.cmd 8,6241428878E-7
500 10 12 iMM904.cmd 3,2827632884E-8
500 10 12 iJN1463.cmd 2,3544284325E-7
500 6 4 iMM904.cmd 1,2732643917E-7
500 6 4 iJN1463.cmd 4,5903981012E-7
500 10 3 iMM904.cmd 2,9175452712E-8
500 10 3 iJN1463.cmd 2,6791605957E-7
500 14 9 iMM904.cmd 1,266522028E-8
500 14 9 iJN1463.cmd 2,2906677502E-7
500 3 14 iMM904.cmd 8,9493317022E-8
500 3 14 iJN1463.cmd 5,1225741748E-7
500 2 3 iMM904.cmd 3,9366692505E-7
500 2 3 iJN1463.cmd 1,0629140247E-6
500 1 3 iMM904.cmd 3,400708914E-7
500 1 3 iJN1463.cmd 8,7664232956E-7
500 2 4 iMM904.cmd 4,1318812352E-7
500 2 4 iJN1463.cmd 1,0820759201E-6
500 2 5 iMM904.cmd 3,9151069236E-7
500 2 5 iJN1463.cmd 1,0299046605E-6
500 2 8 iMM904.cmd 4,4983744794E-7
500 2 8 iJN1463.cmd 1,2249057302E-6
500 2 14 iMM904.cmd 8,9615932731E-8
500 2 14 iJN1463.cmd 5,0220059919E-7
500 3 1 iMM904.cmd 2,8578913795E-7
500 3 1 iJN1463.cmd 7,9348131162E-7
500 3 3 iMM904.cmd 3,2800211551E-7
500 3 3 iJN1463.cmd 9,4715360602E-7
500 3 6 iMM904.cmd 3,3551306316E-7
500 3 6 iJN1463.cmd 9,2721063928E-7
500 3 9 iMM904.cmd 4,2148732682E-7
500 3 9 iJN1463.cmd 1,2105235833E-6
500 3 13 iMM904.cmd 2,3556237044E-7
500 3 13 iJN1463.cmd 7,8353837526E-7
500 4 2 iMM904.cmd 2,4803254935E-7
500 4 2 iJN1463.cmd 7,2372483455E-7
500 4 5 iMM904.cmd 2,6177030327E-7
500 4 5 iJN1463.cmd 7,672780798E-7
500 4 14 iMM904.cmd 7,0739482016E-8
500 4 14 iJN1463.cmd 4,2171486246E-7
500 5 4 iMM904.cmd 1,6195999451E-7
500 5 4 iJN1463.cmd 5,3078694626E-7
500 5 7 iMM904.cmd 1,7033834121E-7
500 5 7 iJN1463.cmd 5,8129123012E-7
500 6 3 iMM904.cmd 1,4226091262E-7
500 6 3 iJN1463.cmd 4,7073909095E-7
500 6 5 iMM904.cmd 1,2823065424E-7
500 6 5 iJN1463.cmd 4,6118272085E-7
500 6 8 iMM904.cmd 1,0333757517E-7
500 6 8 iJN1463.cmd 4,3969706241E-7
500 7 4 iMM904.cmd 8,3776722182E-8
500 7 4 iJN1463.cmd 3,7171755535E-7
500 7 7 iMM904.cmd 8,3135860743E-8
500 7 7 iJN1463.cmd 4,1716484803E-7
500 8 2 iMM904.cmd 4,6392934088E-8
500 8 2 iJN1463.cmd 2,7683450113E-7
500 8 4 iMM904.cmd 5,148600977E-8
500 8 4 iJN1463.cmd 3,0545331044E-7
500 8 6 iMM904.cmd 5,0716825599E-8
500 8 6 iJN1463.cmd 2,9952723361E-7
500 9 1 iMM904.cmd 3,5306152795E-8
500 9 1 iJN1463.cmd 2,7280070727E-7
500 9 3 iMM904.cmd 3,8302667125E-8
500 9 3 iJN1463.cmd 2,9550907978E-7
500 9 7 iMM904.cmd 3,5284751839E-8
500 9 7 iJN1463.cmd 2,4937468518E-7
500 9 12 iMM904.cmd 3,7063099075E-8
500 9 12 iJN1463.cmd 2,4770894448E-7
500 10 0 iMM904.cmd 3,145813998E-8
500 10 0 iJN1463.cmd 2,9322147636E-7
500 10 2 iMM904.cmd 3,1693709356E-8
500 10 2 iJN1463.cmd 3,0840842294E-7
500 10 4 iMM904.cmd 2,5038472214E-8
500 10 4 iJN1463.cmd 2,0351939917E-7
500 10 11 iMM904.cmd 3,3402530084E-8
500 10 11 iJN1463.cmd 2,4044659329E-7
500 10 13 iMM904.cmd 2,7418444335E-8
500 10 13 iJN1463.cmd 1,7784888204E-7
500 11 0 iMM904.cmd 2,4204350756E-8
500 11 0 iJN1463.cmd 2,7876980172E-7
500 11 2 iMM904.cmd 2,2611287645E-8
500 11 2 iJN1463.cmd 2,6420598577E-7
500 11 3 iMM904.cmd 1,9012891235E-8
500 11 3 iJN1463.cmd 2,0461941006E-7
500 11 7 iMM904.cmd 1,0737975131E-8
500 11 7 iJN1463.cmd 1,9175465234E-7
500 11 12 iMM904.cmd 2,7214566644E-8
500 11 12 iJN1463.cmd 2,0131965235E-7
500 12 6 iMM904.cmd 9,1340264482E-9
500 12 6 iJN1463.cmd 1,7247604026E-7
500 12 8 iMM904.cmd 1,0428263256E-8
500 12 8 iJN1463.cmd 1,6797324718E-7
500 13 7 iMM904.cmd 9,255382138E-9
500 13 7 iJN1463.cmd 2,039933835E-7
500 13 9 iMM904.cmd 1,1771305914E-8
500 13 9 iJN1463.cmd 1,8490281618E-7
500 14 8 iMM904.cmd 1,1034994729E-8
500 14 8 iJN1463.cmd 2,3030049794E-7
500 14 10 iMM904.cmd 1,1212101206E-8
500 14 10 iJN1463.cmd 1,7263227194E-7
500 4 3 iMM904.cmd 2,5486170462E-7
500 4 3 iJN1463.cmd 7,5292735883E-7
500 5 5 iMM904.cmd 1,8549176467E-7
500 5 5 iJN1463.cmd 5,8717315089E-7
500 7 6 iMM904.cmd 6,8947888112E-8
500 7 6 iJN1463.cmd 3,5376210733E-7
500 7 8 iMM904.cmd 8,8884271034E-8
500 7 8 iJN1463.cmd 3,9581671578E-7
500 9 2 iMM904.cmd 3,8867596195E-8
500 9 2 iJN1463.cmd 2,9522861134E-7
500 9 4 iMM904.cmd 3,5117399718E-8
500 9 4 iJN1463.cmd 2,5160775264E-7
500 1 4 iMM904.cmd 3,5107540895E-7
500 1 4 iJN1463.cmd 8,9654653427E-7
500 2 6 iMM904.cmd 3,8814261577E-7
500 2 6 iJN1463.cmd 1,0205097436E-6
500 2 13 iMM904.cmd 2,5334490299E-7
500 2 13 iJN1463.cmd 8,265000628E-7
500 3 8 iMM904.cmd 4,4983163196E-7
500 3 8 iJN1463.cmd 1,2520560946E-6
500 4 1 iMM904.cmd 2,5417244275E-7
500 4 1 iJN1463.cmd 7,122191819E-7
500 4 6 iMM904.cmd 2,4835856286E-7
500 4 6 iJN1463.cmd 7,2782874924E-7
500 4 13 iMM904.cmd 1,8742631457E-7
500 4 13 iJN1463.cmd 6,4355941736E-7
500 5 3 iMM904.cmd 1,8248069947E-7
500 5 3 iJN1463.cmd 5,6640344643E-7
500 7 5 iMM904.cmd 8,0547754544E-8
500 7 5 iJN1463.cmd 3,5793894234E-7
500 8 1 iMM904.cmd 4,1063832093E-8
500 8 1 iJN1463.cmd 2,2827955203E-7
500 8 5 iMM904.cmd 5,137462892E-8
500 8 5 iJN1463.cmd 2,8275175397E-7
500 9 0 iMM904.cmd 3,2877595985E-8
500 9 0 iJN1463.cmd 2,4107739476E-7
500 9 6 iMM904.cmd 3,2999294621E-8
500 9 6 iJN1463.cmd 2,1758325111E-7
500 9 13 iMM904.cmd 3,1126411074E-8
500 9 13 iJN1463.cmd 1,886929283E-7
500 11 4 iMM904.cmd 1,5428518013E-8
500 11 4 iJN1463.cmd 1,4795810007E-7
500 11 8 iMM904.cmd 1,0127635557E-8
500 11 8 iJN1463.cmd 1,414935294E-7
500 11 11 iMM904.cmd 2,4303910581E-8
500 11 11 iJN1463.cmd 1,8920664043E-7
500 11 13 iMM904.cmd 2,0733005548E-8
500 11 13 iJN1463.cmd 1,3828082401E-7
500 12 9 iMM904.cmd 1,03884019E-8
500 12 9 iJN1463.cmd 1,4239488917E-7
500 13 10 iMM904.cmd 1,027300318E-8
500 13 10 iJN1463.cmd 1,4122987593E-7
500 14 7 iMM904.cmd 7,0791256692E-9
500 14 7 iJN1463.cmd 1,7193442528E-7
500 0 3 iMM904.cmd 1,5081627318E-7
500 0 3 iJN1463.cmd 4,9798875238E-7
500 1 2 iMM904.cmd 3,0281665393E-7
500 1 2 iJN1463.cmd 7,644712927E-7
500 1 5 iMM904.cmd 3,4166985444E-7
500 1 5 iJN1463.cmd 8,6786655615E-7
500 1 8 iMM904.cmd 3,8112021362E-7
500 1 8 iJN1463.cmd 9,7125974109E-7
500 2 1 iMM904.cmd 2,9936898419E-7
500 2 1 iJN1463.cmd 7,9557041514E-7
500 2 7 iMM904.cmd 4,3416271076E-7
500 2 7 iJN1463.cmd 1,1587640662E-6
500 3 0 iMM904.cmd 2,6919891381E-7
500 3 0 iJN1463.cmd 7,3462625671E-7
500 3 10 iMM904.cmd 3,1492027526E-7
500 3 10 iJN1463.cmd 9,3070703378E-7
500 3 12 iMM904.cmd 2,7136601516E-7
500 3 12 iJN1463.cmd 8,7231661344E-7
500 4 7 iMM904.cmd 2,0150694968E-7
500 4 7 iJN1463.cmd 6,2311392395E-7
500 5 2 iMM904.cmd 1,8148356241E-7
500 5 2 iJN1463.cmd 5,4888912437E-7
500 5 6 iMM904.cmd 1,9758507781E-7
500 5 6 iJN1463.cmd 6,1586027642E-7
500 6 2 iMM904.cmd 1,2695861859E-7
500 6 2 iJN1463.cmd 4,1251429437E-7
500 6 9 iMM904.cmd 1,0082761944E-7
500 6 9 iJN1463.cmd 3,7077322995E-7
500 7 2 iMM904.cmd 7,0789559789E-8
500 7 2 iJN1463.cmd 2,8033203941E-7
500 9 8 iMM904.cmd 2,1100101266E-8
500 9 8 iJN1463.cmd 1,6247247898E-7
500 10 5 iMM904.cmd 2,0496292971E-8
500 10 5 iJN1463.cmd 1,5518410401E-7
500 10 14 iMM904.cmd 1,4190916084E-8
500 10 14 iJN1463.cmd 1,1632251758E-7
500 12 0 iMM904.cmd 1,2343001086E-8
500 12 0 iJN1463.cmd 1,5460441312E-7
500 12 2 iMM904.cmd 1,0713483158E-8
500 12 2 iJN1463.cmd 1,398351783E-7
500 12 3 iMM904.cmd 9,1801621581E-9
500 12 3 iJN1463.cmd 1,154509361E-7
500 12 5 iMM904.cmd 7,024268576E-9
500 12 5 iJN1463.cmd 1,0158189272E-7
500 14 11 iMM904.cmd 7,2600743076E-9
500 14 11 iJN1463.cmd 1,0283531928E-7
500 1 14 iMM904.cmd 6,8271157902E-8
500 1 14 iJN1463.cmd 3,9431055597E-7
500 5 14 iMM904.cmd 4,5991207419E-8
500 5 14 iJN1463.cmd 2,9769510421E-7
500 9 5 iMM904.cmd 3,2410800452E-8
500 9 5 iJN1463.cmd 2,1206761636E-7
500 7 9 iMM904.cmd 8,1233181409E-8
500 7 9 iJN1463.cmd 3,106585349E-7
500 8 0 iMM904.cmd 3,9807052949E-8
500 8 0 iJN1463.cmd 2,009779513E-7
500 11 5 iMM904.cmd 1,2769583557E-8
500 11 5 iJN1463.cmd 1,1718507707E-7
500 11 9 iMM904.cmd 9,4453779033E-9
500 11 9 iJN1463.cmd 1,0952907095E-7
500 12 4 iMM904.cmd 7,496690857E-9
500 12 4 iJN1463.cmd 9,2926091907E-8
500 12 10 iMM904.cmd 1,0715739897E-8
500 12 10 iJN1463.cmd 1,2060597527E-7
500 0 4 iMM904.cmd 1,5450441482E-7
500 0 4 iJN1463.cmd 5,0353522464E-7
500 1 6 iMM904.cmd 3,3225738615E-7
500 1 6 iJN1463.cmd 8,3923716938E-7
500 4 0 iMM904.cmd 2,2087191689E-7
500 4 0 iJN1463.cmd 6,1411713894E-7
500 7 1 iMM904.cmd 5,1625892944E-8
500 7 1 iJN1463.cmd 2,1452026741E-7
500 10 6 iMM904.cmd 2,1608998688E-8
500 10 6 iJN1463.cmd 1,4909988923E-7
500 10 8 iMM904.cmd 1,1240030811E-8
500 10 8 iJN1463.cmd 1,1046301225E-7
500 13 11 iMM904.cmd 6,3032751509E-9
500 13 11 iJN1463.cmd 8,9891448315E-8
500 9 14 iMM904.cmd 1,3363897847E-8
500 9 14 iJN1463.cmd 1,0983925648E-7
500 11 14 iMM904.cmd 1,0713652978E-8
500 11 14 iJN1463.cmd 9,0904221992E-8
500 2 12 iMM904.cmd 2,9015150603E-7
500 2 12 iJN1463.cmd 9,4417496179E-7
500 4 12 iMM904.cmd 2,1407300402E-7
500 4 12 iJN1463.cmd 7,0969238191E-7
500 0 2 iMM904.cmd 1,3092898175E-7
500 0 2 iJN1463.cmd 4,412696961E-7
500 1 1 iMM904.cmd 2,7221741565E-7
500 1 1 iJN1463.cmd 7,0794985593E-7
500 2 0 iMM904.cmd 2,8669935005E-7
500 2 0 iJN1463.cmd 7,6760196755E-7
500 3 11 iMM904.cmd 2,8041443723E-7
500 3 11 iJN1463.cmd 8,8200593734E-7
500 11 10 iMM904.cmd 1,3683543168E-8
500 11 10 iJN1463.cmd 1,2252089783E-7
500 1 13 iMM904.cmd 2,1936972753E-7
500 1 13 iJN1463.cmd 7,1390709534E-7
500 5 13 iMM904.cmd 1,3235115042E-7
500 5 13 iJN1463.cmd 4,8177066792E-7
500 12 13 iMM904.cmd 1,1046151037E-8
500 12 13 iJN1463.cmd 7,3995066873E-8
500 14 6 iMM904.cmd 0E0
500 14 6 iJN1463.cmd 8,3097780322E-8
500 0 5 iMM904.cmd 1,4465137458E-7
500 0 5 iJN1463.cmd 4,707335471E-7
500 0 8 iMM904.cmd 1,143106682E-7
500 0 8 iJN1463.cmd 3,75538883E-7
500 4 10 iMM904.cmd 2,2452898225E-7
500 4 10 iJN1463.cmd 6,8754622653E-7
500 5 9 iMM904.cmd 1,1760559851E-7
500 5 9 iJN1463.cmd 3,9544829302E-7
500 6 10 iMM904.cmd 1,0460611555E-7
500 6 10 iJN1463.cmd 3,6437642039E-7
500 13 0 iMM904.cmd 3,2720394905E-9
500 13 0 iJN1463.cmd 5,7708050886E-8
500 13 2 iMM904.cmd 2,2532515648E-9
500 13 2 iJN1463.cmd 5,3349742178E-8
500 13 3 iMM904.cmd 1,6683661298E-9
500 13 3 iJN1463.cmd 5,0597233149E-8
500 14 12 iMM904.cmd 0E0
500 14 12 iJN1463.cmd 5,8168822023E-8
500 13 5 iMM904.cmd 0E0
500 13 5 iJN1463.cmd 4,9611084303E-8
500 7 0 iMM904.cmd 5,4665813863E-8
500 7 0 iJN1463.cmd 2,0841231321E-7
500 10 9 iMM904.cmd 6,89147848E-9
500 10 9 iJN1463.cmd 7,8781524291E-8
500 4 11 iMM904.cmd 2,171826362E-7
500 4 11 iJN1463.cmd 6,9860520088E-7
500 7 10 iMM904.cmd 7,6664631439E-8
500 7 10 iJN1463.cmd 2,8032818596E-7
500 0 6 iMM904.cmd 1,2261381977E-7
500 0 6 iJN1463.cmd 4,026742468E-7
500 2 11 iMM904.cmd 2,9026001353E-7
500 2 11 iJN1463.cmd 9,6337104812E-7
500 13 4 iMM904.cmd 0E0
500 13 4 iJN1463.cmd 4,5141892095E-8
500 1 0 iMM904.cmd 2,5222615556E-7
500 1 0 iJN1463.cmd 6,7441396001E-7
500 1 12 iMM904.cmd 2,4804486363E-7
500 1 12 iJN1463.cmd 8,3415787649E-7
500 5 12 iMM904.cmd 1,5012943873E-7
500 5 12 iJN1463.cmd 5,3570982727E-7
500 8 9 iMM904.cmd 6,3390300796E-8
500 8 9 iJN1463.cmd 2,3290116731E-7
500 0 1 iMM904.cmd 1,0929149005E-7
500 0 1 iJN1463.cmd 3,9126471785E-7
500 5 0 iMM904.cmd 1,4317916687E-7
500 5 0 iJN1463.cmd 4,2135310684E-7
500 5 10 iMM904.cmd 1,4575953778E-7
500 5 10 iJN1463.cmd 4,765834121E-7
500 13 12 iMM904.cmd 7,7293471821E-11
500 13 12 iJN1463.cmd 5,5944146213E-8
500 12 14 iMM904.cmd 5,3270812472E-9
500 12 14 iJN1463.cmd 5,2198113139E-8
500 0 13 iMM904.cmd 6,1770705237E-8
500 0 13 iJN1463.cmd 3,4971722902E-7
500 0 14 iMM904.cmd 2,5409390204E-8
500 0 14 iJN1463.cmd 2,272318751E-7
500 6 13 iMM904.cmd 8,7669643218E-8
500 6 13 iJN1463.cmd 3,5507237921E-7
500 6 14 iMM904.cmd 2,5909685866E-8
500 6 14 iJN1463.cmd 1,983069334E-7
500 13 13 iMM904.cmd 3,0933973336E-9
500 13 13 iJN1463.cmd 4,4485965742E-8
500 14 5 iMM904.cmd 0E0
500 14 5 iJN1463.cmd 3,9348147372E-8
500 6 11 iMM904.cmd 1,0357157484E-7
500 6 11 iJN1463.cmd 3,8272917871E-7
500 13 1 iMM904.cmd 0E0
500 13 1 iJN1463.cmd 3,2278906336E-8
500 0 7 iMM904.cmd 5,9241896853E-8
500 0 7 iJN1463.cmd 2,3766344366E-7
500 0 9 iMM904.cmd 3,5708510633E-8
500 0 9 iJN1463.cmd 2,0656129485E-7
500 8 14 iMM904.cmd 4,9432599976E-9
500 8 14 iJN1463.cmd 7,2771273782E-8
500 5 11 iMM904.cmd 1,5007862198E-7
500 5 11 iJN1463.cmd 5,1615919561E-7
500 14 13 iMM904.cmd 0E0
500 14 13 iJN1463.cmd 3,690136747E-8
500 1 11 iMM904.cmd 2,3748806153E-7
500 1 11 iJN1463.cmd 8,6214507696E-7
500 6 0 iMM904.cmd 8,7325587212E-8
500 6 0 iJN1463.cmd 2,8467796484E-7
500 8 10 iMM904.cmd 5,4985305429E-8
500 8 10 iJN1463.cmd 2,105302034E-7
500 0 0 iMM904.cmd 9,4871468038E-8
500 0 0 iJN1463.cmd 3,6257303027E-7
500 6 12 iMM904.cmd 1,0108651237E-7
500 6 12 iJN1463.cmd 4,0081574281E-7
500 0 12 iMM904.cmd 6,8581104416E-8
500 0 12 iJN1463.cmd 4,0690629544E-7
500 7 11 iMM904.cmd 7,3490919623E-8
500 7 11 iJN1463.cmd 2,9094410043E-7
500 14 0 iMM904.cmd 0E0
500 14 0 iJN1463.cmd 2,4036197127E-8
500 7 13 iMM904.cmd 6,105866137E-8
500 7 13 iJN1463.cmd 2,8576803897E-7
500 14 2 iMM904.cmd 0E0
500 14 2 iJN1463.cmd 2,3046698956E-8
500 13 14 iMM904.cmd 0E0
500 13 14 iJN1463.cmd 2,8495473759E-8
500 14 3 iMM904.cmd 0E0
500 14 3 iJN1463.cmd 2,3715488525E-8
500 0 11 iMM904.cmd 6,009014415E-8
500 0 11 iJN1463.cmd 4,0255340113E-7
500 14 4 iMM904.cmd 0E0
500 14 4 iJN1463.cmd 2,5484200334E-8
500 8 11 iMM904.cmd 5,4997106985E-8
500 8 11 iJN1463.cmd 2,2402577352E-7
500 7 12 iMM904.cmd 7,2863918968E-8
500 7 12 iJN1463.cmd 3,240782412E-7
500 1 10 iMM904.cmd 2,018562741E-7
500 1 10 iJN1463.cmd 8,6323884371E-7
500 9 10 iMM904.cmd 3,7347245337E-8
500 9 10 iJN1463.cmd 1,6068580889E-7
500 7 14 iMM904.cmd 1,3709732749E-8
500 7 14 iJN1463.cmd 1,3457304695E-7
500 0 10 iMM904.cmd 4,4613605008E-8
500 0 10 iJN1463.cmd 3,5770739819E-7
500 14 14 iMM904.cmd 0E0
500 14 14 iJN1463.cmd 1,9536116451E-8
500 14 1 iMM904.cmd 0E0
500 14 1 iJN1463.cmd 1,8284819048E-8
1000 8 3 iMM904.cmd 6,5689817326E-8
1000 8 3 iJN1463.cmd 2,8829072355E-7
1000 12 7 iMM904.cmd 1,0605712601E-8
1000 12 7 iJN1463.cmd 1,5968925046E-7
1000 8 7 iMM904.cmd 7,9767503164E-8
1000 8 7 iJN1463.cmd 3,1444913675E-7
1000 11 1 iMM904.cmd 3,0492965815E-8
1000 11 1 iJN1463.cmd 2,4206423475E-7
1000 3 5 iMM904.cmd 4,2325662524E-7
1000 3 5 iJN1463.cmd 9,6978254664E-7
1000 6 7 iMM904.cmd 1,5838619113E-7
1000 6 7 iJN1463.cmd 4,8461364789E-7
1000 10 1 iMM904.cmd 3,9415244267E-8
1000 10 1 iJN1463.cmd 2,5865162119E-7
1000 2 9 iMM904.cmd 5,8823398573E-7
1000 2 9 iJN1463.cmd 1,3423435262E-6
1000 3 2 iMM904.cmd 3,7044915598E-7
1000 3 2 iJN1463.cmd 8,6270102511E-7
1000 10 12 iMM904.cmd 3,5556330781E-8
1000 10 12 iJN1463.cmd 1,8027146126E-7
1000 6 4 iMM904.cmd 1,7360220451E-7
1000 6 4 iJN1463.cmd 5,0122856533E-7
1000 10 3 iMM904.cmd 3,6403573166E-8
1000 10 3 iJN1463.cmd 2,2964618207E-7
1000 14 9 iMM904.cmd 1,1464782948E-8
1000 14 9 iJN1463.cmd 1,6290988071E-7
1000 3 14 iMM904.cmd 2,4129399878E-7
1000 3 14 iJN1463.cmd 6,9914522025E-7
1000 2 3 iMM904.cmd 4,5387925837E-7
1000 2 3 iJN1463.cmd 1,0078579954E-6
1000 1 3 iMM904.cmd 4,1924551425E-7
1000 1 3 iJN1463.cmd 9,3016819953E-7
1000 2 4 iMM904.cmd 4,8066900854E-7
1000 2 4 iJN1463.cmd 1,0539194213E-6
1000 2 5 iMM904.cmd 4,7369053587E-7
1000 2 5 iJN1463.cmd 1,0473549557E-6
1000 2 8 iMM904.cmd 5,694261541E-7
1000 2 8 iJN1463.cmd 1,2786147415E-6
1000 2 14 iMM904.cmd 2,5031719071E-7
1000 2 14 iJN1463.cmd 7,1776919667E-7
1000 3 1 iMM904.cmd 3,7560050704E-7
1000 3 1 iJN1463.cmd 8,4954374665E-7
1000 3 3 iMM904.cmd 3,9348693829E-7
1000 3 3 iJN1463.cmd 9,1074526619E-7
1000 3 6 iMM904.cmd 4,2414824601E-7
1000 3 6 iJN1463.cmd 9,7376013014E-7
1000 3 9 iMM904.cmd 5,5849936304E-7
1000 3 9 iJN1463.cmd 1,2850960856E-6
1000 3 13 iMM904.cmd 3,5226458292E-7
1000 3 13 iJN1463.cmd 8,6299995505E-7
1000 4 2 iMM904.cmd 3,2295048492E-7
1000 4 2 iJN1463.cmd 7,7333643239E-7
1000 4 5 iMM904.cmd 3,3644032434E-7
1000 4 5 iJN1463.cmd 8,1513764427E-7
1000 4 14 iMM904.cmd 2,0761614528E-7
1000 4 14 iJN1463.cmd 6,1586109264E-7
1000 5 4 iMM904.cmd 2,1907989244E-7
1000 5 4 iJN1463.cmd 5,8873221706E-7
1000 5 7 iMM904.cmd 2,3122969965E-7
1000 5 7 iJN1463.cmd 6,2618232094E-7
1000 6 3 iMM904.cmd 1,9599519955E-7
1000 6 3 iJN1463.cmd 5,3532835537E-7
1000 6 5 iMM904.cmd 1,7431937898E-7
1000 6 5 iJN1463.cmd 5,0697931052E-7
1000 6 8 iMM904.cmd 1,4555578571E-7
1000 6 8 iJN1463.cmd 4,4236844649E-7
1000 7 4 iMM904.cmd 1,1951245784E-7
1000 7 4 iJN1463.cmd 3,9503032782E-7
1000 7 7 iMM904.cmd 1,1313778045E-7
1000 7 7 iJN1463.cmd 3,8940650731E-7
1000 8 2 iMM904.cmd 7,2894498026E-8
1000 8 2 iJN1463.cmd 2,9293426303E-7
1000 8 4 iMM904.cmd 7,7965183316E-8
1000 8 4 iJN1463.cmd 3,1098473829E-7
1000 8 6 iMM904.cmd 7,6338628192E-8
1000 8 6 iJN1463.cmd 3,0673728325E-7
1000 9 1 iMM904.cmd 5,2555183227E-8
1000 9 1 iJN1463.cmd 2,670714395E-7
1000 9 3 iMM904.cmd 5,1027717947E-8
1000 9 3 iJN1463.cmd 2,6272140609E-7
1000 9 7 iMM904.cmd 5,4635183043E-8
1000 9 7 iJN1463.cmd 2,4908302446E-7
1000 9 12 iMM904.cmd 3,7565593893E-8
1000 9 12 iJN1463.cmd 1,8676827836E-7
1000 10 0 iMM904.cmd 3,9269258098E-8
1000 10 0 iJN1463.cmd 2,5545678494E-7
1000 10 2 iMM904.cmd 3,7956583536E-8
1000 10 2 iJN1463.cmd 2,466882745E-7
1000 10 4 iMM904.cmd 3,6273050807E-8
1000 10 4 iJN1463.cmd 2,1334468705E-7
1000 10 11 iMM904.cmd 3,7828103582E-8
1000 10 11 iJN1463.cmd 1,8870580719E-7
1000 10 13 iMM904.cmd 3,0774945118E-8
1000 10 13 iJN1463.cmd 1,5700530753E-7
1000 11 0 iMM904.cmd 2,7964923007E-8
1000 11 0 iJN1463.cmd 2,2704532815E-7
1000 11 2 iMM904.cmd 2,6156000947E-8
1000 11 2 iJN1463.cmd 2,0893028831E-7
1000 11 3 iMM904.cmd 2,405613846E-8
1000 11 3 iJN1463.cmd 1,8611545143E-7
1000 11 7 iMM904.cmd 1,19191995E-8
1000 11 7 iJN1463.cmd 1,6024568422E-7
1000 11 12 iMM904.cmd 3,3304984931E-8
1000 11 12 iJN1463.cmd 1,6713779183E-7
1000 12 6 iMM904.cmd 1,0493659144E-8
1000 12 6 iJN1463.cmd 1,4536810534E-7
1000 12 8 iMM904.cmd 1,2605592558E-8
1000 12 8 iJN1463.cmd 1,5444490982E-7
1000 13 7 iMM904.cmd 8,4023459594E-9
1000 13 7 iJN1463.cmd 1,6662110117E-7
1000 13 9 iMM904.cmd 1,2754061207E-8
1000 13 9 iJN1463.cmd 1,5341463265E-7
1000 14 8 iMM904.cmd 9,2095905985E-9
1000 14 8 iJN1463.cmd 1,7250084722E-7
1000 14 10 iMM904.cmd 1,1842398806E-8
1000 14 10 iJN1463.cmd 1,4002353437E-7
1000 4 3 iMM904.cmd 3,2399694599E-7
1000 4 3 iJN1463.cmd 7,8319158609E-7
1000 5 5 iMM904.cmd 2,4789147822E-7
1000 5 5 iJN1463.cmd 6,4862061224E-7
1000 7 6 iMM904.cmd 9,8275929749E-8
1000 7 6 iJN1463.cmd 3,5948971364E-7
1000 7 8 iMM904.cmd 1,263845815E-7
1000 7 8 iJN1463.cmd 4,0178708834E-7
1000 9 2 iMM904.cmd 5,2716706662E-8
1000 9 2 iJN1463.cmd 2,6906089453E-7
1000 9 4 iMM904.cmd 5,3586853187E-8
1000 9 4 iJN1463.cmd 2,5817970378E-7
1000 1 4 iMM904.cmd 4,3637589713E-7
1000 1 4 iJN1463.cmd 9,6588337876E-7
1000 2 6 iMM904.cmd 4,8805564835E-7
1000 2 6 iJN1463.cmd 1,0826920586E-6
1000 2 13 iMM904.cmd 3,7600651752E-7
1000 2 13 iJN1463.cmd 9,0685006084E-7
1000 3 8 iMM904.cmd 5,8743914254E-7
1000 3 8 iJN1463.cmd 1,3375462912E-6
1000 4 1 iMM904.cmd 3,4230300041E-7
1000 4 1 iJN1463.cmd 7,9209869062E-7
1000 4 6 iMM904.cmd 3,2765310338E-7
1000 4 6 iJN1463.cmd 8,016538265E-7
1000 4 13 iMM904.cmd 2,981027901E-7
1000 4 13 iJN1463.cmd 7,4759519569E-7
1000 5 3 iMM904.cmd 2,4527001339E-7
1000 5 3 iJN1463.cmd 6,3255128678E-7
1000 7 5 iMM904.cmd 1,1576618795E-7
1000 7 5 iJN1463.cmd 3,8941917774E-7
1000 8 1 iMM904.cmd 6,8952853946E-8
1000 8 1 iJN1463.cmd 2,7648864433E-7
1000 8 5 iMM904.cmd 7,9351927446E-8
1000 8 5 iJN1463.cmd 3,1139252134E-7
1000 9 0 iMM904.cmd 5,3060736622E-8
1000 9 0 iJN1463.cmd 2,6287373159E-7
1000 9 6 iMM904.cmd 5,5043188895E-8
1000 9 6 iJN1463.cmd 2,5075736561E-7
1000 9 13 iMM904.cmd 3,4587814075E-8
1000 9 13 iJN1463.cmd 1,6896543302E-7
1000 11 4 iMM904.cmd 2,2942647526E-8
1000 11 4 iJN1463.cmd 1,6844534213E-7
1000 11 8 iMM904.cmd 1,4674143174E-8
1000 11 8 iJN1463.cmd 1,5160419023E-7
1000 11 11 iMM904.cmd 3,2382962278E-8
1000 11 11 iJN1463.cmd 1,7327339996E-7
1000 11 13 iMM904.cmd 2,5099803049E-8
1000 11 13 iJN1463.cmd 1,3326740468E-7
1000 12 9 iMM904.cmd 1,4022175615E-8
1000 12 9 iJN1463.cmd 1,4877662879E-7
1000 13 10 iMM904.cmd 1,2903363236E-8
1000 13 10 iJN1463.cmd 1,3722982488E-7
1000 14 7 iMM904.cmd 6,1119896886E-9
1000 14 7 iJN1463.cmd 1,553995814E-7
1000 0 3 iMM904.cmd 3,2520338426E-7
1000 0 3 iJN1463.cmd 7,8726759254E-7
1000 1 2 iMM904.cmd 3,8959600245E-7
1000 1 2 iJN1463.cmd 8,5917169376E-7
1000 1 5 iMM904.cmd 4,3629487487E-7
1000 1 5 iJN1463.cmd 9,6573305885E-7
1000 1 8 iMM904.cmd 4,749902873E-7
1000 1 8 iJN1463.cmd 1,0606066056E-6
1000 2 1 iMM904.cmd 3,9605834193E-7
1000 2 1 iJN1463.cmd 8,6806982721E-7
1000 2 7 iMM904.cmd 5,5930222845E-7
1000 2 7 iJN1463.cmd 1,2420527365E-6
1000 3 0 iMM904.cmd 3,6954626832E-7
1000 3 0 iJN1463.cmd 8,2551979782E-7
1000 3 10 iMM904.cmd 4,6359080596E-7
1000 3 10 iJN1463.cmd 1,0796714825E-6
1000 3 12 iMM904.cmd 4,1314444288E-7
1000 3 12 iJN1463.cmd 9,6682170166E-7
1000 4 7 iMM904.cmd 2,7661228207E-7
1000 4 7 iJN1463.cmd 7,109510398E-7
1000 5 2 iMM904.cmd 2,4755752023E-7
1000 5 2 iJN1463.cmd 6,3064578323E-7
1000 5 6 iMM904.cmd 2,673488569E-7
1000 5 6 iJN1463.cmd 6,9068564915E-7
1000 6 2 iMM904.cmd 1,8018739876E-7
1000 6 2 iJN1463.cmd 4,9607247445E-7
1000 6 9 iMM904.cmd 1,6655486196E-7
1000 6 9 iJN1463.cmd 4,5597234089E-7
1000 7 2 iMM904.cmd 1,0901643126E-7
1000 7 2 iJN1463.cmd 3,5122645761E-7
1000 9 8 iMM904.cmd 3,5008297183E-8
1000 9 8 iJN1463.cmd 1,9251783976E-7
1000 10 5 iMM904.cmd 3,7185727215E-8
1000 10 5 iJN1463.cmd 2,0426073893E-7
1000 10 14 iMM904.cmd 2,4022247848E-8
1000 10 14 iJN1463.cmd 1,3926592312E-7
1000 12 0 iMM904.cmd 1,6148974504E-8
1000 12 0 iJN1463.cmd 1,6060895406E-7
1000 12 2 iMM904.cmd 1,4462405189E-8
1000 12 2 iJN1463.cmd 1,4171093849E-7
1000 12 3 iMM904.cmd 1,3764027982E-8
1000 12 3 iJN1463.cmd 1,3257782966E-7
1000 12 5 iMM904.cmd 1,2128642571E-8
1000 12 5 iJN1463.cmd 1,2646922855E-7
1000 14 11 iMM904.cmd 1,0676895183E-8
1000 14 11 iJN1463.cmd 1,0856852247E-7
1000 1 14 iMM904.cmd 2,2258823155E-7
1000 1 14 iJN1463.cmd 6,582291026E-7
1000 5 14 iMM904.cmd 1,6492252685E-7
1000 5 14 iJN1463.cmd 5,0317667596E-7
1000 9 5 iMM904.cmd 5,4556989276E-8
1000 9 5 iJN1463.cmd 2,5193935515E-7
1000 7 9 iMM904.cmd 1,3651554505E-7
1000 7 9 iJN1463.cmd 3,8836206149E-7
1000 8 0 iMM904.cmd 7,1260661967E-8
1000 8 0 iJN1463.cmd 2,7209404607E-7
1000 11 5 iMM904.cmd 2,249977492E-8
1000 11 5 iJN1463.cmd 1,6001827857E-7
1000 11 9 iMM904.cmd 1,6070545038E-8
1000 11 9 iJN1463.cmd 1,4393679379E-7
1000 12 4 iMM904.cmd 1,2941035426E-8
1000 12 4 iJN1463.cmd 1,2451450205E-7
1000 12 10 iMM904.cmd 1,5870782707E-8
1000 12 10 iJN1463.cmd 1,445876661E-7
1000 0 4 iMM904.cmd 3,3485871269E-7
1000 0 4 iJN1463.cmd 8,0819923407E-7
1000 1 6 iMM904.cmd 4,3324718254E-7
1000 1 6 iJN1463.cmd 9,5908158477E-7
1000 4 0 iMM904.cmd 3,1754114131E-7
1000 4 0 iJN1463.cmd 7,2731176623E-7
1000 7 1 iMM904.cmd 8,7650279129E-8
1000 7 1 iJN1463.cmd 2,9835951678E-7
1000 10 6 iMM904.cmd 4,1960270014E-8
1000 10 6 iJN1463.cmd 2,1308654818E-7
1000 10 8 iMM904.cmd 2,0541070485E-8
1000 10 8 iJN1463.cmd 1,5331540233E-7
1000 13 11 iMM904.cmd 1,116151728E-8
1000 13 11 iJN1463.cmd 1,0742806287E-7
1000 9 14 iMM904.cmd 2,9298985199E-8
1000 9 14 iJN1463.cmd 1,5705635882E-7
1000 11 14 iMM904.cmd 1,884067647E-8
1000 11 14 iJN1463.cmd 1,1556867801E-7
1000 2 12 iMM904.cmd 4,4294241949E-7
1000 2 12 iJN1463.cmd 1,0233065939E-6
1000 4 12 iMM904.cmd 3,4635747639E-7
1000 4 12 iJN1463.cmd 8,2771085266E-7
1000 0 2 iMM904.cmd 3,057232018E-7
1000 0 2 iJN1463.cmd 7,4082822863E-7
1000 1 1 iMM904.cmd 3,7422668784E-7
1000 1 1 iJN1463.cmd 8,2542546271E-7
1000 2 0 iMM904.cmd 3,9173759337E-7
1000 2 0 iJN1463.cmd 8,5600264452E-7
1000 3 11 iMM904.cmd 4,400900708E-7
1000 3 11 iJN1463.cmd 1,0217203235E-6
1000 11 10 iMM904.cmd 2,1439392218E-8
1000 11 10 iJN1463.cmd 1,5205548821E-7
1000 1 13 iMM904.cmd 3,4231294973E-7
1000 1 13 iJN1463.cmd 8,4307431042E-7
1000 5 13 iMM904.cmd 2,36459607E-7
1000 5 13 iJN1463.cmd 6,0780583746E-7
1000 12 13 iMM904.cmd 1,5877167891E-8
1000 12 13 iJN1463.cmd 9,2725400391E-8
1000 14 6 iMM904.cmd 0E0
1000 14 6 iJN1463.cmd 1,1395503413E-7
1000 0 5 iMM904.cmd 3,2773798091E-7
1000 0 5 iJN1463.cmd 7,9118672444E-7
1000 0 8 iMM904.cmd 2,6972142345E-7
1000 0 8 iJN1463.cmd 6,9281844555E-7
1000 4 10 iMM904.cmd 3,6479961058E-7
1000 4 10 iJN1463.cmd 8,6566921001E-7
1000 5 9 iMM904.cmd 2,0567781798E-7
1000 5 9 iJN1463.cmd 5,2948181183E-7
1000 6 10 iMM904.cmd 1,9284581509E-7
1000 6 10 iJN1463.cmd 4,9660326003E-7
1000 13 0 iMM904.cmd 6,0549636666E-9
1000 13 0 iJN1463.cmd 9,1396151093E-8
1000 13 2 iMM904.cmd 5,5891202034E-9
1000 13 2 iJN1463.cmd 8,4597947847E-8
1000 13 3 iMM904.cmd 6,0065469675E-9
1000 13 3 iJN1463.cmd 8,6337429779E-8
1000 14 12 iMM904.cmd 8,7073634064E-9
1000 14 12 iJN1463.cmd 8,032807054E-8
1000 13 5 iMM904.cmd 5,5109646127E-9
1000 13 5 iJN1463.cmd 9,0595453373E-8
1000 7 0 iMM904.cmd 1,0031266402E-7
1000 7 0 iJN1463.cmd 3,0978253103E-7
1000 10 9 iMM904.cmd 1,6324756899E-8
1000 10 9 iJN1463.cmd 1,3581450555E-7
1000 4 11 iMM904.cmd 3,6266647892E-7
1000 4 11 iJN1463.cmd 8,5865042149E-7
1000 7 10 iMM904.cmd 1,4929065188E-7
1000 7 10 iJN1463.cmd 3,9820602474E-7
1000 0 6 iMM904.cmd 2,990726367E-7
1000 0 6 iJN1463.cmd 7,32384727E-7
1000 2 11 iMM904.cmd 4,6926187857E-7
1000 2 11 iJN1463.cmd 1,0756229044E-6
1000 13 4 iMM904.cmd 5,7923768806E-9
1000 13 4 iJN1463.cmd 8,6373175338E-8
1000 1 0 iMM904.cmd 3,6533625038E-7
1000 1 0 iJN1463.cmd 8,0636742229E-7
1000 1 12 iMM904.cmd 4,0324507441E-7
1000 1 12 iJN1463.cmd 9,5329386336E-7
1000 5 12 iMM904.cmd 2,719614797E-7
1000 5 12 iJN1463.cmd 6,6613063915E-7
1000 8 9 iMM904.cmd 1,197107315E-7
1000 8 9 iJN1463.cmd 3,3400655841E-7
1000 0 1 iMM904.cmd 2,8958254785E-7
1000 0 1 iJN1463.cmd 7,0434788797E-7
1000 5 0 iMM904.cmd 2,3435826516E-7
1000 5 0 iJN1463.cmd 5,5405034693E-7
1000 5 10 iMM904.cmd 2,5854019106E-7
1000 5 10 iJN1463.cmd 6,3719784801E-7
1000 13 12 iMM904.cmd 9,5819112889E-9
1000 13 12 iJN1463.cmd 8,1883887384E-8
1000 12 14 iMM904.cmd 1,2305205373E-8
1000 12 14 iJN1463.cmd 8,4942088304E-8
1000 0 13 iMM904.cmd 2,2489521658E-7
1000 0 13 iJN1463.cmd 6,5874824564E-7
1000 0 14 iMM904.cmd 1,6909020562E-7
1000 0 14 iJN1463.cmd 5,6047318915E-7
1000 6 13 iMM904.cmd 1,8390215313E-7
1000 6 13 iJN1463.cmd 4,8442909057E-7
1000 6 14 iMM904.cmd 1,2470133843E-7
1000 6 14 iJN1463.cmd 3,9348296273E-7
1000 13 13 iMM904.cmd 9,2963213857E-9
1000 13 13 iJN1463.cmd 7,0966832027E-8
1000 14 5 iMM904.cmd 0E0
1000 14 5 iJN1463.cmd 8,2828863822E-8
1000 6 11 iMM904.cmd 2,0927896042E-7
1000 6 11 iJN1463.cmd 5,2578494091E-7
1000 13 1 iMM904.cmd 3,2140497459E-9
1000 13 1 iJN1463.cmd 6,9470086974E-8
1000 0 7 iMM904.cmd 2,2779802902E-7
1000 0 7 iJN1463.cmd 6,0390247815E-7
1000 0 9 iMM904.cmd 2,0136180914E-7
1000 0 9 iJN1463.cmd 5,9252292641E-7
1000 8 14 iMM904.cmd 4,2905454994E-8
1000 8 14 iJN1463.cmd 1,9136284E-7
1000 5 11 iMM904.cmd 2,7663939871E-7
1000 5 11 iJN1463.cmd 6,7310132178E-7
1000 14 13 iMM904.cmd 6,1579208569E-9
1000 14 13 iJN1463.cmd 6,2361613858E-8
1000 1 11 iMM904.cmd 4,2503930622E-7
1000 1 11 iJN1463.cmd 9,9707947017E-7
1000 6 0 iMM904.cmd 1,5994408705E-7
1000 6 0 iJN1463.cmd 4,0828335683E-7
1000 8 10 iMM904.cmd 1,2042770502E-7
1000 8 10 iJN1463.cmd 3,2584740706E-7
1000 0 0 iMM904.cmd 2,8017134204E-7
1000 0 0 iJN1463.cmd 6,8383862792E-7
1000 6 12 iMM904.cmd 2,1083607901E-7
1000 6 12 iJN1463.cmd 5,3022448171E-7
1000 0 12 iMM904.cmd 2,6519513518E-7
1000 0 12 iJN1463.cmd 7,404158385E-7
1000 7 11 iMM904.cmd 1,63232733E-7
1000 7 11 iJN1463.cmd 4,2216448938E-7
1000 14 0 iMM904.cmd 0E0
1000 14 0 iJN1463.cmd 6,1033348099E-8
1000 7 13 iMM904.cmd 1,5111699691E-7
1000 7 13 iJN1463.cmd 4,058720437E-7
1000 14 2 iMM904.cmd 0E0
1000 14 2 iJN1463.cmd 5,906078088E-8
1000 13 14 iMM904.cmd 6,5265966138E-9
1000 13 14 iJN1463.cmd 6,2772368602E-8
1000 14 3 iMM904.cmd 0E0
1000 14 3 iJN1463.cmd 6,2443767807E-8
1000 0 11 iMM904.cmd 2,7661281065E-7
1000 0 11 iJN1463.cmd 7,655639004E-7
1000 14 4 iMM904.cmd 0E0
1000 14 4 iJN1463.cmd 6,8058310482E-8
1000 8 11 iMM904.cmd 1,3256951285E-7
1000 8 11 iJN1463.cmd 3,5037276882E-7
1000 7 12 iMM904.cmd 1,7421998819E-7
1000 7 12 iJN1463.cmd 4,4732342115E-7
1000 1 10 iMM904.cmd 4,1669081257E-7
1000 1 10 iJN1463.cmd 9,7714400144E-7
1000 9 10 iMM904.cmd 9,9022086309E-8
1000 9 10 iJN1463.cmd 2,701768839E-7
1000 7 14 iMM904.cmd 8,9308766189E-8
1000 7 14 iJN1463.cmd 2,9874107347E-7
1000 0 10 iMM904.cmd 2,5800551681E-7
1000 0 10 iJN1463.cmd 7,1944892276E-7
1000 14 14 iMM904.cmd 2,786304149E-9
1000 14 14 iJN1463.cmd 5,2251335593E-8
1000 14 1 iMM904.cmd 0E0
1000 14 1 iJN1463.cmd 5,4771514585E-8
