0	1,5E-7	1,5E-5
1	1,5722383E-7	1,5302383507E-5
2	1,6477705047E-7	1,5582063125E-5
3	1,7315323748E-7	1,5855570006E-5
4	1,821465457E-7	1,6127444446E-5
5	1,9171236721E-7	1,6399578045E-5
6	2,0180783261E-7	1,6673468134E-5
7	2,1241741378E-7	1,6950147078E-5
8	2,2348292079E-7	1,7230477945E-5
9	2,3492109528E-7	1,7515262837E-5
10	2,4660419425E-7	1,7804625639E-5
11	2,5839923635E-7	1,809872844E-5
12	2,7010470519E-7	1,8398721605E-5
13	2,8174399979E-7	1,8704835637E-5
14	2,9338689491E-7	1,901672023E-5
15	3,0508484396E-7	1,9334066301E-5
16	3,1682885648E-7	1,9655253344E-5
17	3,2858753528E-7	1,9979269872E-5
18	3,4036465089E-7	2,0305839134E-5
19	3,5214324074E-7	2,0635106012E-5
20	3,6390003E-7	2,0966808834E-5
21	3,7573122514E-7	2,1301218686E-5
22	3,8767486975E-7	2,1635330548E-5
23	3,9972330408E-7	2,1969265945E-5
24	4,1196196227E-7	2,2300581121E-5
25	4,2441877955E-7	2,2623615982E-5
26	4,3708470043E-7	2,2938014635E-5
27	4,4994041445E-7	2,3242158996E-5
28	4,6300333635E-7	2,353733149E-5
29	4,7631624538E-7	2,3824432936E-5
30	4,8988529763E-7	2,4105301102E-5
31	5,0350173323E-7	2,4381899046E-5
32	5,1689120175E-7	2,4653465923E-5
33	5,3061520955E-7	2,4918083343E-5
34	5,4486254675E-7	2,5173466678E-5
35	5,5934402044E-7	2,5422652755E-5
36	5,7394248323E-7	2,5668222446E-5
37	5,8862801924E-7	2,5910076642E-5
38	6,033690828E-7	2,6147238614E-5
39	6,183473031E-7	2,6380927523E-5
40	6,3336987423E-7	2,6612722598E-5
41	6,4841248163E-7	2,6844005721E-5
42	6,6337861454E-7	2,7073925565E-5
43	6,7831585983E-7	2,7302514431E-5
44	6,9334848469E-7	2,7529249348E-5
45	7,0859461688E-7	2,775296351E-5
46	7,2404993596E-7	2,7974519447E-5
47	7,398359032E-7	2,8193822625E-5
48	7,5676443109E-7	2,8403906687E-5
49	7,7417494055E-7	2,8615187525E-5
50	7,9190136465E-7	2,8826513343E-5
51	8,0995768187E-7	2,9038079652E-5
52	8,28223937E-7	2,9249981724E-5
53	8,4705884905E-7	2,9461911008E-5
54	8,6611914704E-7	2,9671560022E-5
55	8,8540601027E-7	2,9880415652E-5
56	9,0502717131E-7	3,0089122636E-5
57	9,2481066938E-7	3,0297877289E-5
58	9,4423927763E-7	3,0509842163E-5
59	9,643266578E-7	3,0715802564E-5
60	9,847726642E-7	3,0922502482E-5
61	1,0055009162E-6	3,1128496829E-5
62	1,0265107966E-6	3,133396217E-5
63	1,0478464688E-6	3,1538844093E-5
64	1,0695316539E-6	3,1743333101E-5
65	1,0915233405E-6	3,1947449521E-5
66	1,1136622253E-6	3,215122823E-5
67	1,1360449833E-6	3,235423137E-5
68	1,1586475599E-6	3,255675562E-5
69	1,181707919E-6	3,2757986661E-5
70	1,2050257929E-6	3,2958425136E-5
71	1,2283693793E-6	3,3158312981E-5
72	1,2520695999E-6	3,3356690659E-5
73	1,2759890527E-6	3,3553860717E-5
74	1,3000790449E-6	3,3750181269E-5
75	1,3243690692E-6	3,3946263938E-5
76	1,3487097528E-6	3,414089593E-5
77	1,3730722393E-6	3,4334576868E-5
78	1,397884207E-6	3,4527585964E-5
79	1,4228455048E-6	3,4719845754E-5
80	1,448026263E-6	3,4911331912E-5
81	1,473189101E-6	3,5103042065E-5
82	1,4987992297E-6	3,5293994921E-5
83	1,5246910743E-6	3,5484664952E-5
84	1,5509252839E-6	3,567492544E-5
85	1,5775572984E-6	3,5864267215E-5
86	1,6046024893E-6	3,6052799987E-5
87	1,6320767588E-6	3,6241239132E-5
88	1,6600074879E-6	3,6429479628E-5
89	1,688307885E-6	3,6617958356E-5
90	1,7169805098E-6	3,6805628916E-5
91	1,7459274505E-6	3,6993081821E-5
92	1,7753460965E-6	3,7179759131E-5
93	1,8050696741E-6	3,7365466553E-5
94	1,8348712743E-6	3,7551748705E-5
95	1,864868913E-6	3,7737573321E-5
96	1,8952340254E-6	3,7922950076E-5
97	1,9258797402E-6	3,810749481E-5
98	1,9566254573E-6	3,8292483355E-5
99	1,9877909674E-6	3,8477206748E-5
100	2,0185800386E-6	3,8660003668E-5
101	2,0494863794E-6	3,884289168E-5
102	2,0807534405E-6	3,9024598918E-5
103	2,1122734385E-6	3,9205370091E-5
104	2,145174377E-6	3,9385126216E-5
105	2,1784843967E-6	3,9563654861E-5
106	2,2121447709E-6	3,9741485873E-5
107	2,2460978847E-6	3,9918816537E-5
108	2,2803737003E-6	4,0095517126E-5
109	2,3145201586E-6	4,0271942509E-5
110	2,3482566378E-6	4,0448229823E-5
111	2,3816939903E-6	4,0624048695E-5
112	2,4152796287E-6	4,0800267043E-5
113	2,4509780196E-6	4,0975138496E-5
114	2,4859797574E-6	4,1148222843E-5
115	2,5207504747E-6	4,1321825263E-5
116	2,5566241246E-6	4,1494279753E-5
117	2,5929593981E-6	4,1665994529E-5
118	2,6281843024E-6	4,1838844955E-5
119	2,6646834632E-6	4,2009555369E-5
120	2,7015299437E-6	4,2179895883E-5
121	2,7386868684E-6	4,2349700014E-5
122	2,7756889436E-6	4,2519395398E-5
123	2,8119133198E-6	4,268909783E-5
124	2,8480998467E-6	4,2860033247E-5
125	2,8839524157E-6	4,3030071176E-5
126	2,9217952382E-6	4,3196963071E-5
127	2,9606042513E-6	4,3368067381E-5
128	2,9964024403E-6	4,3539929064E-5
129	3,0315745253E-6	4,3708856293E-5
130	3,0692204761E-6	4,3876271579E-5
131	3,1066342321E-6	4,4041137042E-5
132	3,1448949799E-6	4,4201532487E-5
133	3,1843109436E-6	4,4362699761E-5
134	3,2238419513E-6	4,452845683E-5
135	3,2626280882E-6	4,469293942E-5
136	3,3013157835E-6	4,4856384483E-5
137	3,340467351E-6	4,5019020465E-5
138	3,3799039047E-6	4,5179876928E-5
139	3,4196856468E-6	4,5340407394E-5
140	3,4598344773E-6	4,5501060863E-5
141	3,5015090336E-6	4,565984778E-5
142	3,5432236218E-6	4,5818466736E-5
143	3,5867290398E-6	4,5975846514E-5
144	3,6293950062E-6	4,6132365802E-5
145	3,6736462334E-6	4,6287991352E-5
146	3,7182992285E-6	4,6443233363E-5
147	3,7632608356E-6	4,6597810365E-5
148	3,8084552284E-6	4,6751912778E-5
149	3,8523735736E-6	4,6905230124E-5
150	3,8981969068E-6	4,7058381212E-5
151	3,9431479405E-6	4,7209226577E-5
152	3,9849038635E-6	4,7369072127E-5
153	4,0291561811E-6	4,7523219212E-5
154	4,0740895553E-6	4,7672521893E-5
155	4,1202162174E-6	4,7820318841E-5
156	4,1667946261E-6	4,7971665029E-5
157	4,2133220256E-6	4,8122306926E-5
158	4,2598948247E-6	4,8272156428E-5
159	4,3066879085E-6	4,8421074211E-5
160	4,3536691747E-6	4,856931295E-5
161	4,4020869648E-6	4,8716360318E-5
162	4,4508522844E-6	4,8862733121E-5
163	4,4947699528E-6	4,9014718777E-5
164	4,5420122732E-6	4,9161709206E-5
165	4,5891499764E-6	4,9310322893E-5
166	4,63122857E-6	4,9461869555E-5
167	4,6763109159E-6	4,9611810882E-5
168	4,7233027918E-6	4,9758634443E-5
169	4,7669119322E-6	4,9909213597E-5
170	4,8144424017E-6	5,0054096319E-5
171	4,8623706224E-6	5,0198796219E-5
172	4,9110471001E-6	5,0342535467E-5
173	4,9536851031E-6	5,0492825922E-5
174	5,0038344272E-6	5,0634311941E-5
175	5,0462806635E-6	5,078422565E-5
176	5,0968402209E-6	5,0924815303E-5
177	5,1424768497E-6	5,1069897781E-5
178	5,1931687573E-6	5,1210661669E-5
179	5,236884704E-6	5,1356864162E-5
180	5,2823921365E-6	5,1502557219E-5
181	5,3292972877E-6	5,1643522709E-5
182	5,3796522656E-6	5,178309844E-5
183	5,4273954931E-6	5,1923370657E-5
184	5,4780735448E-6	5,2058883182E-5
185	5,5233264332E-6	5,2201524056E-5
186	5,5717055318E-6	5,2340664555E-5
187	5,6212562905E-6	5,2477483404E-5
188	5,6699355807E-6	5,2615269101E-5
189	5,7176259115E-6	5,2752198944E-5
190	5,7690296852E-6	5,2885597281E-5
191	5,8211050041E-6	5,301883487E-5
192	5,867958029E-6	5,3158866306E-5
193	5,9179003994E-6	5,3295974474E-5
194	5,9677478004E-6	5,3433488332E-5
195	6,0146358577E-6	5,3570672652E-5
196	6,0660637514E-6	5,3702814323E-5
197	6,1104903464E-6	5,3843283879E-5
198	6,1625423477E-6	5,3972935546E-5
199	6,2095417551E-6	5,4110594607E-5
200	6,2578317245E-6	5,4246321359E-5
201	6,3082694209E-6	5,437636178E-5
202	6,3545243068E-6	5,4511440189E-5
203	6,4039155892E-6	5,4644236521E-5
204	6,4548990083E-6	5,4775543624E-5
205	6,5047886172E-6	5,490787993E-5
206	6,5506103114E-6	5,5043947458E-5
207	6,6046524811E-6	5,5169590532E-5
208	6,6540130192E-6	5,5301672273E-5
209	6,7054547039E-6	5,5430874539E-5
210	6,7566492244E-6	5,5559450394E-5
211	6,8063146184E-6	5,5690571028E-5
212	6,8573019531E-6	5,5819860636E-5
213	6,9063705559E-6	5,5950777061E-5
214	6,9621396681E-6	5,6074940445E-5
215	7,0100135332E-6	5,6205284762E-5
216	7,0623006932E-6	5,6331396165E-5
217	7,1105570028E-6	5,6461240298E-5
218	7,1649150613E-6	5,6584362718E-5
219	7,2161729874E-6	5,6711138398E-5
220	7,2715203489E-6	5,6833290012E-5
221	7,328292202E-6	5,6952145061E-5
222	7,3847702952E-6	5,7072648251E-5
223	7,4371809344E-6	5,7196537591E-5
224	7,4920867155E-6	5,7316934315E-5
225	7,5488070582E-6	5,743469703E-5
226	7,6034141312E-6	5,7553918296E-5
227	7,6586221213E-6	5,7673534821E-5
228	7,7092354536E-6	5,7796706262E-5
229	7,7636365736E-6	5,7915839875E-5
230	7,8157888725E-6	5,8037401797E-5
231	7,8709186546E-6	5,8154285381E-5
232	7,9247673908E-6	5,8276239524E-5
233	7,9677513406E-6	5,8406521609E-5
234	8,0161487146E-6	5,8529938815E-5
235	8,0678459788E-6	5,8648760981E-5
236	8,1213327923E-6	5,8765775825E-5
237	8,1732837978E-6	5,8885162891E-5
238	8,2295175022E-6	5,8997763692E-5
239	8,2844766427E-6	5,9112443411E-5
240	8,3389260293E-6	5,9226883099E-5
241	8,3909112162E-6	5,9344295988E-5
242	8,4450143561E-6	5,9457656067E-5
243	8,5001655479E-6	5,9570580695E-5
244	8,5520969325E-6	5,9687297282E-5
245	8,6069262718E-6	5,9799391272E-5
246	8,6595777343E-6	5,9915944088E-5
247	8,7165467128E-6	6,0026293677E-5
248	8,7749633397E-6	6,0135092634E-5
249	8,8310145158E-6	6,0245526557E-5
250	8,8850009607E-6	6,0356817777E-5
251	8,9399108575E-6	6,0468448708E-5
252	8,9963058668E-6	6,0578780974E-5
253	9,0536282627E-6	6,0686663942E-5
254	9,1121080392E-6	6,0792997801E-5
255	9,1686566766E-6	6,0900967224E-5
256	9,2243798174E-6	6,1009519988E-5
257	9,2775897668E-6	6,1121238102E-5
258	9,3305983857E-6	6,1231512109E-5
259	9,3847837314E-6	6,1340306957E-5
260	9,4381335071E-6	6,1450286857E-5
261	9,493479484E-6	6,1556821537E-5
262	9,5513034337E-6	6,1660365934E-5
263	9,6103911092E-6	6,1761415593E-5
264	9,6684161724E-6	6,1862997015E-5
265	9,7239613414E-6	6,1968181145E-5
266	9,783749907E-6	6,2070429339E-5
267	9,8400233504E-6	6,2174767826E-5
268	9,8964230239E-6	6,2277150179E-5
269	9,9524937727E-6	6,2380765777E-5
270	1,0011215254E-5	6,2483368541E-5
271	1,0065676537E-5	6,25885116E-5
272	1,0121159288E-5	6,2692037455E-5
273	1,0177729033E-5	6,2793236109E-5
274	1,0236093748E-5	6,2892946212E-5
275	1,0292313475E-5	6,2994833591E-5
276	1,035080511E-5	6,309372733E-5
277	1,0407188779E-5	6,3194681756E-5
278	1,0464493308E-5	6,3295091702E-5
279	1,0523293929E-5	6,339388834E-5
280	1,0576419477E-5	6,3497903073E-5
281	1,0633056113E-5	6,3596922188E-5
282	1,0691327747E-5	6,369206581E-5
283	1,0747086511E-5	6,3791133654E-5
284	1,0804386289E-5	6,3889550875E-5
285	1,0861816737E-5	6,3988113686E-5
286	1,092199124E-5	6,408242665E-5
287	1,098230679E-5	6,4176130971E-5
288	1,1036786106E-5	6,4275038276E-5
289	1,1091054277E-5	6,437415689E-5
290	1,1146768343E-5	6,4470672119E-5
291	1,1203410854E-5	6,4569314981E-5
292	1,1261650307E-5	6,4665351859E-5
293	1,1320298347E-5	6,475895699E-5
294	1,1375710899E-5	6,4855012867E-5
295	1,1435526178E-5	6,4945531181E-5
296	1,1490671335E-5	6,5040751406E-5
297	1,1546653141E-5	6,5134402043E-5
298	1,1605908819E-5	6,5224476161E-5
299	1,1662368968E-5	6,5316564016E-5
300	1,1720115254E-5	6,5407262924E-5
301	1,1775796017E-5	6,5502547835E-5
302	1,1833053718E-5	6,559369525E-5
303	1,1889453878E-5	6,5684188213E-5
304	1,194724825E-5	6,5774749083E-5
305	1,2002915944E-5	6,586692031E-5
306	1,2059607687E-5	6,5957887052E-5
307	1,2115577594E-5	6,6047102353E-5
308	1,2172027358E-5	6,6137269599E-5
309	1,2231672059E-5	6,6225006878E-5
310	1,2292367781E-5	6,6310229872E-5
311	1,2351547955E-5	6,63969366E-5
312	1,2408853271E-5	6,6484538578E-5
313	1,2472194476E-5	6,6569927177E-5
314	1,2527410521E-5	6,6659220402E-5
315	1,2587144481E-5	6,6743636939E-5
316	1,2643530753E-5	6,6830890431E-5
317	1,2698878861E-5	6,6919686865E-5
318	1,2753350561E-5	6,7009454841E-5
319	1,2804188601E-5	6,7106656739E-5
320	1,2860462348E-5	6,7193393609E-5
321	1,2921365342E-5	6,7277861744E-5
322	1,2977087522E-5	6,7363483791E-5
323	1,3035277404E-5	6,7446824283E-5
324	1,3088171984E-5	6,7534436222E-5
325	1,3142917343E-5	6,7617937106E-5
326	1,3200166743E-5	6,7700615621E-5
327	1,3257436335E-5	6,778407758E-5
328	1,3317816041E-5	6,7862580966E-5
329	1,3378745135E-5	6,794049069E-5
330	1,3436605832E-5	6,8022659914E-5
331	1,3493906693E-5	6,8107379155E-5
332	1,3551296183E-5	6,8189978846E-5
333	1,3608880452E-5	6,8271795573E-5
334	1,3666912165E-5	6,8352255649E-5
335	1,3719108611E-5	6,8438835829E-5
336	1,3776428553E-5	6,8518925997E-5
337	1,3831595577E-5	6,860048962E-5
338	1,3888190109E-5	6,8680698333E-5
339	1,3941411616E-5	6,8765475468E-5
340	1,3993017082E-5	6,885075933E-5
341	1,4048003002E-5	6,8932482311E-5
342	1,4102622705E-5	6,9013473953E-5
343	1,4160074393E-5	6,9092821405E-5
344	1,4215727904E-5	6,9174648737E-5
345	1,4272165038E-5	6,9253447661E-5
346	1,4328771745E-5	6,9332627666E-5
347	1,4383142773E-5	6,9413618967E-5
348	1,4438132476E-5	6,9492896974E-5
349	1,4493336785E-5	6,9569892817E-5
350	1,4546912744E-5	6,9649054412E-5
351	1,4604190335E-5	6,9724182826E-5
352	1,4658939698E-5	6,9802337907E-5
353	1,471442894E-5	6,9879670835E-5
354	1,4770456934E-5	6,9955731112E-5
355	1,4823461945E-5	7,0033497402E-5
356	1,4876662875E-5	7,0109444031E-5
357	1,4930751851E-5	7,0185405423E-5
358	1,4985756636E-5	7,0260696805E-5
359	1,5039118291E-5	7,0339664251E-5
360	1,5091839784E-5	7,041705657E-5
361	1,5144807437E-5	7,049311503E-5
362	1,5200984842E-5	7,056477238E-5
363	1,5254564052E-5	7,063957757E-5
364	1,5308576625E-5	7,0714927962E-5
365	1,5363684839E-5	7,0788643847E-5
366	1,541863611E-5	7,0861133359E-5
367	1,5473172891E-5	7,093443894E-5
368	1,5525465386E-5	7,1009526091E-5
369	1,5580032414E-5	7,1082267404E-5
370	1,5636408958E-5	7,1155450786E-5
371	1,5691361455E-5	7,1229975512E-5
372	1,5745595561E-5	7,1304514179E-5
373	1,5800808052E-5	7,1375812481E-5
374	1,5853498652E-5	7,1450774883E-5
375	1,5907055182E-5	7,1525390002E-5
376	1,5962765207E-5	7,1595576714E-5
377	1,6018657977E-5	7,1664268501E-5
378	1,6073271877E-5	7,1734385933E-5
379	1,612836854E-5	7,1804287202E-5
380	1,6180977963E-5	7,1877064789E-5
381	1,6232293257E-5	7,1950639587E-5
382	1,6283234322E-5	7,2024436696E-5
383	1,6336594636E-5	7,209481242E-5
384	1,6389859361E-5	7,2164719332E-5
385	1,6442662298E-5	7,2235273224E-5
386	1,6494372652E-5	7,2307065078E-5
387	1,6546881776E-5	7,2376997823E-5
388	1,6599130493E-5	7,2447715373E-5
389	1,6653151544E-5	7,2515911335E-5
390	1,6708809306E-5	7,2581797718E-5
391	1,6760503898E-5	7,2651741091E-5
392	1,6812828721E-5	7,2720245931E-5
393	1,6865288938E-5	7,2789220493E-5
394	1,6917371234E-5	7,2857586043E-5
395	1,6971611188E-5	7,2924873215E-5
396	1,7030007963E-5	7,2988310069E-5
397	1,7087074613E-5	7,305088243E-5
398	1,7139598458E-5	7,3116384188E-5
399	1,7193429588E-5	7,3182068012E-5
400	1,7249612488E-5	7,3245261404E-5
401	1,7304779867E-5	7,331049811E-5
402	1,735903934E-5	7,3374472005E-5
403	1,7412011822E-5	7,3440315526E-5
404	1,746687118E-5	7,3503461962E-5
405	1,7520072927E-5	7,3567887122E-5
406	1,7572188826E-5	7,363278251E-5
407	1,7622626818E-5	7,3699097924E-5
408	1,7671047923E-5	7,3768614379E-5
409	1,77228907E-5	7,3834066622E-5
410	1,7774535522E-5	7,3899829225E-5
411	1,7826405687E-5	7,3964872676E-5
412	1,7878189869E-5	7,4029625223E-5
413	1,7931107582E-5	7,4092243243E-5
414	1,7982851004E-5	7,4156128203E-5
415	1,803279362E-5	7,4222656867E-5
416	1,8081661358E-5	7,4288897848E-5
417	1,813084533E-5	7,4353900756E-5
418	1,8180968183E-5	7,4422110687E-5
419	1,8229088938E-5	7,4491367839E-5
420	1,8274510104E-5	7,4559079959E-5
421	1,8320425114E-5	7,4630483369E-5
422	1,8370981306E-5	7,4702683841E-5
423	1,8424864719E-5	7,4761804388E-5
424	1,8476488942E-5	7,4820014416E-5
425	1,8526868771E-5	7,487811802E-5
426	1,8576038854E-5	7,4940076913E-5
427	1,8624844469E-5	7,5003224638E-5
428	1,8673862154E-5	7,5066195756E-5
429	1,8722786506E-5	7,5129105219E-5
430	1,8767839565E-5	7,5194959685E-5
431	1,881403774E-5	7,525984044E-5
432	1,8860138327E-5	7,5325602824E-5
433	1,891456974E-5	7,5379063173E-5
434	1,8963066701E-5	7,5440100346E-5
435	1,9012074171E-5	7,5500976915E-5
436	1,9062533796E-5	7,5560808143E-5
437	1,911417487E-5	7,5618944028E-5
438	1,9165806802E-5	7,5676988698E-5
439	1,9216569118E-5	7,5735201202E-5
440	1,9266749834E-5	7,5792415939E-5
441	1,9316173582E-5	7,5850500214E-5
442	1,9363444554E-5	7,5911022228E-5
443	1,9411641207E-5	7,5968427431E-5
444	1,9455056109E-5	7,6032259562E-5
445	1,9502773296E-5	7,6091746279E-5
446	1,955092201E-5	7,6149318342E-5
447	1,9598971952E-5	7,6206842072E-5
448	1,9641944346E-5	7,6269898966E-5
449	1,9685155578E-5	7,6332506541E-5
450	1,9728756285E-5	7,6395097597E-5
451	1,977308875E-5	7,6458101058E-5
452	1,9818666941E-5	7,6520209431E-5
453	1,9861038426E-5	7,6583718107E-5
454	1,9909485877E-5	7,6637354531E-5
455	1,9951783141E-5	7,6699452031E-5
456	1,9998160447E-5	7,6758707183E-5
457	2,0046788458E-5	7,6815438521E-5
458	2,0094818394E-5	7,6870985363E-5
459	2,0141543755E-5	7,6928297083E-5
460	2,0186838586E-5	7,699149837E-5
461	2,0235485969E-5	7,7056872717E-5
462	2,0282833268E-5	7,712017503E-5
463	2,0333157119E-5	7,718523688E-5
464	2,0381244678E-5	7,7247628503E-5
465	2,0428737091E-5	7,7301521773E-5
466	2,0475933336E-5	7,7352865432E-5
467	2,052298047E-5	7,7403312648E-5
468	2,0569924665E-5	7,745335013E-5
469	2,0617722071E-5	7,7502642178E-5
470	2,0665344281E-5	7,7551686778E-5
471	2,0713439055E-5	7,7600648317E-5
472	2,0761712028E-5	7,7648909468E-5
473	2,0811257672E-5	7,7695772133E-5
474	2,0860458873E-5	7,7741490311E-5
475	2,0910437118E-5	7,7787761137E-5
476	2,0954728725E-5	7,7841006751E-5
477	2,0998231922E-5	7,789693671E-5
478	2,1035655103E-5	7,7957375849E-5
479	2,1070743024E-5	7,8019102208E-5
480	2,1108817698E-5	7,8080483855E-5
481	2,1147853676E-5	7,8139928906E-5
482	2,119231201E-5	7,8193689028E-5
483	2,1236175818E-5	7,8247454387E-5
484	2,1277272118E-5	7,8303790707E-5
485	2,1317702891E-5	7,8359926735E-5
486	2,1359726746E-5	7,8412721226E-5
487	2,1400310805E-5	7,8473398631E-5
488	2,1445595428E-5	7,8523413618E-5
489	2,1490296951E-5	7,8574226462E-5
490	2,1541069846E-5	7,8619782215E-5
491	2,158544816E-5	7,867479062E-5
492	2,162864309E-5	7,8727391222E-5
493	2,1667246379E-5	7,8783545075E-5
494	2,170558961E-5	7,8840974196E-5
495	2,1744210343E-5	7,8899202519E-5
496	2,1782802116E-5	7,895614363E-5
497	2,1819362228E-5	7,9014764458E-5
498	2,1855217634E-5	7,9074185615E-5
499	2,1895100887E-5	7,9130129874E-5
500	2,1937849944E-5	7,9181360786E-5
501	2,1981188706E-5	7,9231284866E-5
502	2,2025322303E-5	7,9280142582E-5
503	2,2070450387E-5	7,9327005785E-5
504	2,2117577296E-5	7,9370217214E-5
505	2,2165062206E-5	7,9412552367E-5
506	2,2210622642E-5	7,9456009802E-5
507	2,2256209134E-5	7,9499009752E-5
508	2,2302275234E-5	7,9541971399E-5
509	2,2344789226E-5	7,9588072706E-5
510	2,238696436E-5	7,9637401977E-5
511	2,2425807362E-5	7,9689297102E-5
512	2,2469787905E-5	7,9734038384E-5
513	2,2515590932E-5	7,9776831756E-5
514	2,2553290611E-5	7,9829864669E-5
515	2,2591031913E-5	7,9883618657E-5
516	2,2630950906E-5	7,9933807499E-5
517	2,2676283932E-5	7,9986000243E-5
518	2,2720432629E-5	8,0033554922E-5
519	2,2761677904E-5	8,008232796E-5
520	2,2805907514E-5	8,0127636212E-5
521	2,2847748004E-5	8,0174353084E-5
522	2,2892079395E-5	8,021788715E-5
523	2,2933961484E-5	8,0263669379E-5
524	2,2978220028E-5	8,0306665025E-5
525	2,3018320245E-5	8,0353852938E-5
526	2,3059125857E-5	8,0400104852E-5
527	2,3098544672E-5	8,0447591879E-5
528	2,3137120181E-5	8,049578171E-5
529	2,317447874E-5	8,0545141602E-5
530	2,3211283945E-5	8,0594877704E-5
531	2,3247822008E-5	8,0644672438E-5
532	2,3284162931E-5	8,0694416334E-5
533	2,3320406161E-5	8,0744060599E-5
534	2,3356498686E-5	8,079360964E-5
535	2,3392506456E-5	8,0843037893E-5
536	2,3428407096E-5	8,0892365761E-5
537	2,3464196002E-5	8,0941585352E-5
538	2,3499866533E-5	8,0990690547E-5
539	2,3535431079E-5	8,1039687238E-5
540	2,3570882005E-5	8,1088569896E-5
541	2,360622402E-5	8,1137343216E-5
542	2,3641455072E-5	8,118600609E-5
543	2,3676572441E-5	8,1234554315E-5
544	2,3711581346E-5	8,1282993116E-5
545	2,3746479806E-5	8,1331321542E-5
546	2,3781267781E-5	8,137953939E-5
547	2,3815945424E-5	8,1427646428E-5
548	2,3850512907E-5	8,147564263E-5
549	2,3884970408E-5	8,1523528056E-5
550	2,3919318104E-5	8,1571302799E-5
551	2,3953556169E-5	8,1618966985E-5
552	2,3987728318E-5	8,166652072E-5
553	2,4021731019E-5	8,1713960814E-5
554	2,4055689819E-5	8,1761277411E-5
555	2,4089540172E-5	8,1808493547E-5
556	2,412328308E-5	8,1855602803E-5
557	2,4156915826E-5	8,1902600146E-5
558	2,4190443457E-5	8,1949491032E-5
559	2,4223861549E-5	8,1996270568E-5
560	2,4257173754E-5	8,2042943004E-5
561	2,4290154574E-5	8,208976218E-5
562	2,4322969658E-5	8,2136460415E-5
563	2,4355893484E-5	8,2182779653E-5
564	2,4388755507E-5	8,2229004161E-5
565	2,4421526694E-5	8,2275128129E-5
566	2,445419698E-5	8,2321147553E-5
567	2,4486762963E-5	8,2367060073E-5
568	2,4519223582E-5	8,2412865058E-5
569	2,4551578575E-5	8,2458562187E-5
570	2,4583849306E-5	8,2504151486E-5
571	2,4615993163E-5	8,2549640675E-5
572	2,4648077914E-5	8,2595017767E-5
573	2,4680058121E-5	8,2640293914E-5
574	2,4711933408E-5	8,2685465387E-5
575	2,4743703887E-5	8,2730531398E-5
576	2,4775369709E-5	8,277549168E-5
577	2,4806931029E-5	8,2820346087E-5
578	2,4838388025E-5	8,2865094331E-5
579	2,4869740482E-5	8,2909736668E-5
580	2,490098801E-5	8,2954272253E-5
581	2,4932131431E-5	8,2998701904E-5
582	2,4963170871E-5	8,30430262E-5
583	2,4994106585E-5	8,3087245511E-5
584	2,5024938765E-5	8,3131359877E-5
585	2,5055667587E-5	8,3175369528E-5
586	2,5086293223E-5	8,3219274591E-5
587	2,5116815843E-5	8,326307521E-5
588	2,5147235617E-5	8,330677153E-5
589	2,5177552714E-5	8,3350363696E-5
590	2,5207767303E-5	8,3393851855E-5
591	2,5237882397E-5	8,3437239486E-5
592	2,5267902467E-5	8,3480531755E-5
593	2,5297854955E-5	8,3523722559E-5
594	2,5327673171E-5	8,3566823643E-5
595	2,5357423594E-5	8,3609816114E-5
596	2,5387040033E-5	8,3652716847E-5
597	2,5416649443E-5	8,3695508351E-5
598	2,5446064599E-5	8,3738228717E-5
599	2,5475472598E-5	8,3780825997E-5
600	2,5504719852E-5	8,3823349375E-5
601	2,5533924691E-5	8,3865756267E-5
602	2,5562971595E-5	8,390808325E-5
603	2,5591976341E-5	8,3950291651E-5
604	2,562085384E-5	8,3992419478E-5
605	2,5649659136E-5	8,4034439618E-5
606	2,5678367137E-5	8,407637254E-5
607	2,5706973627E-5	8,411820673E-5
608	2,5735483142E-5	8,4159946546E-5
609	2,5763891486E-5	8,420158519E-5
610	2,5792203174E-5	8,4243128464E-5
611	2,5820414031E-5	8,4284569997E-5
612	2,5848528549E-5	8,4325915889E-5
613	2,5876542577E-5	8,4367159925E-5
614	2,5904460584E-5	8,4408308312E-5
615	2,5932278439E-5	8,4449355047E-5
616	2,5960000591E-5	8,4490306208E-5
617	2,5987622929E-5	8,4531156011E-5
618	2,6015149881E-5	8,4571910397E-5
619	2,6042577357E-5	8,4612563802E-5
620	2,6069909762E-5	8,4653121957E-5
621	2,6097143029E-5	8,4693579465E-5
622	2,6124281542E-5	8,4733941903E-5
623	2,6151321253E-5	8,4774204108E-5
624	2,6178266524E-5	8,4814371473E-5
625	2,6205115691E-5	8,4854443253E-5
626	2,6231866789E-5	8,4894414635E-5
627	2,6258524324E-5	8,4934291316E-5
628	2,6285086792E-5	8,4974072661E-5
629	2,6311554269E-5	8,5013758471E-5
630	2,6337926898E-5	8,505334843E-5
631	2,636420484E-5	8,5092842484E-5
632	2,6390388254E-5	8,5132240676E-5
633	2,6416477298E-5	8,5171543141E-5
634	2,6442472131E-5	8,5210749868E-5
635	2,646837291E-5	8,5249861013E-5
636	2,6494177835E-5	8,5288874538E-5
637	2,6519888341E-5	8,5327791957E-5
638	2,6545505188E-5	8,536661408E-5
639	2,657102876E-5	8,5405341255E-5
640	2,6596459294E-5	8,5443973698E-5
641	2,6621796065E-5	8,548251055E-5
642	2,6647040019E-5	8,5520952917E-5
643	2,6672191528E-5	8,5559301261E-5
644	2,6697250814E-5	8,5597555841E-5
645	2,6722218049E-5	8,5635716655E-5
646	2,6747093393E-5	8,5673784083E-5
647	2,6771877005E-5	8,5711758351E-5
648	2,6796568807E-5	8,5749639892E-5
649	2,6827574137E-5	8,5787279294E-5
650	2,6859497428E-5	8,5821874161E-5
651	2,6886945378E-5	8,5856221269E-5
652	2,6918495046E-5	8,5900834053E-5
653	2,6949700533E-5	8,5947606045E-5
654	2,6980143699E-5	8,5993732296E-5
655	2,7011203673E-5	8,6038186722E-5
656	2,7038497484E-5	8,6078103108E-5
657	2,7064527326E-5	8,6115809955E-5
658	2,7091186437E-5	8,6151452393E-5
659	2,711853955E-5	8,6185267986E-5
660	2,7146701621E-5	8,6217353707E-5
661	2,7174240549E-5	8,6249716078E-5
662	2,7207152931E-5	8,6284866565E-5
663	2,7239438618E-5	8,6316802937E-5
664	2,727099522E-5	8,6350084704E-5
665	2,7302809363E-5	8,6377816845E-5
666	2,7325767742E-5	8,6413203857E-5
667	2,7352250543E-5	8,6451653605E-5
668	2,7378173793E-5	8,6493345197E-5
669	2,7403885505E-5	8,6535072353E-5
670	2,7433130784E-5	8,6578331505E-5
671	2,7466355896E-5	8,6607228287E-5
672	2,7499041769E-5	8,6633753095E-5
673	2,7531674919E-5	8,6659758242E-5
674	2,7566879681E-5	8,6688686701E-5
675	2,7603421284E-5	8,6720526394E-5
676	2,7640157171E-5	8,6757683704E-5
677	2,7673461306E-5	8,678890685E-5
678	2,7705895084E-5	8,6817547354E-5
679	2,7736774036E-5	8,6844440409E-5
680	2,7767257158E-5	8,6870824715E-5
681	2,7797633021E-5	8,6897049199E-5
682	2,7827994943E-5	8,6923204486E-5
683	2,7858327012E-5	8,6949315727E-5
684	2,7888632871E-5	8,6975388834E-5
685	2,7918913365E-5	8,700142531E-5
686	2,7949168692E-5	8,7027425605E-5
687	2,7979398907E-5	8,7053389969E-5
688	2,8009604032E-5	8,7079318536E-5
689	2,8039784088E-5	8,7105211432E-5
690	2,8069939091E-5	8,7131073175E-5
691	2,8100069062E-5	8,7156907941E-5
692	2,8130174018E-5	8,7182716344E-5
693	2,8160253978E-5	8,720849854E-5
694	2,819030896E-5	8,7234254571E-5
695	2,8220338984E-5	8,7259984739E-5
696	2,8250344067E-5	8,7285688908E-5
697	2,8280324229E-5	8,7311367058E-5
698	2,8310279488E-5	8,7340269513E-5
699	2,8339619868E-5	8,7367480894E-5
700	2,836189741E-5	8,7398419764E-5
701	2,8387406489E-5	8,7437494685E-5
702	2,8408392344E-5	8,7474357506E-5
703	2,8428229845E-5	8,7510695265E-5
704	2,8450391311E-5	8,7543461385E-5
705	2,8476089351E-5	8,7571499503E-5
706	2,8497366504E-5	8,7603192007E-5
707	2,8520792909E-5	8,7632847196E-5
708	2,85438729E-5	8,7662494774E-5
709	2,8567100056E-5	8,7691282045E-5
710	2,859536524E-5	8,7720311196E-5
711	2,8625193479E-5	8,775035505E-5
712	2,8654633372E-5	8,7780415316E-5
713	2,8685735979E-5	8,7813278011E-5
714	2,8715050997E-5	8,7842345394E-5
715	2,8743799019E-5	8,7869352564E-5
716	2,8773785365E-5	8,790082232E-5
717	2,8802823451E-5	8,7930977244E-5
718	2,8832617014E-5	8,7962569848E-5
719	2,8863550495E-5	8,7995356918E-5
720	2,8894356451E-5	8,8035024324E-5
721	2,8924184682E-5	8,8074705249E-5
722	2,8949311258E-5	8,8110160747E-5
723	2,89760186E-5	8,8139001753E-5
724	2,8999755174E-5	8,8177180633E-5
725	2,9022298571E-5	8,8207522034E-5
726	2,9045292202E-5	8,8242811228E-5
727	2,9069334466E-5	8,8276504171E-5
728	2,909018929E-5	8,8308649155E-5
729	2,9112302512E-5	8,8339630376E-5
730	2,9135134968E-5	8,8373158793E-5
731	2,9157636954E-5	8,8404657254E-5
732	2,9178792476E-5	8,8436130572E-5
733	2,9205481844E-5	8,8463709357E-5
734	2,922910414E-5	8,8500366019E-5
735	2,9248986074E-5	8,8534614514E-5
736	2,9266615864E-5	8,8568664197E-5
737	2,9291891369E-5	8,8594218324E-5
738	2,9310621326E-5	8,8625753706E-5
739	2,9328486366E-5	8,8658020419E-5
740	2,9351400785E-5	8,8685134066E-5
741	2,9369124018E-5	8,8716684565E-5
742	2,9388543966E-5	8,8746313659E-5
743	2,9406177743E-5	8,8777537491E-5
744	2,9423536338E-5	8,8808991338E-5
745	2,9447570996E-5	8,8834052898E-5
746	2,9465019E-5	8,8865437756E-5
747	2,9488832684E-5	8,8889869996E-5
748	2,9515279498E-5	8,8910845857E-5
749	2,9542683852E-5	8,8939003798E-5
750	2,9568969608E-5	8,896245699E-5
751	2,9595641051E-5	8,8982643651E-5
752	2,9618255915E-5	8,9005757986E-5
753	2,9639743412E-5	8,9030269617E-5
754	2,966437845E-5	8,905594608E-5
755	2,968928918E-5	8,9083322284E-5
756	2,9715514134E-5	8,9106740756E-5
757	2,9743183005E-5	8,9128527542E-5
758	2,9769880775E-5	8,9153104744E-5
759	2,9796183076E-5	8,9176368822E-5
760	2,9822333082E-5	8,9200751917E-5
761	2,9848415311E-5	8,9223812655E-5
762	2,9874453518E-5	8,9248054767E-5
763	2,9900454397E-5	8,9272609546E-5
764	2,9926472078E-5	8,9295583249E-5
765	2,9952454948E-5	8,9319688857E-5
766	2,997840329E-5	8,9344097022E-5
767	3,0004317293E-5	8,9366923764E-5
768	3,0030197086E-5	8,9390880115E-5
769	3,0056042844E-5	8,9415139079E-5
770	3,0081854717E-5	8,9439435008E-5
771	3,0107632864E-5	8,9463702874E-5
772	3,0133377403E-5	8,9487927155E-5
773	3,0159088486E-5	8,9512104116E-5
774	3,0184766283E-5	8,9536232863E-5
775	3,0210410936E-5	8,9560313433E-5
776	3,0236022738E-5	8,9584346493E-5
777	3,0261601763E-5	8,9608332302E-5
778	3,028716121E-5	8,963050664E-5
779	3,0312680407E-5	8,9652409033E-5
780	3,0338162968E-5	8,9674217131E-5
781	3,0363609737E-5	8,9695965122E-5
782	3,0389021065E-5	8,9717660791E-5
783	3,041439709E-5	8,9739306289E-5
784	3,0439738001E-5	8,9760902401E-5
785	3,0465043965E-5	8,9782449556E-5
786	3,0490315105E-5	8,9803948265E-5
787	3,0515551582E-5	8,9825398621E-5
788	3,0540753556E-5	8,9846800843E-5
789	3,0565921174E-5	8,9868155161E-5
790	3,0591054565E-5	8,9889461799E-5
791	3,0616153873E-5	8,9910721012E-5
792	3,0641190789E-5	8,9930323039E-5
793	3,066622452E-5	8,9949505114E-5
794	3,0691219924E-5	8,9968563821E-5
795	3,0716178275E-5	8,9987558148E-5
796	3,0741136778E-5	9,000650033E-5
797	3,0766059555E-5	9,0025393133E-5
798	3,0790946229E-5	9,0044237413E-5
799	3,0815796831E-5	9,0063033562E-5
800	3,084061143E-5	9,0081781921E-5
801	3,0868723064E-5	9,0105000802E-5
802	3,0897543169E-5	9,0127724871E-5
803	3,092648842E-5	9,0150378399E-5
804	3,0955451594E-5	9,0173015634E-5
805	3,0984402503E-5	9,0195639147E-5
806	3,1013125206E-5	9,0228169551E-5
807	3,1039140726E-5	9,025042482E-5
808	3,1064037728E-5	9,0271247891E-5
809	3,1088588382E-5	9,029012562E-5
810	3,111305255E-5	9,0308517652E-5
811	3,1137472544E-5	9,0326771237E-5
812	3,1161852946E-5	9,0344959166E-5
813	3,1186198381E-5	9,0363096786E-5
814	3,1210510197E-5	9,038118773E-5
815	3,1234788835E-5	9,0399233169E-5
816	3,1259034575E-5	9,041723389E-5
817	3,1283247523E-5	9,0435190083E-5
818	3,1307427855E-5	9,0453101997E-5
819	3,1331575707E-5	9,0470969891E-5
820	3,1355691218E-5	9,0488793939E-5
821	3,1379774522E-5	9,0506574409E-5
822	3,1403825754E-5	9,0524311693E-5
823	3,1427845074E-5	9,0542005692E-5
824	3,1451832563E-5	9,0559656889E-5
825	3,1475788378E-5	9,0578815732E-5
826	3,149971265E-5	9,0596522078E-5
827	3,1523605507E-5	9,0615633206E-5
828	3,1547467075E-5	9,0633260949E-5
829	3,1571297522E-5	9,0652303454E-5
830	3,1595096888E-5	9,0669848522E-5
831	3,1618865339E-5	9,0688822229E-5
832	3,1642602997E-5	9,0706284835E-5
833	3,1666309985E-5	9,0725189678E-5
834	3,1689986421E-5	9,0742570516E-5
835	3,1713632438E-5	9,0761406866E-5
836	3,1737248171E-5	9,0778721899E-5
837	3,1760833682E-5	9,0797491654E-5
838	3,1784389105E-5	9,0814742079E-5
839	3,1807914581E-5	9,0833445739E-5
840	3,1831410214E-5	9,085063158E-5
841	3,1854876116E-5	9,0869269612E-5
842	3,1878312399E-5	9,0886391493E-5
843	3,1901719195E-5	9,0904964378E-5
844	3,1925096583E-5	9,0922022798E-5
845	3,1948444694E-5	9,0940531033E-5
846	3,1971763634E-5	9,09591364E-5
847	3,1995053514E-5	9,0977729736E-5
848	3,2018314442E-5	9,0996295152E-5
849	3,2041546553E-5	9,1014829726E-5
850	3,2064749896E-5	9,1033332872E-5
851	3,2087924606E-5	9,1051804498E-5
852	3,2111070785E-5	9,1070244578E-5
853	3,2134188557E-5	9,1088653055E-5
854	3,2157277985E-5	9,1107030252E-5
855	3,2178596446E-5	9,1126622071E-5
856	3,2192513757E-5	9,115087055E-5
857	3,2211938859E-5	9,1166139518E-5
858	3,2235539994E-5	9,1182987071E-5
859	3,2257960697E-5	9,1199701425E-5
860	3,2283035507E-5	9,1218476312E-5
861	3,2309149522E-5	9,1238464723E-5
862	3,2337050345E-5	9,1262125666E-5
863	3,2363508792E-5	9,128238632E-5
864	3,2388372042E-5	9,1302613253E-5
865	3,2412802813E-5	9,1328641532E-5
866	3,2435956042E-5	9,1346745672E-5
867	3,2458762286E-5	9,1366523223E-5
868	3,2481494573E-5	9,1384757384E-5
869	3,2504176751E-5	9,1402757246E-5
870	3,252682598E-5	9,1420700114E-5
871	3,2549446852E-5	9,1438615148E-5
872	3,2572040667E-5	9,1456507781E-5
873	3,2594632894E-5	9,1474379237E-5
874	3,2617198709E-5	9,1492229864E-5
875	3,2639738246E-5	9,1510060908E-5
876	3,2662991518E-5	9,1530749682E-5
877	3,2680493653E-5	9,1550807324E-5
878	3,2700608543E-5	9,1568749091E-5
879	3,2723452999E-5	9,159047107E-5
880	3,274889182E-5	9,161082416E-5
881	3,277443471E-5	9,1632325245E-5
882	3,2801350985E-5	9,1655101607E-5
883	3,2826879132E-5	9,1674555759E-5
884	3,2851319867E-5	9,1694462892E-5
885	3,2870886987E-5	9,1725626262E-5
886	3,288403994E-5	9,1752499013E-5
887	3,28995036E-5	9,1780088514E-5
888	3,2912895454E-5	9,1800393847E-5
889	3,2926869222E-5	9,1816740115E-5
890	3,2937994938E-5	9,1835801212E-5
891	3,2951498318E-5	9,1851206911E-5
892	3,2961745075E-5	9,1869799117E-5
893	3,297687019E-5	9,1883776663E-5
894	3,298788464E-5	9,1902150629E-5
895	3,3004842414E-5	9,1914028457E-5
896	3,3016140999E-5	9,1931369004E-5
897	3,3029745247E-5	9,1947328836E-5
898	3,3043543347E-5	9,1962665291E-5
899	3,3057878142E-5	9,1977103802E-5
900	3,3072006209E-5	9,1990353484E-5
901	3,3083375046E-5	9,200665155E-5
902	3,3095563728E-5	9,2024291959E-5
903	3,3106654887E-5	9,2041450995E-5
904	3,3122835012E-5	9,2053943869E-5
905	3,3137852963E-5	9,2067558492E-5
906	3,314611751E-5	9,2087017676E-5
907	3,3162269971E-5	9,2099644688E-5
908	3,3172524894E-5	9,2115251772E-5
909	3,318338651E-5	9,2130623168E-5
910	3,3197964369E-5	9,2141992721E-5
911	3,3212337838E-5	9,2152067436E-5
912	3,3229972016E-5	9,2162511751E-5
913	3,3244111229E-5	9,2172925757E-5
914	3,3252521726E-5	9,2188543592E-5
915	3,3262776989E-5	9,2209057209E-5
916	3,3278398415E-5	9,2222340456E-5
917	3,3292761236E-5	9,223589605E-5
918	3,330348733E-5	9,2253337433E-5
919	3,3313704191E-5	9,2271005047E-5
920	3,3324409677E-5	9,228806075E-5
921	3,3333695537E-5	9,2306038824E-5
922	3,3347261121E-5	9,2319538554E-5
923	3,3360177392E-5	9,2333439624E-5
924	3,3372702176E-5	9,2345950893E-5
925	3,3388147403E-5	9,2357699658E-5
926	3,3400362988E-5	9,2368867121E-5
927	3,3412802042E-5	9,2379016524E-5
928	3,3425705035E-5	9,239262774E-5
929	3,3439448356E-5	9,2405984126E-5
930	3,3452955781E-5	9,2419176606E-5
931	3,3462496826E-5	9,2436260993E-5
932	3,3471618191E-5	9,245376251E-5
933	3,3484301924E-5	9,2467322325E-5
934	3,3497731828E-5	9,2478413507E-5
935	3,3509754794E-5	9,2491246016E-5
936	3,3523130762E-5	9,2502804861E-5
937	3,3537327451E-5	9,2513191978E-5
938	3,3550614901E-5	9,2525465551E-5
939	3,3561967651E-5	9,2539416756E-5
940	3,3570737873E-5	9,2555857853E-5
941	3,3577954339E-5	9,2572561818E-5
942	3,3590241375E-5	9,2583921824E-5
943	3,3604182998E-5	9,2594587796E-5
944	3,3615579332E-5	9,2604931752E-5
945	3,3629020835E-5	9,2616186046E-5
946	3,3636265713E-5	9,2630472187E-5
947	3,3644015299E-5	9,2647910524E-5
948	3,3657402813E-5	9,2659062246E-5
949	3,367142095E-5	9,2669426729E-5
950	3,3687419911E-5	9,2678528201E-5
951	3,3701261849E-5	9,2689070419E-5
952	3,3712598765E-5	9,2702467204E-5
953	3,3722873151E-5	9,2717062377E-5
954	3,3736649217E-5	9,2727514466E-5
955	3,3748737401E-5	9,2737945155E-5
956	3,3758604533E-5	9,2752184646E-5
957	3,3767076445E-5	9,2767857271E-5
958	3,3775393505E-5	9,2782918809E-5
959	3,3787132104E-5	9,2794676774E-5
960	3,3798786931E-5	9,2806279852E-5
961	3,3806873606E-5	9,2822128791E-5
962	3,3815401597E-5	9,2837375776E-5
963	3,3827422586E-5	9,2850027164E-5
964	3,3840870964E-5	9,2860377264E-5
965	3,3851135265E-5	9,28719942E-5
966	3,3864447377E-5	9,2881879176E-5
967	3,3875588644E-5	9,289045356E-5
968	3,3883418067E-5	9,2902024102E-5
969	3,3893451606E-5	9,2911600487E-5
970	3,3917603507E-5	9,2944153612E-5
971	3,3931028271E-5	9,295948814E-5
972	3,3943455195E-5	9,2970824501E-5
973	3,3956704608E-5	9,2980274922E-5
974	3,3967942731E-5	9,2990999631E-5
975	3,3978000386E-5	9,2999825928E-5
976	3,3987423472E-5	9,3008919856E-5
977	3,3997207428E-5	9,3017323908E-5
978	3,4010630597E-5	9,3026320197E-5
979	3,4029369348E-5	9,3047512315E-5
980	3,4043060614E-5	9,3062082484E-5
981	3,4054177905E-5	9,3073792149E-5
982	3,4063894813E-5	9,3085377119E-5
983	3,4072607746E-5	9,3097768179E-5
984	3,4080763822E-5	9,3110508091E-5
985	3,4092965976E-5	9,3119515722E-5
986	3,4099159623E-5	9,3135458188E-5
987	3,410916631E-5	9,314654761E-5
988	3,4117363178E-5	9,3159336034E-5
989	3,4125454247E-5	9,31723893E-5
990	3,4136904129E-5	9,3182160579E-5
991	3,4148483863E-5	9,3191214786E-5
992	3,4159821377E-5	9,3201263322E-5
993	3,4172407261E-5	9,3209557887E-5
994	3,41843283E-5	9,3218186156E-5
995	3,4197377699E-5	9,3225530811E-5
996	3,420812224E-5	9,3235574647E-5
997	3,4226859707E-5	9,3248631673E-5
998	3,4237306693E-5	9,3260600521E-5
999	3,4245309578E-5	9,3272430386E-5
1000	3,4253268809E-5	9,3284138841E-5
