0 13 2 iMM904.cmd 1E-6
0 13 2 iJN1463.cmd 1E-8
0 7 11 iMM904.cmd 1E-6
0 7 11 iJN1463.cmd 1E-8
0 12 2 iMM904.cmd 1E-6
0 12 2 iJN1463.cmd 1E-8
0 8 14 iMM904.cmd 1E-6
0 8 14 iJN1463.cmd 1E-8
0 9 6 iMM904.cmd 1E-6
0 9 6 iJN1463.cmd 1E-8
0 8 1 iMM904.cmd 1E-6
0 8 1 iJN1463.cmd 1E-8
0 2 9 iMM904.cmd 1E-6
0 2 9 iJN1463.cmd 1E-8
0 13 1 iMM904.cmd 1E-6
0 13 1 iJN1463.cmd 1E-8
0 5 6 iMM904.cmd 1E-6
0 5 6 iJN1463.cmd 1E-8
0 6 3 iMM904.cmd 1E-6
0 6 3 iJN1463.cmd 1E-8
0 8 11 iMM904.cmd 1E-6
0 8 11 iJN1463.cmd 1E-8
0 4 12 iMM904.cmd 1E-6
0 4 12 iJN1463.cmd 1E-8
0 1 11 iMM904.cmd 1E-6
0 1 11 iJN1463.cmd 1E-8
0 5 5 iMM904.cmd 1E-6
0 5 5 iJN1463.cmd 1E-8
0 10 11 iMM904.cmd 1E-6
0 10 11 iJN1463.cmd 1E-8
500 13 2 iMM904.cmd 3,0376462108E-7
500 13 2 iJN1463.cmd 1,1952924225E-7
500 7 11 iMM904.cmd 3,1009226021E-7
500 7 11 iJN1463.cmd 2,3589788854E-7
500 12 2 iMM904.cmd 2,9197989056E-7
500 12 2 iJN1463.cmd 1,2278916034E-7
500 8 14 iMM904.cmd 1,9778627747E-7
500 8 14 iJN1463.cmd 5,5328845927E-8
500 9 6 iMM904.cmd 2,4396522392E-7
500 9 6 iJN1463.cmd 1,0725966762E-7
500 8 1 iMM904.cmd 2,9395148319E-7
500 8 1 iJN1463.cmd 2,279264332E-7
500 2 9 iMM904.cmd 8,2965464445E-7
500 2 9 iJN1463.cmd 9,2988933633E-7
500 13 1 iMM904.cmd 3,1137082079E-7
500 13 1 iJN1463.cmd 1,2075724023E-7
500 5 6 iMM904.cmd 4,3516165742E-7
500 5 6 iJN1463.cmd 3,5388587712E-7
500 6 3 iMM904.cmd 4,7295285228E-7
500 6 3 iJN1463.cmd 3,9519897569E-7
500 8 11 iMM904.cmd 2,722770346E-7
500 8 11 iJN1463.cmd 1,763364083E-7
500 4 12 iMM904.cmd 5,6477019167E-7
500 4 12 iJN1463.cmd 6,1215513789E-7
500 1 11 iMM904.cmd 6,9243698134E-7
500 1 11 iJN1463.cmd 7,6552261116E-7
500 5 5 iMM904.cmd 5,2171755542E-7
500 5 5 iJN1463.cmd 4,0259669009E-7
500 10 11 iMM904.cmd 1,7144494437E-7
500 10 11 iJN1463.cmd 9,9089941585E-8
500 0 11 iMM904.cmd 4,5143617072E-7
500 0 11 iJN1463.cmd 3,931328311E-7
500 1 9 iMM904.cmd 7,2907548773E-7
500 1 9 iJN1463.cmd 8,1751639975E-7
500 1 10 iMM904.cmd 7,2363885492E-7
500 1 10 iJN1463.cmd 7,9683930818E-7
500 1 12 iMM904.cmd 6,1776486953E-7
500 1 12 iJN1463.cmd 7,0699064323E-7
500 2 8 iMM904.cmd 7,3923218536E-7
500 2 8 iJN1463.cmd 8,4637642811E-7
500 2 10 iMM904.cmd 7,7913402369E-7
500 2 10 iJN1463.cmd 8,7106104308E-7
500 2 11 iMM904.cmd 7,452364036E-7
500 2 11 iJN1463.cmd 8,3743468679E-7
500 3 12 iMM904.cmd 6,2330124146E-7
500 3 12 iJN1463.cmd 6,9812132859E-7
500 4 6 iMM904.cmd 4,3232983198E-7
500 4 6 iJN1463.cmd 3,8269371227E-7
500 4 11 iMM904.cmd 5,5001068335E-7
500 4 11 iJN1463.cmd 6,0030190517E-7
500 4 13 iMM904.cmd 4,609875039E-7
500 4 13 iJN1463.cmd 5,0459341181E-7
500 5 3 iMM904.cmd 5,6873133346E-7
500 5 3 iJN1463.cmd 5,3590796339E-7
500 5 4 iMM904.cmd 5,5462498611E-7
500 5 4 iJN1463.cmd 4,5884658126E-7
500 5 7 iMM904.cmd 3,7929921952E-7
500 5 7 iJN1463.cmd 3,3354793709E-7
500 5 12 iMM904.cmd 5,4142869925E-7
500 5 12 iJN1463.cmd 5,6514860634E-7
500 6 2 iMM904.cmd 4,2259714995E-7
500 6 2 iJN1463.cmd 3,374537215E-7
500 6 4 iMM904.cmd 5,1413765158E-7
500 6 4 iJN1463.cmd 4,0975762907E-7
500 6 5 iMM904.cmd 4,8034602701E-7
500 6 5 iJN1463.cmd 3,6789221899E-7
500 6 6 iMM904.cmd 3,6232432788E-7
500 6 6 iJN1463.cmd 2,8784492606E-7
500 6 11 iMM904.cmd 3,7727484597E-7
500 6 11 iJN1463.cmd 3,4869054441E-7
500 7 1 iMM904.cmd 3,4101417653E-7
500 7 1 iJN1463.cmd 2,7934697566E-7
500 7 3 iMM904.cmd 3,5421412737E-7
500 7 3 iJN1463.cmd 2,8030192673E-7
500 7 10 iMM904.cmd 2,6184151072E-7
500 7 10 iJN1463.cmd 2,1160540993E-7
500 7 12 iMM904.cmd 2,7251344976E-7
500 7 12 iJN1463.cmd 1,8298025993E-7
500 7 14 iMM904.cmd 1,7767250697E-7
500 7 14 iJN1463.cmd 6,1912529624E-8
500 8 0 iMM904.cmd 2,9913797312E-7
500 8 0 iJN1463.cmd 2,4584674945E-7
500 8 2 iMM904.cmd 2,7131264557E-7
500 8 2 iJN1463.cmd 2,0667560632E-7
500 8 10 iMM904.cmd 2,2074218512E-7
500 8 10 iJN1463.cmd 1,5341468549E-7
500 8 12 iMM904.cmd 2,537971611E-7
500 8 12 iJN1463.cmd 1,5313222562E-7
500 8 13 iMM904.cmd 2,1607123475E-7
500 8 13 iJN1463.cmd 1,1107029322E-7
500 9 1 iMM904.cmd 2,2320827476E-7
500 9 1 iJN1463.cmd 1,6793838103E-7
500 9 5 iMM904.cmd 1,8283969179E-7
500 9 5 iJN1463.cmd 9,3235157284E-8
500 9 11 iMM904.cmd 2,2430364478E-7
500 9 11 iJN1463.cmd 1,3219387067E-7
500 9 14 iMM904.cmd 1,5875975325E-7
500 9 14 iJN1463.cmd 4,3212098898E-8
500 10 6 iMM904.cmd 1,5236002733E-7
500 10 6 iJN1463.cmd 6,882764598E-8
500 10 10 iMM904.cmd 1,3887047555E-7
500 10 10 iJN1463.cmd 8,1621927725E-8
500 10 12 iMM904.cmd 1,5332088352E-7
500 10 12 iJN1463.cmd 8,6232913014E-8
500 11 2 iMM904.cmd 2,0139039842E-7
500 11 2 iJN1463.cmd 1,0234097011E-7
500 11 11 iMM904.cmd 1,1056920191E-7
500 11 11 iJN1463.cmd 6,3501162997E-8
500 12 3 iMM904.cmd 2,4545414404E-7
500 12 3 iJN1463.cmd 1,045519833E-7
500 13 0 iMM904.cmd 2,3943808756E-7
500 13 0 iJN1463.cmd 9,764550746E-8
500 13 3 iMM904.cmd 2,2088616238E-7
500 13 3 iJN1463.cmd 8,8680224843E-8
500 14 1 iMM904.cmd 2,8408539185E-7
500 14 1 iJN1463.cmd 1,1014612388E-7
500 14 2 iMM904.cmd 2,720962354E-7
500 14 2 iJN1463.cmd 1,0574016351E-7
500 2 12 iMM904.cmd 7,083535241E-7
500 2 12 iJN1463.cmd 8,0740200576E-7
500 3 11 iMM904.cmd 6,5586067481E-7
500 3 11 iJN1463.cmd 7,3256953426E-7
500 5 11 iMM904.cmd 4,675708191E-7
500 5 11 iJN1463.cmd 4,8598495898E-7
500 7 2 iMM904.cmd 3,5066702896E-7
500 7 2 iJN1463.cmd 2,7529627632E-7
500 7 13 iMM904.cmd 2,1323571273E-7
500 7 13 iJN1463.cmd 1,3016864302E-7
500 9 10 iMM904.cmd 1,8003309495E-7
500 9 10 iJN1463.cmd 1,123852525E-7
500 9 12 iMM904.cmd 2,0790444533E-7
500 9 12 iJN1463.cmd 1,1767042506E-7
500 0 10 iMM904.cmd 4,6858022943E-7
500 0 10 iJN1463.cmd 4,105715088E-7
500 0 12 iMM904.cmd 3,8112223839E-7
500 0 12 iJN1463.cmd 3,4552116891E-7
500 1 8 iMM904.cmd 6,7325669422E-7
500 1 8 iJN1463.cmd 7,8959038794E-7
500 3 13 iMM904.cmd 4,7439248849E-7
500 3 13 iJN1463.cmd 5,3199294151E-7
500 4 7 iMM904.cmd 4,151830673E-7
500 4 7 iJN1463.cmd 4,1737695649E-7
500 6 7 iMM904.cmd 2,9432292574E-7
500 6 7 iJN1463.cmd 2,474600617E-7
500 6 10 iMM904.cmd 3,3928551143E-7
500 6 10 iJN1463.cmd 3,243632061E-7
500 7 0 iMM904.cmd 3,4199047428E-7
500 7 0 iJN1463.cmd 3,1882369531E-7
500 8 3 iMM904.cmd 2,336305521E-7
500 8 3 iJN1463.cmd 1,7518946472E-7
500 9 0 iMM904.cmd 2,2585581482E-7
500 9 0 iJN1463.cmd 1,7475143859E-7
500 9 2 iMM904.cmd 2,0429031411E-7
500 9 2 iJN1463.cmd 1,4884550003E-7
500 9 13 iMM904.cmd 1,7465223588E-7
500 9 13 iJN1463.cmd 8,5034820838E-8
500 10 5 iMM904.cmd 1,4119784229E-7
500 10 5 iJN1463.cmd 6,6861630657E-8
500 11 3 iMM904.cmd 1,7026443256E-7
500 11 3 iJN1463.cmd 8,5037492223E-8
500 11 10 iMM904.cmd 9,1344488336E-8
500 11 10 iJN1463.cmd 5,3123840778E-8
500 11 12 iMM904.cmd 9,6090635427E-8
500 11 12 iJN1463.cmd 5,5998265368E-8
500 14 0 iMM904.cmd 2,4099759383E-7
500 14 0 iJN1463.cmd 9,5633764219E-8
500 14 3 iMM904.cmd 1,9023523186E-7
500 14 3 iJN1463.cmd 7,509953408E-8
500 0 9 iMM904.cmd 4,4895456699E-7
500 0 9 iJN1463.cmd 4,0879079515E-7
500 1 13 iMM904.cmd 4,5408225111E-7
500 1 13 iJN1463.cmd 5,4784062264E-7
500 3 8 iMM904.cmd 5,4146022002E-7
500 3 8 iJN1463.cmd 6,162245932E-7
500 3 10 iMM904.cmd 6,5143623692E-7
500 3 10 iJN1463.cmd 7,3157126495E-7
500 4 3 iMM904.cmd 6,1516396192E-7
500 4 3 iJN1463.cmd 6,9066603753E-7
500 4 10 iMM904.cmd 4,914410594E-7
500 4 10 iJN1463.cmd 5,507301958E-7
500 4 14 iMM904.cmd 2,2601558071E-7
500 4 14 iJN1463.cmd 2,0024800609E-7
500 7 6 iMM904.cmd 2,4179344802E-7
500 7 6 iJN1463.cmd 1,9878866442E-7
500 7 9 iMM904.cmd 1,6737183875E-7
500 7 9 iJN1463.cmd 1,3518643921E-7
500 8 5 iMM904.cmd 1,5672970309E-7
500 8 5 iJN1463.cmd 9,3322769677E-8
500 8 9 iMM904.cmd 1,4398751991E-7
500 8 9 iJN1463.cmd 1,081032776E-7
500 9 4 iMM904.cmd 1,6135586744E-7
500 9 4 iJN1463.cmd 1,0229071515E-7
500 10 1 iMM904.cmd 1,6912827862E-7
500 10 1 iJN1463.cmd 1,1724196193E-7
500 10 2 iMM904.cmd 1,7322984946E-7
500 10 2 iJN1463.cmd 1,1095956039E-7
500 10 7 iMM904.cmd 8,8428316777E-8
500 10 7 iJN1463.cmd 4,5693667524E-8
500 10 9 iMM904.cmd 9,0978606491E-8
500 10 9 iJN1463.cmd 5,7433102368E-8
500 10 13 iMM904.cmd 1,1920445892E-7
500 10 13 iJN1463.cmd 6,1115527096E-8
500 11 1 iMM904.cmd 1,5664729179E-7
500 11 1 iJN1463.cmd 9,4304342742E-8
500 11 6 iMM904.cmd 9,3560248479E-8
500 11 6 iJN1463.cmd 4,4379440895E-8
500 12 0 iMM904.cmd 1,6203264418E-7
500 12 0 iJN1463.cmd 7,8464667687E-8
500 12 11 iMM904.cmd 5,8881834665E-8
500 12 11 iJN1463.cmd 3,5548599769E-8
500 13 4 iMM904.cmd 1,1265553138E-7
500 13 4 iJN1463.cmd 4,5578251486E-8
500 6 14 iMM904.cmd 1,3149301075E-7
500 6 14 iJN1463.cmd 6,1664524129E-8
500 10 14 iMM904.cmd 9,9397213459E-8
500 10 14 iJN1463.cmd 3,0844189748E-8
500 5 10 iMM904.cmd 4,0047217103E-7
500 5 10 iJN1463.cmd 4,3290714573E-7
500 9 9 iMM904.cmd 1,161250084E-7
500 9 9 iJN1463.cmd 7,9733627089E-8
500 9 3 iMM904.cmd 1,7537375259E-7
500 9 3 iJN1463.cmd 1,2376556646E-7
500 8 4 iMM904.cmd 1,6582428439E-7
500 8 4 iJN1463.cmd 1,1401218206E-7
500 0 8 iMM904.cmd 3,8761532141E-7
500 0 8 iJN1463.cmd 3,7618832389E-7
500 0 13 iMM904.cmd 2,6556612974E-7
500 0 13 iJN1463.cmd 2,5337168168E-7
500 3 7 iMM904.cmd 4,5021112267E-7
500 3 7 iJN1463.cmd 4,976753045E-7
500 4 8 iMM904.cmd 4,3328622957E-7
500 4 8 iJN1463.cmd 4,8497922687E-7
500 6 13 iMM904.cmd 1,704103941E-7
500 6 13 iJN1463.cmd 1,2637037197E-7
500 7 7 iMM904.cmd 1,7820326134E-7
500 7 7 iJN1463.cmd 1,524776697E-7
500 10 0 iMM904.cmd 1,6151476652E-7
500 10 0 iJN1463.cmd 1,1704636767E-7
500 10 3 iMM904.cmd 1,5391170172E-7
500 10 3 iJN1463.cmd 9,6657243919E-8
500 14 4 iMM904.cmd 9,7758419533E-8
500 14 4 iJN1463.cmd 3,9230101434E-8
500 3 14 iMM904.cmd 2,2615527975E-7
500 3 14 iJN1463.cmd 2,1032849431E-7
500 11 5 iMM904.cmd 8,6602486769E-8
500 11 5 iJN1463.cmd 4,2188977528E-8
500 11 9 iMM904.cmd 6,2911334473E-8
500 11 9 iJN1463.cmd 3,907407344E-8
500 11 13 iMM904.cmd 6,9758130254E-8
500 11 13 iJN1463.cmd 3,9715180349E-8
500 12 10 iMM904.cmd 5,1104562501E-8
500 12 10 iJN1463.cmd 3,1400528607E-8
500 12 12 iMM904.cmd 5,0641210595E-8
500 12 12 iJN1463.cmd 3,203371495E-8
500 1 7 iMM904.cmd 6,0988693826E-7
500 1 7 iJN1463.cmd 7,6127373453E-7
500 6 0 iMM904.cmd 3,5976205151E-7
500 6 0 iJN1463.cmd 4,0164090039E-7
500 11 0 iMM904.cmd 1,3894806479E-7
500 11 0 iJN1463.cmd 8,5955308876E-8
500 10 8 iMM904.cmd 6,8716912073E-8
500 10 8 iJN1463.cmd 4,3700329651E-8
500 11 4 iMM904.cmd 1,0156448624E-7
500 11 4 iJN1463.cmd 5,1558454081E-8
500 11 7 iMM904.cmd 5,7229265467E-8
500 11 7 iJN1463.cmd 3,0522357057E-8
500 3 3 iMM904.cmd 5,55725786E-7
500 3 3 iJN1463.cmd 7,2587423817E-7
500 7 8 iMM904.cmd 1,3015580823E-7
500 7 8 iJN1463.cmd 1,1122649111E-7
500 1 14 iMM904.cmd 1,9219340311E-7
500 1 14 iJN1463.cmd 1,94897418E-7
500 4 9 iMM904.cmd 4,0121170616E-7
500 4 9 iJN1463.cmd 4,6260453582E-7
500 5 14 iMM904.cmd 1,2097418114E-7
500 5 14 iJN1463.cmd 7,4123652971E-8
500 8 8 iMM904.cmd 1,0251186772E-7
500 8 8 iJN1463.cmd 8,5429460925E-8
500 13 5 iMM904.cmd 5,2623003097E-8
500 13 5 iJN1463.cmd 2,266291582E-8
500 13 11 iMM904.cmd 2,8178005881E-8
500 13 11 iJN1463.cmd 1,8306999965E-8
500 11 14 iMM904.cmd 5,1944877402E-8
500 11 14 iJN1463.cmd 1,9480120577E-8
500 9 8 iMM904.cmd 7,9897005752E-8
500 9 8 iJN1463.cmd 6,0201612381E-8
500 5 9 iMM904.cmd 3,561464005E-7
500 5 9 iJN1463.cmd 4,1116446876E-7
500 0 7 iMM904.cmd 2,9218441028E-7
500 0 7 iJN1463.cmd 3,0496189296E-7
500 11 8 iMM904.cmd 5,1270796465E-8
500 11 8 iJN1463.cmd 3,160204878E-8
500 12 13 iMM904.cmd 3,592465551E-8
500 12 13 iJN1463.cmd 2,3148157051E-8
500 12 9 iMM904.cmd 4,3390342645E-8
500 12 9 iJN1463.cmd 2,8204725565E-8
500 8 7 iMM904.cmd 1,0914326726E-7
500 8 7 iJN1463.cmd 9,7143095774E-8
500 0 14 iMM904.cmd 1,4346165208E-7
500 0 14 iJN1463.cmd 1,2405254147E-7
500 12 5 iMM904.cmd 4,7518847822E-8
500 12 5 iJN1463.cmd 2,3020649146E-8
500 14 5 iMM904.cmd 4,07250786E-8
500 14 5 iJN1463.cmd 1,6932746832E-8
500 13 10 iMM904.cmd 2,5691425401E-8
500 13 10 iJN1463.cmd 1,6756639591E-8
500 13 12 iMM904.cmd 2,4719114969E-8
500 13 12 iJN1463.cmd 1,6823117897E-8
500 2 14 iMM904.cmd 1,3123639897E-7
500 2 14 iJN1463.cmd 1,1262001181E-7
500 5 0 iMM904.cmd 3,416610718E-7
500 5 0 iJN1463.cmd 4,4175243647E-7
500 12 7 iMM904.cmd 2,2047163341E-8
500 12 7 iJN1463.cmd 1,1305871669E-8
500 2 3 iMM904.cmd 4,7801100692E-7
500 2 3 iJN1463.cmd 6,754376209E-7
500 3 2 iMM904.cmd 4,7359019352E-7
500 3 2 iJN1463.cmd 6,5671583809E-7
500 3 4 iMM904.cmd 5,5030433215E-7
500 3 4 iJN1463.cmd 7,4957410271E-7
500 12 14 iMM904.cmd 2,3766875431E-8
500 12 14 iJN1463.cmd 1,0559145235E-8
500 13 13 iMM904.cmd 1,7697539442E-8
500 13 13 iJN1463.cmd 1,237099757E-8
500 0 6 iMM904.cmd 1,0770125726E-7
500 0 6 iJN1463.cmd 1,0634783626E-7
500 2 4 iMM904.cmd 4,6237291376E-7
500 2 4 iJN1463.cmd 6,6954351905E-7
500 2 2 iMM904.cmd 4,2558138755E-7
500 2 2 iJN1463.cmd 6,1674690422E-7
500 4 0 iMM904.cmd 3,2669621988E-7
500 4 0 iJN1463.cmd 4,5987107285E-7
500 5 1 iMM904.cmd 3,2467299319E-7
500 5 1 iJN1463.cmd 4,4446019548E-7
500 14 11 iMM904.cmd 1,5094296236E-8
500 14 11 iJN1463.cmd 9,5103622002E-9
500 3 1 iMM904.cmd 3,6906369081E-7
500 3 1 iJN1463.cmd 5,3592582978E-7
500 1 3 iMM904.cmd 3,6105276113E-7
500 1 3 iJN1463.cmd 5,3630275187E-7
500 4 1 iMM904.cmd 3,2918339843E-7
500 4 1 iJN1463.cmd 4,6851578277E-7
500 14 10 iMM904.cmd 1,1736374316E-8
500 14 10 iJN1463.cmd 7,3065114876E-9
500 14 12 iMM904.cmd 1,4108787401E-8
500 14 12 iJN1463.cmd 9,0459250696E-9
500 1 4 iMM904.cmd 3,5275674844E-7
500 1 4 iJN1463.cmd 5,3170203006E-7
500 2 1 iMM904.cmd 3,4824065408E-7
500 2 1 iJN1463.cmd 5,2660056575E-7
500 1 2 iMM904.cmd 3,2713753412E-7
500 1 2 iJN1463.cmd 4,9462712486E-7
500 3 0 iMM904.cmd 3,2427115696E-7
500 3 0 iJN1463.cmd 4,8215011353E-7
500 2 5 iMM904.cmd 3,8715083043E-7
500 2 5 iJN1463.cmd 5,9945110365E-7
500 14 6 iMM904.cmd 1,2415529071E-8
500 14 6 iJN1463.cmd 4,5868538184E-9
500 0 3 iMM904.cmd 1,2241994077E-7
500 0 3 iJN1463.cmd 1,7016616978E-7
500 13 14 iMM904.cmd 1,0074954366E-8
500 13 14 iJN1463.cmd 4,5952232526E-9
500 0 5 iMM904.cmd 1,0491433059E-7
500 0 5 iJN1463.cmd 1,4252043021E-7
500 1 1 iMM904.cmd 2,7483356346E-7
500 1 1 iJN1463.cmd 4,327762068E-7
500 1 5 iMM904.cmd 3,2230067384E-7
500 1 5 iJN1463.cmd 5,0093266972E-7
500 2 0 iMM904.cmd 2,9987904031E-7
500 2 0 iJN1463.cmd 4,6953380496E-7
500 14 13 iMM904.cmd 1,0424221355E-8
500 14 13 iJN1463.cmd 6,4865399053E-9
500 0 4 iMM904.cmd 1,1667543159E-7
500 0 4 iJN1463.cmd 1,6312188431E-7
500 0 2 iMM904.cmd 1,0664792471E-7
500 0 2 iJN1463.cmd 1,5202970314E-7
500 2 6 iMM904.cmd 3,4406347881E-7
500 2 6 iJN1463.cmd 5,6214489407E-7
500 13 7 iMM904.cmd 6,1606233249E-9
500 13 7 iJN1463.cmd 1,7306096087E-9
500 1 0 iMM904.cmd 2,3743023988E-7
500 1 0 iJN1463.cmd 3,8938147675E-7
500 0 1 iMM904.cmd 8,099108502E-8
500 0 1 iJN1463.cmd 1,2309287293E-7
500 0 0 iMM904.cmd 6,2381948978E-8
500 0 0 iJN1463.cmd 1,0225351369E-7
500 14 14 iMM904.cmd 4,7443585253E-9
500 14 14 iJN1463.cmd 7,6328779164E-10
500 14 7 iMM904.cmd 3,8288992477E-9
500 14 7 iJN1463.cmd 0E0
500 14 9 iMM904.cmd 3,0060161488E-9
500 14 9 iJN1463.cmd 0E0
500 13 8 iMM904.cmd 0E0
500 13 8 iJN1463.cmd 0E0
500 14 8 iMM904.cmd 0E0
500 14 8 iJN1463.cmd 0E0
1000 13 2 iMM904.cmd 2,2484868638E-7
1000 13 2 iJN1463.cmd 9,5040030998E-8
1000 7 11 iMM904.cmd 2,8738038713E-7
1000 7 11 iJN1463.cmd 2,8926940547E-7
1000 12 2 iMM904.cmd 2,1445679238E-7
1000 12 2 iJN1463.cmd 1,0137934372E-7
1000 8 14 iMM904.cmd 1,8226672219E-7
1000 8 14 iJN1463.cmd 1,102632375E-7
1000 9 6 iMM904.cmd 1,5499936995E-7
1000 9 6 iJN1463.cmd 8,2909532677E-8
1000 8 1 iMM904.cmd 2,75166623E-7
1000 8 1 iJN1463.cmd 2,4900982247E-7
1000 2 9 iMM904.cmd 8,3171979843E-7
1000 2 9 iJN1463.cmd 1,0800782619E-6
1000 13 1 iMM904.cmd 2,4209956796E-7
1000 13 1 iJN1463.cmd 1,0002441403E-7
1000 5 6 iMM904.cmd 4,2021535862E-7
1000 5 6 iJN1463.cmd 4,2227796002E-7
1000 6 3 iMM904.cmd 4,3796614888E-7
1000 6 3 iJN1463.cmd 4,3034506152E-7
1000 8 11 iMM904.cmd 2,2536949188E-7
1000 8 11 iJN1463.cmd 1,9736766885E-7
1000 4 12 iMM904.cmd 6,2473717345E-7
1000 4 12 iJN1463.cmd 8,0084244941E-7
1000 1 11 iMM904.cmd 7,5870064267E-7
1000 1 11 iJN1463.cmd 9,5805997511E-7
1000 5 5 iMM904.cmd 4,5729644253E-7
1000 5 5 iJN1463.cmd 4,4308266294E-7
1000 10 11 iMM904.cmd 1,3699406521E-7
1000 10 11 iJN1463.cmd 1,0403025219E-7
1000 0 11 iMM904.cmd 6,3694971877E-7
1000 0 11 iJN1463.cmd 7,4662645215E-7
1000 1 9 iMM904.cmd 7,8633296122E-7
1000 1 9 iJN1463.cmd 9,9892804039E-7
1000 1 10 iMM904.cmd 7,8536953657E-7
1000 1 10 iJN1463.cmd 9,9094264933E-7
1000 1 12 iMM904.cmd 6,972306977E-7
1000 1 12 iJN1463.cmd 8,8380610077E-7
1000 2 8 iMM904.cmd 7,7215254822E-7
1000 2 8 iJN1463.cmd 1,0048270486E-6
1000 2 10 iMM904.cmd 8,1417880867E-7
1000 2 10 iJN1463.cmd 1,0544628269E-6
1000 2 11 iMM904.cmd 7,9377103568E-7
1000 2 11 iJN1463.cmd 1,0286886493E-6
1000 3 12 iMM904.cmd 6,8871376499E-7
1000 3 12 iJN1463.cmd 8,9187093355E-7
1000 4 6 iMM904.cmd 4,48703825E-7
1000 4 6 iJN1463.cmd 4,8547573398E-7
1000 4 11 iMM904.cmd 6,3395784628E-7
1000 4 11 iJN1463.cmd 8,1419780001E-7
1000 4 13 iMM904.cmd 5,350010677E-7
1000 4 13 iJN1463.cmd 6,7140938882E-7
1000 5 3 iMM904.cmd 5,2705344668E-7
1000 5 3 iJN1463.cmd 5,8256908561E-7
1000 5 4 iMM904.cmd 4,9338042586E-7
1000 5 4 iJN1463.cmd 4,9206262429E-7
1000 5 7 iMM904.cmd 4,0804037648E-7
1000 5 7 iJN1463.cmd 4,3127463143E-7
1000 5 12 iMM904.cmd 5,9459290379E-7
1000 5 12 iJN1463.cmd 7,545079235E-7
1000 6 2 iMM904.cmd 3,9402473872E-7
1000 6 2 iJN1463.cmd 3,7113321732E-7
1000 6 4 iMM904.cmd 4,6508765383E-7
1000 6 4 iJN1463.cmd 4,4879471746E-7
1000 6 5 iMM904.cmd 4,3642340017E-7
1000 6 5 iJN1463.cmd 4,1530487522E-7
1000 6 6 iMM904.cmd 3,6826896811E-7
1000 6 6 iJN1463.cmd 3,5684280284E-7
1000 6 11 iMM904.cmd 4,0530539005E-7
1000 6 11 iJN1463.cmd 4,723656466E-7
1000 7 1 iMM904.cmd 3,1515438748E-7
1000 7 1 iJN1463.cmd 3,0511680335E-7
1000 7 3 iMM904.cmd 3,4483430472E-7
1000 7 3 iJN1463.cmd 3,1718187852E-7
1000 7 10 iMM904.cmd 2,7164365198E-7
1000 7 10 iJN1463.cmd 2,8025251373E-7
1000 7 12 iMM904.cmd 2,4160242012E-7
1000 7 12 iJN1463.cmd 2,1253466053E-7
1000 7 14 iMM904.cmd 1,9520421174E-7
1000 7 14 iJN1463.cmd 1,3254920736E-7
1000 8 0 iMM904.cmd 2,8048360283E-7
1000 8 0 iJN1463.cmd 2,6965031154E-7
1000 8 2 iMM904.cmd 2,7227147107E-7
1000 8 2 iJN1463.cmd 2,3439511379E-7
1000 8 10 iMM904.cmd 2,0865941079E-7
1000 8 10 iJN1463.cmd 1,8945225744E-7
1000 8 12 iMM904.cmd 2,1375761805E-7
1000 8 12 iJN1463.cmd 1,7182659941E-7
1000 8 13 iMM904.cmd 1,9544520328E-7
1000 8 13 iJN1463.cmd 1,4245425878E-7
1000 9 1 iMM904.cmd 2,3267482609E-7
1000 9 1 iJN1463.cmd 1,9088230903E-7
1000 9 5 iMM904.cmd 1,6579589803E-7
1000 9 5 iJN1463.cmd 9,9327421537E-8
1000 9 11 iMM904.cmd 1,7923667581E-7
1000 9 11 iJN1463.cmd 1,4265392436E-7
1000 9 14 iMM904.cmd 1,560030823E-7
1000 9 14 iJN1463.cmd 8,7176788769E-8
1000 10 6 iMM904.cmd 1,2471409088E-7
1000 10 6 iJN1463.cmd 6,6566441003E-8
1000 10 10 iMM904.cmd 1,2629119551E-7
1000 10 10 iJN1463.cmd 9,8694337046E-8
1000 10 12 iMM904.cmd 1,3603562646E-7
1000 10 12 iJN1463.cmd 9,7414587857E-8
1000 11 2 iMM904.cmd 1,9664386847E-7
1000 11 2 iJN1463.cmd 1,1284879984E-7
1000 11 11 iMM904.cmd 9,7927850148E-8
1000 11 11 iJN1463.cmd 7,2814928168E-8
1000 12 3 iMM904.cmd 2,0062147512E-7
1000 12 3 iJN1463.cmd 9,4100733126E-8
1000 13 0 iMM904.cmd 2,3212013032E-7
1000 13 0 iJN1463.cmd 1,0057878072E-7
1000 13 3 iMM904.cmd 1,9009293771E-7
1000 13 3 iJN1463.cmd 8,08334257E-8
1000 14 1 iMM904.cmd 2,4531637839E-7
1000 14 1 iJN1463.cmd 9,9241587257E-8
1000 14 2 iMM904.cmd 2,2650883151E-7
1000 14 2 iJN1463.cmd 9,2004867325E-8
1000 2 12 iMM904.cmd 7,6434024182E-7
1000 2 12 iJN1463.cmd 9,9281428763E-7
1000 3 11 iMM904.cmd 7,3059140578E-7
1000 3 11 iJN1463.cmd 9,4875896461E-7
1000 5 11 iMM904.cmd 5,3845754109E-7
1000 5 11 iJN1463.cmd 6,7401129022E-7
1000 7 2 iMM904.cmd 3,3346078384E-7
1000 7 2 iJN1463.cmd 3,0672347109E-7
1000 7 13 iMM904.cmd 2,1158232064E-7
1000 7 13 iJN1463.cmd 1,7039513612E-7
1000 9 10 iMM904.cmd 1,6420442177E-7
1000 9 10 iJN1463.cmd 1,3677396259E-7
1000 9 12 iMM904.cmd 1,7708434815E-7
1000 9 12 iJN1463.cmd 1,3083747696E-7
1000 0 10 iMM904.cmd 6,6666348829E-7
1000 0 10 iJN1463.cmd 7,8229502197E-7
1000 0 12 iMM904.cmd 5,681267889E-7
1000 0 12 iJN1463.cmd 6,6899738598E-7
1000 1 8 iMM904.cmd 7,4927963043E-7
1000 1 8 iJN1463.cmd 9,6338892488E-7
1000 3 13 iMM904.cmd 5,5961085435E-7
1000 3 13 iJN1463.cmd 7,0843426574E-7
1000 4 7 iMM904.cmd 4,8785612446E-7
1000 4 7 iJN1463.cmd 5,7425227111E-7
1000 6 7 iMM904.cmd 3,3187518298E-7
1000 6 7 iJN1463.cmd 3,2877107782E-7
1000 6 10 iMM904.cmd 3,9253715313E-7
1000 6 10 iJN1463.cmd 4,6049366951E-7
1000 7 0 iMM904.cmd 3,3094425247E-7
1000 7 0 iJN1463.cmd 3,5736459996E-7
1000 8 3 iMM904.cmd 2,5661909209E-7
1000 8 3 iJN1463.cmd 2,121250911E-7
1000 9 0 iMM904.cmd 2,3551088854E-7
1000 9 0 iJN1463.cmd 2,0093029112E-7
1000 9 2 iMM904.cmd 2,2704986881E-7
1000 9 2 iJN1463.cmd 1,7724241371E-7
1000 9 13 iMM904.cmd 1,6565216239E-7
1000 9 13 iJN1463.cmd 1,1072247108E-7
1000 10 5 iMM904.cmd 1,3534217388E-7
1000 10 5 iJN1463.cmd 7,2793280071E-8
1000 11 3 iMM904.cmd 1,8194112987E-7
1000 11 3 iJN1463.cmd 9,9763173461E-8
1000 11 10 iMM904.cmd 9,268033562E-8
1000 11 10 iJN1463.cmd 7,0089239588E-8
1000 11 12 iMM904.cmd 9,5932163338E-8
1000 11 12 iJN1463.cmd 6,8452471271E-8
1000 14 0 iMM904.cmd 2,4457805849E-7
1000 14 0 iJN1463.cmd 1,0036009425E-7
1000 14 3 iMM904.cmd 1,8564876202E-7
1000 14 3 iJN1463.cmd 7,5841644566E-8
1000 0 9 iMM904.cmd 6,6009455029E-7
1000 0 9 iJN1463.cmd 7,840879294E-7
1000 1 13 iMM904.cmd 5,6142741046E-7
1000 1 13 iJN1463.cmd 7,0200653232E-7
1000 3 8 iMM904.cmd 6,3619805854E-7
1000 3 8 iJN1463.cmd 8,1671345597E-7
1000 3 10 iMM904.cmd 7,3845799104E-7
1000 3 10 iJN1463.cmd 9,5949754077E-7
1000 4 3 iMM904.cmd 6,2280392029E-7
1000 4 3 iJN1463.cmd 8,1100249305E-7
1000 4 10 iMM904.cmd 6,1185689939E-7
1000 4 10 iJN1463.cmd 7,8716457523E-7
1000 4 14 iMM904.cmd 3,6531941747E-7
1000 4 14 iJN1463.cmd 4,1138050604E-7
1000 7 6 iMM904.cmd 2,9158762483E-7
1000 7 6 iJN1463.cmd 2,796833547E-7
1000 7 9 iMM904.cmd 2,0506537025E-7
1000 7 9 iJN1463.cmd 1,9762345236E-7
1000 8 5 iMM904.cmd 1,8051138551E-7
1000 8 5 iJN1463.cmd 1,1793617343E-7
1000 8 9 iMM904.cmd 1,7403837004E-7
1000 8 9 iJN1463.cmd 1,5763678052E-7
1000 9 4 iMM904.cmd 1,9060516304E-7
1000 9 4 iJN1463.cmd 1,3114157352E-7
1000 10 1 iMM904.cmd 2,0288082963E-7
1000 10 1 iJN1463.cmd 1,4650097337E-7
1000 10 2 iMM904.cmd 2,0175434977E-7
1000 10 2 iJN1463.cmd 1,3761943051E-7
1000 10 7 iMM904.cmd 9,9226938791E-8
1000 10 7 iJN1463.cmd 6,0196145031E-8
1000 10 9 iMM904.cmd 1,1055978603E-7
1000 10 9 iJN1463.cmd 8,6808269598E-8
1000 10 13 iMM904.cmd 1,2736442475E-7
1000 10 13 iJN1463.cmd 8,1702275172E-8
1000 11 1 iMM904.cmd 1,9124046282E-7
1000 11 1 iJN1463.cmd 1,2140267427E-7
1000 11 6 iMM904.cmd 1,0447518839E-7
1000 11 6 iJN1463.cmd 5,5187971499E-8
1000 12 0 iMM904.cmd 2,0378158178E-7
1000 12 0 iJN1463.cmd 1,0375549508E-7
1000 12 11 iMM904.cmd 6,5196873295E-8
1000 12 11 iJN1463.cmd 4,8825632987E-8
1000 13 4 iMM904.cmd 1,3625526872E-7
1000 13 4 iJN1463.cmd 5,689664645E-8
1000 6 14 iMM904.cmd 2,049534685E-7
1000 6 14 iJN1463.cmd 1,5979427054E-7
1000 10 14 iMM904.cmd 1,1974322348E-7
1000 10 14 iJN1463.cmd 6,4960801329E-8
1000 5 10 iMM904.cmd 5,1189594349E-7
1000 5 10 iJN1463.cmd 6,4334294773E-7
1000 9 9 iMM904.cmd 1,4031589444E-7
1000 9 9 iJN1463.cmd 1,1911787293E-7
1000 9 3 iMM904.cmd 2,1337422676E-7
1000 9 3 iJN1463.cmd 1,5841075302E-7
1000 8 4 iMM904.cmd 2,045410753E-7
1000 8 4 iJN1463.cmd 1,4900447727E-7
1000 0 8 iMM904.cmd 6,1289722346E-7
1000 0 8 iJN1463.cmd 7,4361263412E-7
1000 0 13 iMM904.cmd 4,5857985658E-7
1000 0 13 iJN1463.cmd 5,3589834412E-7
1000 3 7 iMM904.cmd 5,5796372173E-7
1000 3 7 iJN1463.cmd 6,972473047E-7
1000 4 8 iMM904.cmd 5,5478766536E-7
1000 4 8 iJN1463.cmd 6,9971508837E-7
1000 6 13 iMM904.cmd 2,1023542601E-7
1000 6 13 iJN1463.cmd 1,7875853908E-7
1000 7 7 iMM904.cmd 2,4029318269E-7
1000 7 7 iJN1463.cmd 2,3221505282E-7
1000 10 0 iMM904.cmd 2,0323852687E-7
1000 10 0 iJN1463.cmd 1,5068927387E-7
1000 10 3 iMM904.cmd 1,9402649904E-7
1000 10 3 iJN1463.cmd 1,2729512044E-7
1000 14 4 iMM904.cmd 1,3119924619E-7
1000 14 4 iJN1463.cmd 5,3817632714E-8
1000 3 14 iMM904.cmd 3,8659588684E-7
1000 3 14 iJN1463.cmd 4,4843558248E-7
1000 11 5 iMM904.cmd 1,1547189477E-7
1000 11 5 iJN1463.cmd 5,9011033835E-8
1000 11 9 iMM904.cmd 8,5836528478E-8
1000 11 9 iJN1463.cmd 6,4502970541E-8
1000 11 13 iMM904.cmd 8,864126282E-8
1000 11 13 iJN1463.cmd 5,7172778802E-8
1000 12 10 iMM904.cmd 6,4724384998E-8
1000 12 10 iJN1463.cmd 4,8953950517E-8
1000 12 12 iMM904.cmd 6,2460185996E-8
1000 12 12 iJN1463.cmd 4,4999095681E-8
1000 1 7 iMM904.cmd 7,0492343473E-7
1000 1 7 iJN1463.cmd 9,18305079E-7
1000 6 0 iMM904.cmd 3,974083649E-7
1000 6 0 iJN1463.cmd 5,1217733227E-7
1000 11 0 iMM904.cmd 1,9165924895E-7
1000 11 0 iJN1463.cmd 1,1973012214E-7
1000 10 8 iMM904.cmd 1,0067729213E-7
1000 10 8 iJN1463.cmd 7,5097309305E-8
1000 11 4 iMM904.cmd 1,4127176379E-7
1000 11 4 iJN1463.cmd 7,3645164056E-8
1000 11 7 iMM904.cmd 7,9738908516E-8
1000 11 7 iJN1463.cmd 4,7788420658E-8
1000 3 3 iMM904.cmd 6,7729090058E-7
1000 3 3 iJN1463.cmd 9,7749641027E-7
1000 7 8 iMM904.cmd 1,9076164333E-7
1000 7 8 iJN1463.cmd 1,8128413678E-7
1000 1 14 iMM904.cmd 3,7435378961E-7
1000 1 14 iJN1463.cmd 4,3516227443E-7
1000 4 9 iMM904.cmd 5,5414902095E-7
1000 4 9 iJN1463.cmd 7,1133389945E-7
1000 5 14 iMM904.cmd 2,4857847582E-7
1000 5 14 iJN1463.cmd 2,3227377156E-7
1000 8 8 iMM904.cmd 1,5974216879E-7
1000 8 8 iJN1463.cmd 1,4753707488E-7
1000 13 5 iMM904.cmd 9,661673606E-8
1000 13 5 iJN1463.cmd 4,1861041982E-8
1000 13 11 iMM904.cmd 4,1143125052E-8
1000 13 11 iJN1463.cmd 3,1259519969E-8
1000 11 14 iMM904.cmd 8,2420178584E-8
1000 11 14 iJN1463.cmd 4,5539703961E-8
1000 9 8 iMM904.cmd 1,256712992E-7
1000 9 8 iJN1463.cmd 1,0744452679E-7
1000 5 9 iMM904.cmd 5,1670560381E-7
1000 5 9 iJN1463.cmd 6,6177653939E-7
1000 0 7 iMM904.cmd 5,2450335565E-7
1000 0 7 iJN1463.cmd 6,5342947547E-7
1000 11 8 iMM904.cmd 8,3447749283E-8
1000 11 8 iJN1463.cmd 5,8718624432E-8
1000 12 13 iMM904.cmd 5,6617637649E-8
1000 12 13 iJN1463.cmd 3,8213490373E-8
1000 12 9 iMM904.cmd 6,8770069962E-8
1000 12 9 iJN1463.cmd 5,1971335E-8
1000 8 7 iMM904.cmd 1,8003855871E-7
1000 8 7 iJN1463.cmd 1,7212208382E-7
1000 0 14 iMM904.cmd 3,5154891517E-7
1000 0 14 iJN1463.cmd 3,9529159779E-7
1000 12 5 iMM904.cmd 9,3845425017E-8
1000 12 5 iJN1463.cmd 4,4432446645E-8
1000 14 5 iMM904.cmd 8,2431530304E-8
1000 14 5 iJN1463.cmd 3,4853012946E-8
1000 13 10 iMM904.cmd 4,0476305438E-8
1000 13 10 iJN1463.cmd 3,0867492307E-8
1000 13 12 iMM904.cmd 3,9184894773E-8
1000 13 12 iJN1463.cmd 2,9711940665E-8
1000 2 14 iMM904.cmd 3,2116421926E-7
1000 2 14 iJN1463.cmd 3,590968289E-7
1000 5 0 iMM904.cmd 4,7266605625E-7
1000 5 0 iJN1463.cmd 6,7499453153E-7
1000 12 7 iMM904.cmd 4,3538890553E-8
1000 12 7 iJN1463.cmd 2,593164532E-8
1000 2 3 iMM904.cmd 6,550011625E-7
1000 2 3 iJN1463.cmd 9,7456663296E-7
1000 3 2 iMM904.cmd 6,4971993806E-7
1000 3 2 iJN1463.cmd 9,6518577099E-7
1000 3 4 iMM904.cmd 7,1572312926E-7
1000 3 4 iJN1463.cmd 1,0567324914E-6
1000 12 14 iMM904.cmd 5,1769447954E-8
1000 12 14 iJN1463.cmd 3,0255378676E-8
1000 13 13 iMM904.cmd 3,5008158859E-8
1000 13 13 iJN1463.cmd 2,5581898797E-8
1000 0 6 iMM904.cmd 3,7304358619E-7
1000 0 6 iJN1463.cmd 4,817468461E-7
1000 2 4 iMM904.cmd 6,7823340047E-7
1000 2 4 iJN1463.cmd 1,0173524709E-6
1000 2 2 iMM904.cmd 6,2331551488E-7
1000 2 2 iJN1463.cmd 9,3595909201E-7
1000 4 0 iMM904.cmd 5,2600351029E-7
1000 4 0 iJN1463.cmd 7,8093333649E-7
1000 5 1 iMM904.cmd 5,0224918826E-7
1000 5 1 iJN1463.cmd 7,3713909699E-7
1000 14 11 iMM904.cmd 2,8054660056E-8
1000 14 11 iJN1463.cmd 2,2240084197E-8
1000 3 1 iMM904.cmd 5,9228283848E-7
1000 3 1 iJN1463.cmd 8,9120756456E-7
1000 1 3 iMM904.cmd 5,6133546784E-7
1000 1 3 iJN1463.cmd 8,3994167559E-7
1000 4 1 iMM904.cmd 5,4048754409E-7
1000 4 1 iJN1463.cmd 8,0611774131E-7
1000 14 10 iMM904.cmd 2,4527745003E-8
1000 14 10 iJN1463.cmd 1,8796563876E-8
1000 14 12 iMM904.cmd 2,7426110532E-8
1000 14 12 iJN1463.cmd 2,2163525533E-8
1000 1 4 iMM904.cmd 5,7703200773E-7
1000 1 4 iJN1463.cmd 8,635158502E-7
1000 2 1 iMM904.cmd 5,8351760402E-7
1000 2 1 iJN1463.cmd 8,8472572355E-7
1000 1 2 iMM904.cmd 5,3527147711E-7
1000 1 2 iJN1463.cmd 8,059989364E-7
1000 3 0 iMM904.cmd 5,6563222839E-7
1000 3 0 iJN1463.cmd 8,5488138607E-7
1000 2 5 iMM904.cmd 6,840120752E-7
1000 2 5 iJN1463.cmd 1,042687295E-6
1000 14 6 iMM904.cmd 4,1145454273E-8
1000 14 6 iJN1463.cmd 1,8396618789E-8
1000 0 3 iMM904.cmd 3,9531977802E-7
1000 0 3 iJN1463.cmd 5,9032528015E-7
1000 13 14 iMM904.cmd 3,1396184605E-8
1000 13 14 iJN1463.cmd 1,9851048283E-8
1000 0 5 iMM904.cmd 3,9641726086E-7
1000 0 5 iJN1463.cmd 5,6831005615E-7
1000 1 1 iMM904.cmd 5,0550229665E-7
1000 1 1 iJN1463.cmd 7,6756401003E-7
1000 1 5 iMM904.cmd 5,8037780418E-7
1000 1 5 iJN1463.cmd 8,6937544233E-7
1000 2 0 iMM904.cmd 5,5961135103E-7
1000 2 0 iJN1463.cmd 8,5326323212E-7
1000 14 13 iMM904.cmd 2,4472222419E-8
1000 14 13 iJN1463.cmd 1,9277307684E-8
1000 0 4 iMM904.cmd 4,0292915573E-7
1000 0 4 iJN1463.cmd 5,9541393328E-7
1000 0 2 iMM904.cmd 3,7623530571E-7
1000 0 2 iJN1463.cmd 5,674902578E-7
1000 2 6 iMM904.cmd 7,2376601077E-7
1000 2 6 iJN1463.cmd 1,1209872272E-6
1000 13 7 iMM904.cmd 2,0801313612E-8
1000 13 7 iJN1463.cmd 1,1370461792E-8
1000 1 0 iMM904.cmd 4,8635748856E-7
1000 1 0 iJN1463.cmd 7,427907161E-7
1000 0 1 iMM904.cmd 3,5314291174E-7
1000 0 1 iJN1463.cmd 5,3897431452E-7
1000 0 0 iMM904.cmd 3,3762886389E-7
1000 0 0 iJN1463.cmd 5,1976000105E-7
1000 14 14 iMM904.cmd 2,1581061612E-8
1000 14 14 iJN1463.cmd 1,4591729239E-8
1000 14 7 iMM904.cmd 1,9905194973E-8
1000 14 7 iJN1463.cmd 9,6933939079E-9
1000 14 9 iMM904.cmd 1,3896467468E-8
1000 14 9 iJN1463.cmd 9,4287606446E-9
1000 14 8 iMM904.cmd 1,1732539211E-8
1000 14 8 iJN1463.cmd 5,688754947E-9
1000 13 8 iMM904.cmd 1,1323231273E-8
1000 13 8 iJN1463.cmd 4,7051888261E-9
