0	1,5E-5	1,5E-7
1	1,5116823484E-5	1,5741278584E-7
2	1,5226578843E-5	1,6521536869E-7
3	1,5340593904E-5	1,7387164291E-7
4	1,546121519E-5	1,8319797445E-7
5	1,5589277458E-5	1,9319693147E-7
6	1,5725389449E-5	2,0386470686E-7
7	1,5869825263E-5	2,1520642236E-7
8	1,6022817581E-5	2,2721638742E-7
9	1,6184240233E-5	2,3990796863E-7
10	1,6350159165E-5	2,5329240261E-7
11	1,6513382653E-5	2,6737350107E-7
12	1,6678383399E-5	2,8213765229E-7
13	1,6845151967E-5	2,9761961512E-7
14	1,7016111525E-5	3,1385787094E-7
15	1,7190987261E-5	3,3088934177E-7
16	1,7367089211E-5	3,486902374E-7
17	1,7545940586E-5	3,6735662008E-7
18	1,7726105867E-5	3,8679224508E-7
19	1,7908747333E-5	4,0699890251E-7
20	1,809581328E-5	4,2794825982E-7
21	1,8285509978E-5	4,4982128494E-7
22	1,8478000987E-5	4,7265015773E-7
23	1,8671936746E-5	4,9655858013E-7
24	1,8867580824E-5	5,2146898313E-7
25	1,9065082991E-5	5,4734439452E-7
26	1,9264046013E-5	5,7427248602E-7
27	1,9463876458E-5	6,0233112667E-7
28	1,9667517473E-5	6,3157538281E-7
29	1,9870916717E-5	6,621748011E-7
30	2,0072428753E-5	6,9415662719E-7
31	2,0271421409E-5	7,2769355786E-7
32	2,0467440951E-5	7,6278164517E-7
33	2,0660479137E-5	7,9957726832E-7
34	2,0850967602E-5	8,3811671959E-7
35	2,1037199217E-5	8,7822758776E-7
36	2,1220217064E-5	9,2004558663E-7
37	2,1397868934E-5	9,6389078162E-7
38	2,1571764309E-5	1,0097354989E-6
39	2,174319797E-5	1,0577238722E-6
40	2,1911540764E-5	1,107878044E-6
41	2,2077556818E-5	1,1600652886E-6
42	2,2241129844E-5	1,2144858155E-6
43	2,2402123644E-5	1,2713455767E-6
44	2,2560474518E-5	1,3307532909E-6
45	2,2716701031E-5	1,3928327486E-6
46	2,2875470391E-5	1,4576844926E-6
47	2,3031633277E-5	1,5253785303E-6
48	2,3182384109E-5	1,5963043869E-6
49	2,3333673821E-5	1,6701092478E-6
50	2,3482000349E-5	1,7471379016E-6
51	2,3626625516E-5	1,8275653301E-6
52	2,3768832813E-5	1,9114304056E-6
53	2,3909343353E-5	1,9989298849E-6
54	2,4049544092E-5	2,090374523E-6
55	2,4193741163E-5	2,1856815476E-6
56	2,4337007577E-5	2,2848566211E-6
57	2,4478672447E-5	2,3882095049E-6
58	2,4618021619E-5	2,4961083284E-6
59	2,4757525428E-5	2,6085357548E-6
60	2,4895921571E-5	2,7259698452E-6
61	2,5032471988E-5	2,8482956865E-6
62	2,5167082621E-5	2,9757381705E-6
63	2,5300843175E-5	3,1083089581E-6
64	2,5434411817E-5	3,2463305086E-6
65	2,5567043912E-5	3,3900148411E-6
66	2,5698056259E-5	3,5395606889E-6
67	2,5827935253E-5	3,6949358082E-6
68	2,5955905119E-5	3,8563230365E-6
69	2,6083307267E-5	4,0238110544E-6
70	2,6210350966E-5	4,1968526918E-6
71	2,6334890531E-5	4,3762672273E-6
72	2,6457914146E-5	4,5615473831E-6
73	2,6579765839E-5	4,7521449251E-6
74	2,6701231756E-5	4,9477526821E-6
75	2,6822129528E-5	5,1484594921E-6
76	2,694131742E-5	5,3549609651E-6
77	2,7057986303E-5	5,5671752555E-6
78	2,7173920942E-5	5,7849587204E-6
79	2,7288627967E-5	6,0087596647E-6
80	2,7401985766E-5	6,2381293285E-6
81	2,7512810241E-5	6,4696077724E-6
82	2,7622395285E-5	6,7019350448E-6
83	2,773057716E-5	6,9333075511E-6
84	2,7836719118E-5	7,1618664772E-6
85	2,7941786672E-5	7,3862125791E-6
86	2,8046074409E-5	7,6061761271E-6
87	2,814898623E-5	7,8221324087E-6
88	2,8252126344E-5	8,0346842694E-6
89	2,8353899956E-5	8,242055563E-6
90	2,8453342026E-5	8,4414141849E-6
91	2,8552999353E-5	8,6279334463E-6
92	2,8649647649E-5	8,800700107E-6
93	2,8746507971E-5	8,9620777123E-6
94	2,8843509792E-5	9,1122000362E-6
95	2,8939106282E-5	9,2517239614E-6
96	2,9032765163E-5	9,383205869E-6
97	2,9126281051E-5	9,5084462911E-6
98	2,9219657446E-5	9,6300776596E-6
99	2,9312709784E-5	9,7480843071E-6
100	2,9405836941E-5	9,8637275975E-6
101	2,9497789848E-5	9,9783057278E-6
102	2,9589369959E-5	1,0092404258E-5
103	2,9678584259E-5	1,0204428164E-5
104	2,976754389E-5	1,0315979543E-5
105	2,9856580452E-5	1,0428595399E-5
106	2,9946255441E-5	1,0542220342E-5
107	3,0035710095E-5	1,0655483011E-5
108	3,0124410321E-5	1,0768571369E-5
109	3,021268681E-5	1,0881218008E-5
110	3,0300092846E-5	1,0993517563E-5
111	3,0385818837E-5	1,1106329201E-5
112	3,0471316454E-5	1,1219455948E-5
113	3,0557439068E-5	1,1331917985E-5
114	3,0642446106E-5	1,1445643462E-5
115	3,0727760023E-5	1,155769631E-5
116	3,0810774751E-5	1,167007567E-5
117	3,0891779297E-5	1,1782830034E-5
118	3,0972864204E-5	1,1897020474E-5
119	3,1054830185E-5	1,2011521584E-5
120	3,1137039054E-5	1,2126850872E-5
121	3,1219972774E-5	1,2242170903E-5
122	3,1303819806E-5	1,2357613798E-5
123	3,1385260405E-5	1,2474399375E-5
124	3,1466154616E-5	1,2591001093E-5
125	3,1547660089E-5	1,2708236547E-5
126	3,1626197433E-5	1,2823651642E-5
127	3,1707069425E-5	1,2940965335E-5
128	3,1788238869E-5	1,3057542425E-5
129	3,1868393228E-5	1,3174733776E-5
130	3,1948537083E-5	1,3290574113E-5
131	3,2028093901E-5	1,3407308782E-5
132	3,2107456882E-5	1,3523015633E-5
133	3,2186336866E-5	1,3638473444E-5
134	3,2264286773E-5	1,3755526874E-5
135	3,2342752002E-5	1,3872425954E-5
136	3,241857104E-5	1,3986196915E-5
137	3,2492885582E-5	1,4099219697E-5
138	3,2567808964E-5	1,42124141E-5
139	3,2642377843E-5	1,4324133181E-5
140	3,2716556399E-5	1,4435212759E-5
141	3,2792693483E-5	1,4549499863E-5
142	3,2868550202E-5	1,4667106693E-5
143	3,2941850309E-5	1,4781514434E-5
144	3,3014588136E-5	1,4894988614E-5
145	3,3088663865E-5	1,5009066255E-5
146	3,3163474783E-5	1,5124731995E-5
147	3,3235125814E-5	1,5243874101E-5
148	3,3307082432E-5	1,5358238178E-5
149	3,3379523546E-5	1,5472930613E-5
150	3,3451368047E-5	1,5585781638E-5
151	3,3525917302E-5	1,570166852E-5
152	3,3598572943E-5	1,581853583E-5
153	3,3671074572E-5	1,5935728412E-5
154	3,3740535026E-5	1,6051666753E-5
155	3,3809894382E-5	1,6166019264E-5
156	3,3878881607E-5	1,627967865E-5
157	3,3948484884E-5	1,639438405E-5
158	3,4019034394E-5	1,6511439989E-5
159	3,4090534281E-5	1,6627260065E-5
160	3,4162774396E-5	1,6742572752E-5
161	3,4234108891E-5	1,6860459168E-5
162	3,4303957572E-5	1,6978948443E-5
163	3,4376671655E-5	1,7094128379E-5
164	3,4447808998E-5	1,7213949363E-5
165	3,4516136402E-5	1,7329487788E-5
166	3,4584431246E-5	1,7448318213E-5
167	3,4655570764E-5	1,7564542403E-5
168	3,4723419292E-5	1,7684866748E-5
169	3,4793576145E-5	1,7805109823E-5
170	3,4865333403E-5	1,7925189111E-5
171	3,4939194294E-5	1,8043235982E-5
172	3,501288414E-5	1,8161401967E-5
173	3,5086783514E-5	1,8279732765E-5
174	3,5156296733E-5	1,8402874437E-5
175	3,5221767133E-5	1,8525580278E-5
176	3,528947823E-5	1,8640028619E-5
177	3,5356118034E-5	1,8753879157E-5
178	3,5421812991E-5	1,8866483121E-5
179	3,5490600418E-5	1,8981183464E-5
180	3,5560333358E-5	1,9096443654E-5
181	3,5631302752E-5	1,9210728347E-5
182	3,5703273348E-5	1,9325252481E-5
183	3,5775560001E-5	1,9439884613E-5
184	3,584777085E-5	1,9554824831E-5
185	3,5919229117E-5	1,9670792858E-5
186	3,5990666058E-5	1,9787579477E-5
187	3,605942683E-5	1,9908535012E-5
188	3,6126572874E-5	2,0028222229E-5
189	3,6195932702E-5	2,0143427345E-5
190	3,6265397826E-5	2,0258016277E-5
191	3,6335370231E-5	2,0373667105E-5
192	3,6406724379E-5	2,048812806E-5
193	3,6478302624E-5	2,0602374334E-5
194	3,6550835206E-5	2,0716985208E-5
195	3,6622024076E-5	2,0834013262E-5
196	3,669145921E-5	2,0953755565E-5
197	3,6764075364E-5	2,1069055828E-5
198	3,6836928172E-5	2,1183776315E-5
199	3,6908599776E-5	2,1299860932E-5
200	3,698063628E-5	2,1416212433E-5
201	3,7049647262E-5	2,1534617655E-5
202	3,7119442855E-5	2,1650195579E-5
203	3,7191987095E-5	2,1764237815E-5
204	3,7262485846E-5	2,1880646253E-5
205	3,7333635491E-5	2,1995903825E-5
206	3,7404149076E-5	2,2112408129E-5
207	3,7474538599E-5	2,2228986735E-5
208	3,7544453211E-5	2,2346518569E-5
209	3,7611160688E-5	2,2458893596E-5
210	3,7679768741E-5	2,2574415269E-5
211	3,7750997717E-5	2,2689560425E-5
212	3,7822808351E-5	2,2805772331E-5
213	3,7894919034E-5	2,2921068022E-5
214	3,7966192598E-5	2,3035118062E-5
215	3,8037554344E-5	2,3148878392E-5
216	3,8109038002E-5	2,326103289E-5
217	3,8180312346E-5	2,3372752947E-5
218	3,8251276182E-5	2,3484161557E-5
219	3,8320086056E-5	2,3598146754E-5
220	3,8384805697E-5	2,3717060049E-5
221	3,8453029758E-5	2,3829796542E-5
222	3,8522846473E-5	2,3940848555E-5
223	3,859252898E-5	2,4051983486E-5
224	3,8660003003E-5	2,4166328296E-5
225	3,8727034415E-5	2,428078022E-5
226	3,8793729027E-5	2,4395561843E-5
227	3,886174449E-5	2,4508633172E-5
228	3,8926880352E-5	2,4625909444E-5
229	3,8991819261E-5	2,4742935643E-5
230	3,9058758077E-5	2,4856693768E-5
231	3,9125829074E-5	2,4970624714E-5
232	3,9193880487E-5	2,5084602616E-5
233	3,9262140442E-5	2,5199413531E-5
234	3,9331343176E-5	2,531325521E-5
235	3,9399859061E-5	2,5427668935E-5
236	3,9469091408E-5	2,5542083211E-5
237	3,9537263649E-5	2,5657673727E-5
238	3,9604077183E-5	2,5776245428E-5
239	3,9671349176E-5	2,5889727783E-5
240	3,9737567322E-5	2,6002705088E-5
241	3,980528653E-5	2,6116509618E-5
242	3,9873687982E-5	2,6229083352E-5
243	3,9936172896E-5	2,63484856E-5
244	3,9998838798E-5	2,6460212202E-5
245	4,0061651992E-5	2,6569919745E-5
246	4,0125449045E-5	2,6678982245E-5
247	4,0189573956E-5	2,6789737477E-5
248	4,025293218E-5	2,6902189389E-5
249	4,0317074114E-5	2,7013640572E-5
250	4,0380141556E-5	2,7126239721E-5
251	4,0442889342E-5	2,7240146009E-5
252	4,0507645769E-5	2,7352670922E-5
253	4,0573712878E-5	2,7465016956E-5
254	4,0632662786E-5	2,757220368E-5
255	4,0693289007E-5	2,7680166784E-5
256	4,0755912864E-5	2,7791469847E-5
257	4,0820195682E-5	2,7902740229E-5
258	4,0884676985E-5	2,8013958549E-5
259	4,0949166038E-5	2,8126035433E-5
260	4,1009162032E-5	2,8237863402E-5
261	4,1068722721E-5	2,8351590287E-5
262	4,1131272102E-5	2,8462166896E-5
263	4,1196229726E-5	2,8572885999E-5
264	4,1260906074E-5	2,8683501319E-5
265	4,1324438517E-5	2,8795680656E-5
266	4,138804555E-5	2,8908738044E-5
267	4,145009112E-5	2,9022507385E-5
268	4,1507531136E-5	2,9129342843E-5
269	4,1561171763E-5	2,9232567915E-5
270	4,1614840493E-5	2,9331677139E-5
271	4,1675586468E-5	2,9437834424E-5
272	4,1735108314E-5	2,954946852E-5
273	4,1796233053E-5	2,9659916228E-5
274	4,185818584E-5	2,9770812293E-5
275	4,1920524604E-5	2,9881190957E-5
276	4,1985671626E-5	2,9988273923E-5
277	4,2049782832E-5	3,0096070386E-5
278	4,2108435977E-5	3,0200652991E-5
279	4,2161418818E-5	3,03055715E-5
280	4,2214359684E-5	3,0408000129E-5
281	4,2261780295E-5	3,0514637419E-5
282	4,2318625232E-5	3,0622649657E-5
283	4,2380164176E-5	3,0730224168E-5
284	4,2445659058E-5	3,0842120944E-5
285	4,2509313446E-5	3,0951492165E-5
286	4,2572971479E-5	3,1058969551E-5
287	4,2634568325E-5	3,1167178065E-5
288	4,2691789729E-5	3,1275151934E-5
289	4,2749691817E-5	3,1381341304E-5
290	4,2805971741E-5	3,1487912215E-5
291	4,2860207471E-5	3,1590915149E-5
292	4,2918718124E-5	3,169576421E-5
293	4,297839071E-5	3,180197736E-5
294	4,3038373616E-5	3,1909910527E-5
295	4,3099354888E-5	3,2017597772E-5
296	4,3159392946E-5	3,2125958702E-5
297	4,3219060315E-5	3,2235394976E-5
298	4,3277696311E-5	3,2345181168E-5
299	4,3335407348E-5	3,2456025869E-5
300	4,3389214849E-5	3,2561928427E-5
301	4,3444413077E-5	3,2666688263E-5
302	4,3502209072E-5	3,2772593073E-5
303	4,3556423403E-5	3,2879981737E-5
304	4,3614914191E-5	3,2984696139E-5
305	4,3673133522E-5	3,3091772095E-5
306	4,3732506252E-5	3,3197650929E-5
307	4,3793269109E-5	3,3303537291E-5
308	4,3848192531E-5	3,3415290561E-5
309	4,3907709844E-5	3,3521229129E-5
310	4,3966717617E-5	3,3627324623E-5
311	4,4024125598E-5	3,3734567607E-5
312	4,4081151315E-5	3,384200716E-5
313	4,4138860889E-5	3,3947930608E-5
314	4,4197274797E-5	3,4053120135E-5
315	4,4256678765E-5	3,4157674803E-5
316	4,4315687961E-5	3,4263416505E-5
317	4,4372448776E-5	3,4371522579E-5
318	4,4426805574E-5	3,4478269963E-5
319	4,448359059E-5	3,4589138171E-5
320	4,4535471501E-5	3,4699790604E-5
321	4,4579600975E-5	3,4808199562E-5
322	4,463587516E-5	3,4910856696E-5
323	4,4693902713E-5	3,5013427897E-5
324	4,4751751999E-5	3,5118025856E-5
325	4,480818106E-5	3,5224992479E-5
326	4,4862305744E-5	3,5332334105E-5
327	4,4915090332E-5	3,5441351364E-5
328	4,497072377E-5	3,5543620481E-5
329	4,5027318957E-5	3,5646732433E-5
330	4,5085240632E-5	3,5747773987E-5
331	4,5144660883E-5	3,5848377255E-5
332	4,5202380862E-5	3,5950691796E-5
333	4,5260470638E-5	3,6053079892E-5
334	4,5318169495E-5	3,6153443358E-5
335	4,5375241506E-5	3,6251634516E-5
336	4,5430565232E-5	3,6350215349E-5
337	4,5484709887E-5	3,6457365654E-5
338	4,5539836942E-5	3,6555723467E-5
339	4,5591877616E-5	3,6660119945E-5
340	4,5647641657E-5	3,6762562188E-5
341	4,5703536388E-5	3,6863937379E-5
342	4,5752787639E-5	3,6969388683E-5
343	4,5801395624E-5	3,70722301E-5
344	4,58529267E-5	3,7173176368E-5
345	4,5903745735E-5	3,7268833944E-5
346	4,5958541292E-5	3,7367715746E-5
347	4,6014013462E-5	3,7465661073E-5
348	4,6067617682E-5	3,7567038045E-5
349	4,6120106918E-5	3,766882448E-5
350	4,6175731963E-5	3,7768350895E-5
351	4,6228519583E-5	3,7870076273E-5
352	4,6280189606E-5	3,7973997286E-5
353	4,6328767524E-5	3,8076707819E-5
354	4,6375815923E-5	3,8179616883E-5
355	4,6422178645E-5	3,8282551623E-5
356	4,6472508027E-5	3,8380916725E-5
357	4,6520639197E-5	3,8481549717E-5
358	4,656882135E-5	3,8580705805E-5
359	4,6617899321E-5	3,8677252923E-5
360	4,6666978756E-5	3,8779217498E-5
361	4,6721567867E-5	3,8876352404E-5
362	4,6772834018E-5	3,8978726461E-5
363	4,6823478597E-5	3,9075783161E-5
364	4,6874197833E-5	3,9176251038E-5
365	4,6924509353E-5	3,9277754385E-5
366	4,6977404191E-5	3,9377796025E-5
367	4,7026348012E-5	3,9474554034E-5
368	4,7073629463E-5	3,9570752681E-5
369	4,7122321871E-5	3,9665181692E-5
370	4,7181170094E-5	3,9767050702E-5
371	4,7237181201E-5	3,9864570932E-5
372	4,729136819E-5	3,9958765841E-5
373	4,7348400582E-5	4,0049617175E-5
374	4,7398677148E-5	4,0150545507E-5
375	4,7457711131E-5	4,0240402706E-5
376	4,7513641266E-5	4,0332675296E-5
377	4,7568311372E-5	4,0422911262E-5
378	4,7615199883E-5	4,0523607718E-5
379	4,7662050091E-5	4,0623498926E-5
380	4,7708949775E-5	4,0722255007E-5
381	4,7758965023E-5	4,0817881482E-5
382	4,7809343123E-5	4,0912538853E-5
383	4,7856595261E-5	4,1007542212E-5
384	4,7906858767E-5	4,1108480532E-5
385	4,795662798E-5	4,1210166996E-5
386	4,8006485671E-5	4,1312357224E-5
387	4,8056221989E-5	4,1414580787E-5
388	4,8105881168E-5	4,1516764699E-5
389	4,8154761276E-5	4,1614564056E-5
390	4,8204006806E-5	4,1715150904E-5
391	4,8250805083E-5	4,181980841E-5
392	4,829450459E-5	4,1919454493E-5
393	4,833670182E-5	4,2017036347E-5
394	4,837843687E-5	4,2113746403E-5
395	4,8425106E-5	4,2204202469E-5
396	4,8470544555E-5	4,2299712971E-5
397	4,8516860879E-5	4,2396453214E-5
398	4,8560624942E-5	4,2493199324E-5
399	4,8602620632E-5	4,2588846333E-5
400	4,8646643175E-5	4,2681287088E-5
401	4,8689018031E-5	4,2775609907E-5
402	4,873142636E-5	4,2870273502E-5
403	4,8772231786E-5	4,2965015112E-5
404	4,8812539755E-5	4,3059519997E-5
405	4,8852481396E-5	4,3153672397E-5
406	4,8896333495E-5	4,3248597218E-5
407	4,8941736795E-5	4,334378612E-5
408	4,8987564173E-5	4,3438967509E-5
409	4,9031034675E-5	4,353333661E-5
410	4,907431088E-5	4,3627342157E-5
411	4,9117562711E-5	4,3721206934E-5
412	4,9162792289E-5	4,3821013098E-5
413	4,9209221502E-5	4,3912908767E-5
414	4,9254214113E-5	4,4003565095E-5
415	4,9298774137E-5	4,4098764094E-5
416	4,9341726063E-5	4,4193631357E-5
417	4,9385578808E-5	4,428431245E-5
418	4,9426895053E-5	4,4374699949E-5
419	4,9467590754E-5	4,4464465285E-5
420	4,9509364518E-5	4,4552479168E-5
421	4,9551198536E-5	4,4640226027E-5
422	4,9595253906E-5	4,4726572609E-5
423	4,963604195E-5	4,4815338786E-5
424	4,9675346593E-5	4,4905407237E-5
425	4,9714162013E-5	4,4995804934E-5
426	4,9756304128E-5	4,5081992535E-5
427	4,9795366027E-5	4,5171575865E-5
428	4,9833993596E-5	4,5261380978E-5
429	4,9872516532E-5	4,5351024342E-5
430	4,991199239E-5	4,5440737374E-5
431	4,9950577513E-5	4,5529296502E-5
432	4,9991744626E-5	4,5616931222E-5
433	5,0034459154E-5	4,5703683976E-5
434	5,0072608621E-5	4,579694115E-5
435	5,0117051726E-5	4,5883635014E-5
436	5,0164585111E-5	4,5967570381E-5
437	5,0213859827E-5	4,6047209972E-5
438	5,0261488835E-5	4,6131193173E-5
439	5,0305276079E-5	4,6221079212E-5
440	5,0346983531E-5	4,6311914252E-5
441	5,0388050341E-5	4,6403134001E-5
442	5,0429066193E-5	4,6494629052E-5
443	5,0470020509E-5	4,6586185596E-5
444	5,0509835189E-5	4,6679423683E-5
445	5,0548124776E-5	4,6767937398E-5
446	5,058599649E-5	4,6854670874E-5
447	5,0623658806E-5	4,6940718209E-5
448	5,0661204711E-5	4,7026430868E-5
449	5,0698671445E-5	4,711189394E-5
450	5,0736073521E-5	4,7197136884E-5
451	5,0773415942E-5	4,7282169166E-5
452	5,0810715814E-5	4,736702573E-5
453	5,0848430726E-5	4,7451824729E-5
454	5,0886214996E-5	4,753774596E-5
455	5,0925009807E-5	4,7624947072E-5
456	5,0966893429E-5	4,7711016933E-5
457	5,1009967589E-5	4,7794641172E-5
458	5,1052354548E-5	4,7878905781E-5
459	5,1094637321E-5	4,7961854822E-5
460	5,1138513312E-5	4,8043941847E-5
461	5,1178584011E-5	4,81329386E-5
462	5,1219741813E-5	4,8213499956E-5
463	5,1257180816E-5	4,8296093834E-5
464	5,1296647338E-5	4,8376271865E-5
465	5,133698083E-5	4,845577577E-5
466	5,1377359305E-5	4,8536254106E-5
467	5,1424409046E-5	4,8615581477E-5
468	5,1465487657E-5	4,8699443243E-5
469	5,1508199254E-5	4,8781564094E-5
470	5,1544083109E-5	4,8865263498E-5
471	5,1577886876E-5	4,8948442644E-5
472	5,161511108E-5	4,9029208326E-5
473	5,1655378839E-5	4,9108797294E-5
474	5,1694968657E-5	4,9195143212E-5
475	5,1732426526E-5	4,928137874E-5
476	5,1769375369E-5	4,9367711921E-5
477	5,1812785503E-5	4,9449476672E-5
478	5,1852516766E-5	4,9535970287E-5
479	5,1889848587E-5	4,9622003594E-5
480	5,1926688601E-5	4,970799401E-5
481	5,1964427674E-5	4,9790680064E-5
482	5,2001189709E-5	4,9870081489E-5
483	5,2037448972E-5	4,9948345015E-5
484	5,2073469447E-5	5,0026127566E-5
485	5,2113226951E-5	5,0099604795E-5
486	5,2153483983E-5	5,0172023591E-5
487	5,2193762403E-5	5,0244114917E-5
488	5,22319487E-5	5,0318810173E-5
489	5,2271807874E-5	5,0391459828E-5
490	5,2311940744E-5	5,0463403854E-5
491	5,2350517711E-5	5,0537666144E-5
492	5,2391859321E-5	5,0613909038E-5
493	5,2435446345E-5	5,0690084388E-5
494	5,2477679816E-5	5,0768093429E-5
495	5,2517989603E-5	5,0845551176E-5
496	5,255715549E-5	5,0919442601E-5
497	5,2594298828E-5	5,0994142143E-5
498	5,2635224211E-5	5,1070308746E-5
499	5,2670445616E-5	5,1139369341E-5
500	5,2711357656E-5	5,1213198257E-5
501	5,2751298356E-5	5,1290277034E-5
502	5,2789905634E-5	5,1378281512E-5
503	5,2828054034E-5	5,1461141434E-5
504	5,2868307838E-5	5,1538380119E-5
505	5,2904815648E-5	5,161930464E-5
506	5,2938861414E-5	5,1700001344E-5
507	5,2977410354E-5	5,1770907003E-5
508	5,3016665806E-5	5,1843129058E-5
509	5,3057730536E-5	5,1914129837E-5
510	5,309807518E-5	5,198365197E-5
511	5,3139235668E-5	5,2054613974E-5
512	5,3177313198E-5	5,2123510806E-5
513	5,3211004915E-5	5,2196870948E-5
514	5,3245845111E-5	5,2268189032E-5
515	5,3287924593E-5	5,2337748857E-5
516	5,3330738135E-5	5,2408576851E-5
517	5,3370575995E-5	5,2477013526E-5
518	5,341115598E-5	5,2549905368E-5
519	5,3452245008E-5	5,2621890902E-5
520	5,3488536984E-5	5,2694400219E-5
521	5,3521709173E-5	5,2770304012E-5
522	5,3550493638E-5	5,2843804961E-5
523	5,3582119533E-5	5,2923131608E-5
524	5,361810737E-5	5,2997141358E-5
525	5,3659600521E-5	5,3065550052E-5
526	5,3700626869E-5	5,3134448167E-5
527	5,3742655586E-5	5,3203366264E-5
528	5,3780850812E-5	5,3274137554E-5
529	5,3814053476E-5	5,3350869798E-5
530	5,3855504395E-5	5,3420059942E-5
531	5,3899145088E-5	5,3484947513E-5
532	5,3938063258E-5	5,3554437335E-5
533	5,3977837201E-5	5,3625551544E-5
534	5,4016861376E-5	5,3690320413E-5
535	5,4054682802E-5	5,3756702915E-5
536	5,4092844254E-5	5,3825402282E-5
537	5,412759807E-5	5,3897305838E-5
538	5,4163418798E-5	5,3967210165E-5
539	5,4202774889E-5	5,4034861726E-5
540	5,424080429E-5	5,410328458E-5
541	5,4274056465E-5	5,4175553759E-5
542	5,4309892844E-5	5,4242125691E-5
543	5,4345263273E-5	5,4311607003E-5
544	5,4386731904E-5	5,4375387701E-5
545	5,441312334E-5	5,4449245487E-5
546	5,4444503515E-5	5,4523470545E-5
547	5,4476794046E-5	5,459898056E-5
548	5,4509915754E-5	5,4673645129E-5
549	5,4547124859E-5	5,4743737191E-5
550	5,4590281238E-5	5,4803760872E-5
551	5,4623081818E-5	5,4873531281E-5
552	5,4658697995E-5	5,4940805283E-5
553	5,4695547361E-5	5,5006903268E-5
554	5,4729210616E-5	5,507994101E-5
555	5,4767911202E-5	5,5146058114E-5
556	5,480696533E-5	5,5212129843E-5
557	5,4844152212E-5	5,5280622837E-5
558	5,4880094172E-5	5,535280719E-5
559	5,491039437E-5	5,5429507882E-5
560	5,494414094E-5	5,5501157632E-5
561	5,4979144567E-5	5,557281233E-5
562	5,5013515874E-5	5,5646550887E-5
563	5,5043977565E-5	5,5722558837E-5
564	5,507506916E-5	5,5797943102E-5
565	5,5109583658E-5	5,5866922962E-5
566	5,5143858199E-5	5,5931802367E-5
567	5,518070557E-5	5,5993557928E-5
568	5,5219350899E-5	5,6056966229E-5
569	5,5258222473E-5	5,6121840231E-5
570	5,5293425144E-5	5,6188349388E-5
571	5,5323475363E-5	5,6261760568E-5
572	5,5352467684E-5	5,6334703126E-5
573	5,5392246942E-5	5,6393374905E-5
574	5,5433836265E-5	5,6449251748E-5
575	5,5469112533E-5	5,6514534562E-5
576	5,5509820819E-5	5,6574373588E-5
577	5,5543828429E-5	5,6636943387E-5
578	5,5585434109E-5	5,6693395511E-5
579	5,5625195142E-5	5,675438229E-5
580	5,5660581638E-5	5,6817669131E-5
581	5,5699484669E-5	5,6879165991E-5
582	5,5739501294E-5	5,6936954427E-5
583	5,5779987175E-5	5,6996177995E-5
584	5,5818581633E-5	5,7057719081E-5
585	5,5856033573E-5	5,7119919578E-5
586	5,5893127411E-5	5,7182178617E-5
587	5,5922430148E-5	5,7236316131E-5
588	5,5951639091E-5	5,7299936878E-5
589	5,5986478671E-5	5,7361002202E-5
590	5,6021889916E-5	5,7420245117E-5
591	5,6056696915E-5	5,7483182389E-5
592	5,6085184172E-5	5,754846181E-5
593	5,6113701266E-5	5,7612418137E-5
594	5,613938126E-5	5,7681706831E-5
595	5,6166344069E-5	5,7748291019E-5
596	5,6193261281E-5	5,7814885623E-5
597	5,6223424863E-5	5,7881390227E-5
598	5,6259106584E-5	5,7941286633E-5
599	5,6295424118E-5	5,8000469382E-5
600	5,6330724433E-5	5,8061657774E-5
601	5,6366513617E-5	5,8121918689E-5
602	5,641278489E-5	5,8190830918E-5
603	5,6461663215E-5	5,8260460876E-5
604	5,6504145109E-5	5,8317844181E-5
605	5,6535653848E-5	5,8375660101E-5
606	5,6573321025E-5	5,8437474299E-5
607	5,6613154208E-5	5,8493514757E-5
608	5,6652030771E-5	5,8547790675E-5
609	5,6691134615E-5	5,8601753248E-5
610	5,6729863466E-5	5,8658056935E-5
611	5,6769183803E-5	5,8713116576E-5
612	5,6808821837E-5	5,8767536678E-5
613	5,6847966829E-5	5,882110541E-5
614	5,6881507877E-5	5,8880565927E-5
615	5,690646057E-5	5,8933912683E-5
616	5,6929561742E-5	5,8980235131E-5
617	5,696057895E-5	5,9030799189E-5
618	5,6996134346E-5	5,9088048458E-5
619	5,7037903065E-5	5,9158693488E-5
620	5,708307257E-5	5,9242440927E-5
621	5,7143817225E-5	5,93348952E-5
622	5,7206967059E-5	5,9431606799E-5
623	5,7268857362E-5	5,9528869278E-5
624	5,7330390481E-5	5,9626238388E-5
625	5,7390341629E-5	5,9723231068E-5
626	5,7449604227E-5	5,9820007314E-5
627	5,7507371127E-5	5,9915265074E-5
628	5,75631671E-5	6,0012189934E-5
629	5,7619048275E-5	6,0106242813E-5
630	5,7673017899E-5	6,0183653763E-5
631	5,7719082094E-5	6,0245503516E-5
632	5,7759244651E-5	6,0299935886E-5
633	5,779779559E-5	6,0352308108E-5
634	5,7834916497E-5	6,0403494898E-5
635	5,7870388169E-5	6,0455926821E-5
636	5,7906423194E-5	6,0508444538E-5
637	5,794125636E-5	6,0562024581E-5
638	5,797672653E-5	6,0617594391E-5
639	5,8009531151E-5	6,067229135E-5
640	5,8041633329E-5	6,0725789184E-5
641	5,8068657324E-5	6,0786720055E-5
642	5,8092079165E-5	6,0853011269E-5
643	5,8118359129E-5	6,0913961621E-5
644	5,81485241E-5	6,0968231985E-5
645	5,8174616692E-5	6,1027559184E-5
646	5,8199900031E-5	6,1091787215E-5
647	5,8227164539E-5	6,1152439789E-5
648	5,8257169752E-5	6,1209287394E-5
649	5,8288549073E-5	6,1261926485E-5
650	5,832243017E-5	6,1311034208E-5
651	5,8338987198E-5	6,1341662078E-5
652	5,8356211341E-5	6,1393716335E-5
653	5,8370780139E-5	6,1448782363E-5
654	5,8388853101E-5	6,1509536448E-5
655	5,840784624E-5	6,1572036621E-5
656	5,8426154028E-5	6,1633901896E-5
657	5,8445008037E-5	6,1686684952E-5
658	5,8465315048E-5	6,1734887523E-5
659	5,8486152888E-5	6,179054494E-5
660	5,8512211818E-5	6,1843078001E-5
661	5,8540769647E-5	6,1894489661E-5
662	5,8569389319E-5	6,1948796274E-5
663	5,8598037373E-5	6,2003817318E-5
664	5,861550536E-5	6,2058746077E-5
665	5,8632487496E-5	6,2109225773E-5
666	5,8652917348E-5	6,2164032776E-5
667	5,8667486038E-5	6,2219550373E-5
668	5,8687973142E-5	6,2264170063E-5
669	5,8716798624E-5	6,231306798E-5
670	5,8737040521E-5	6,2370603346E-5
671	5,8756356423E-5	6,2429958619E-5
672	5,8772402438E-5	6,2488482317E-5
673	5,8791370639E-5	6,2549563213E-5
674	5,8822910586E-5	6,2594621853E-5
675	5,8846609237E-5	6,2646058081E-5
676	5,8871087806E-5	6,2701112048E-5
677	5,8895948414E-5	6,2753594859E-5
678	5,8917543624E-5	6,2809966197E-5
679	5,8939848251E-5	6,286559935E-5
680	5,8967287324E-5	6,2913847173E-5
681	5,8992411255E-5	6,296384278E-5
682	5,9019624515E-5	6,3016905331E-5
683	5,9044905925E-5	6,3072009859E-5
684	5,9071744602E-5	6,3122835828E-5
685	5,909857556E-5	6,3172270223E-5
686	5,9132240201E-5	6,3219597106E-5
687	5,9160390294E-5	6,3267679847E-5
688	5,9186536487E-5	6,3316173007E-5
689	5,9212639687E-5	6,3365224834E-5
690	5,9239526087E-5	6,3414920739E-5
691	5,926850436E-5	6,3466508035E-5
692	5,9298660037E-5	6,3517018514E-5
693	5,9329205485E-5	6,3565656094E-5
694	5,9359378006E-5	6,3615033316E-5
695	5,9388749207E-5	6,3663750368E-5
696	5,9416652562E-5	6,371248251E-5
697	5,944451954E-5	6,376169945E-5
698	5,9472770503E-5	6,3809544265E-5
699	5,9501253863E-5	6,3856625972E-5
700	5,9530922049E-5	6,390382219E-5
701	5,9555907669E-5	6,3950879167E-5
702	5,9576645939E-5	6,3996757176E-5
703	5,9598020857E-5	6,4043869377E-5
704	5,9620249741E-5	6,40906349E-5
705	5,964746988E-5	6,413577626E-5
706	5,9690698682E-5	6,4212064271E-5
707	5,9738488822E-5	6,4297110254E-5
708	5,9772085416E-5	6,4365055314E-5
709	5,9809662164E-5	6,4429321761E-5
710	5,9857138191E-5	6,4510991723E-5
711	5,990864967E-5	6,4598935996E-5
712	5,9956980942E-5	6,4675227108E-5
713	6,0010111979E-5	6,4762530469E-5
714	6,0066151502E-5	6,4854172225E-5
715	6,012387193E-5	6,4947354844E-5
716	6,0182260525E-5	6,5041168039E-5
717	6,0243560761E-5	6,5136756034E-5
718	6,0289213349E-5	6,5220173497E-5
719	6,0338845038E-5	6,530712342E-5
720	6,0387162732E-5	6,538491928E-5
721	6,044173488E-5	6,5472324625E-5
722	6,0479241638E-5	6,5533543349E-5
723	6,0526234623E-5	6,56137759E-5
724	6,0567680831E-5	6,5685442791E-5
725	6,0612318149E-5	6,5763572455E-5
726	6,0659732411E-5	6,5844665044E-5
727	6,070715092E-5	6,592953788E-5
728	6,0735540404E-5	6,5986653583E-5
729	6,0784434872E-5	6,6069025442E-5
730	6,0810437996E-5	6,6133362112E-5
731	6,0834042019E-5	6,6182720101E-5
732	6,0851947911E-5	6,6228915841E-5
733	6,086394652E-5	6,6269818864E-5
734	6,0879500943E-5	6,6317098418E-5
735	6,0892647082E-5	6,6362130214E-5
736	6,0909581612E-5	6,6405681218E-5
737	6,0928038394E-5	6,645235461E-5
738	6,0946049694E-5	6,6503775825E-5
739	6,0960583569E-5	6,6558638783E-5
740	6,0974655096E-5	6,6614713369E-5
741	6,0990713671E-5	6,6668918602E-5
742	6,1012806823E-5	6,6716787137E-5
743	6,1033635566E-5	6,6759777604E-5
744	6,1058909523E-5	6,6804002091E-5
745	6,1086669296E-5	6,6843937121E-5
746	6,1114812852E-5	6,6881985973E-5
747	6,1142647668E-5	6,6920272389E-5
748	6,1161274328E-5	6,6950826406E-5
749	6,1186834487E-5	6,6987585849E-5
750	6,121194145E-5	6,7027515125E-5
751	6,1237564961E-5	6,7066317341E-5
752	6,1265752268E-5	6,7107779918E-5
753	6,1294942729E-5	6,7145510857E-5
754	6,1325015591E-5	6,718799972E-5
755	6,1351158082E-5	6,7229346302E-5
756	6,1376504174E-5	6,7274383734E-5
757	6,140143334E-5	6,7318238232E-5
758	6,1426067419E-5	6,7359153844E-5
759	6,1448229161E-5	6,7399137307E-5
760	6,1471615415E-5	6,7445234222E-5
761	6,149660749E-5	6,7489944894E-5
762	6,1514627088E-5	6,7544543748E-5
763	6,1526133069E-5	6,7594161669E-5
764	6,1547153655E-5	6,7637114624E-5
765	6,1563563834E-5	6,7684005848E-5
766	6,1574066697E-5	6,7727850665E-5
767	6,1586048299E-5	6,777323728E-5
768	6,1597908556E-5	6,7819437245E-5
769	6,1618798106E-5	6,7860251938E-5
770	6,1638914675E-5	6,7900384918E-5
771	6,1656007598E-5	6,7949999823E-5
772	6,1671348732E-5	6,8003249765E-5
773	6,1688377798E-5	6,8044134147E-5
774	6,1713864628E-5	6,8079414354E-5
775	6,1735250794E-5	6,8127449623E-5
776	6,1752253658E-5	6,8170280924E-5
777	6,1765941451E-5	6,8217053155E-5
778	6,1778365658E-5	6,8264891449E-5
779	6,1791311116E-5	6,8313463086E-5
780	6,1809388019E-5	6,835395554E-5
781	6,1820272507E-5	6,8399116941E-5
782	6,1838314217E-5	6,8442150339E-5
783	6,1850322198E-5	6,8490367399E-5
784	6,1859185626E-5	6,8539103545E-5
785	6,1866485263E-5	6,8586535811E-5
786	6,1874206021E-5	6,8633131792E-5
787	6,1884376436E-5	6,8679967165E-5
788	6,1904318323E-5	6,8711317815E-5
789	6,1925441687E-5	6,8742637368E-5
790	6,1943276873E-5	6,8779248988E-5
791	6,1961555119E-5	6,8821241946E-5
792	6,1984476997E-5	6,8858735679E-5
793	6,2009058452E-5	6,8893047633E-5
794	6,2031177543E-5	6,8930683755E-5
795	6,2043236111E-5	6,8953218832E-5
796	6,2057533664E-5	6,8989905898E-5
797	6,207336372E-5	6,9032570957E-5
798	6,2092271996E-5	6,9070404792E-5
799	6,2100019996E-5	6,9095735012E-5
800	6,2104545816E-5	6,9123189082E-5
801	6,2118189071E-5	6,9157728914E-5
802	6,2141478408E-5	6,9188491421E-5
803	6,2163132342E-5	6,9219791449E-5
804	6,2185651335E-5	6,925538652E-5
805	6,2204204514E-5	6,9292605496E-5
806	6,2225018039E-5	6,9328001251E-5
807	6,2248383706E-5	6,9365126071E-5
808	6,2269345431E-5	6,9401803642E-5
809	6,2291596213E-5	6,9436135505E-5
810	6,2313756321E-5	6,9469421916E-5
811	6,2328397971E-5	6,9494518619E-5
812	6,2338988296E-5	6,9515382402E-5
813	6,2358845843E-5	6,9548180372E-5
814	6,2372130222E-5	6,9589883561E-5
815	6,2381214249E-5	6,9631133303E-5
816	6,2396765947E-5	6,9664148926E-5
817	6,2412096147E-5	6,9694402997E-5
818	6,2416727241E-5	6,9718380019E-5
819	6,2426886653E-5	6,9736637973E-5
820	6,2446393822E-5	6,9764126189E-5
821	6,2466903553E-5	6,9792714385E-5
822	6,2488388374E-5	6,9822497808E-5
823	6,250799248E-5	6,9855766139E-5
824	6,2528661241E-5	6,988443273E-5
825	6,2550920829E-5	6,9914209253E-5
826	6,2570784928E-5	6,9948533673E-5
827	6,2581934775E-5	6,997227634E-5
828	6,2585266286E-5	6,998695066E-5
829	6,2587655028E-5	6,9998774242E-5
830	6,2590190509E-5	7,0010572714E-5
831	6,2607220317E-5	7,0035694279E-5
832	6,2628610472E-5	7,0063668396E-5
833	6,2651075437E-5	7,0092934582E-5
834	6,2666027257E-5	7,0118952784E-5
835	6,2670495133E-5	7,0132800417E-5
836	6,2673341351E-5	7,0145352276E-5
837	6,2686300006E-5	7,0174207375E-5
838	6,2700419555E-5	7,020671034E-5
839	6,2718587384E-5	7,0238833929E-5
840	6,2735270331E-5	7,0268170203E-5
841	6,2752847779E-5	7,0297249688E-5
842	6,2771160803E-5	7,0325608728E-5
843	6,2788392535E-5	7,0353157063E-5
844	6,2804562145E-5	7,038039831E-5
845	6,2817073679E-5	7,0403081697E-5
846	6,2835533031E-5	7,0432128047E-5
847	6,28515535E-5	7,0460744429E-5
848	6,2870846902E-5	7,0489343154E-5
849	6,2891034737E-5	7,0517084306E-5
850	6,2912310263E-5	7,0545424355E-5
851	6,2930682135E-5	7,0577959506E-5
852	6,2955140738E-5	7,0611916842E-5
853	6,2976859329E-5	7,0646552485E-5
854	6,2996742415E-5	7,0681509708E-5
855	6,301588171E-5	7,0717654062E-5
856	6,3039183852E-5	7,0750395319E-5
857	6,3061300119E-5	7,0780920108E-5
858	6,3078202471E-5	7,081258552E-5
859	6,3094909114E-5	7,0845674344E-5
860	6,3115339561E-5	7,0874084139E-5
861	6,3136163184E-5	7,0901913949E-5
862	6,3157010712E-5	7,0929561967E-5
863	6,3173943215E-5	7,0962412047E-5
864	6,3196020554E-5	7,0992938437E-5
865	6,3220939197E-5	7,1026247601E-5
866	6,324504559E-5	7,105922156E-5
867	6,3265977216E-5	7,1095478245E-5
868	6,3285816931E-5	7,1130423911E-5
869	6,3306307897E-5	7,1167431597E-5
870	6,3321931435E-5	7,1203456015E-5
871	6,3331932387E-5	7,1233240146E-5
872	6,3337592946E-5	7,1249323709E-5
873	6,3342036385E-5	7,1279482036E-5
874	6,3348334232E-5	7,1313886496E-5
875	6,3349886835E-5	7,1341156269E-5
876	6,3358930883E-5	7,1381510856E-5
877	6,3369134679E-5	7,1422177885E-5
878	6,3379785799E-5	7,1462110415E-5
879	6,3390565837E-5	7,1493486043E-5
880	6,3400380033E-5	7,1530900895E-5
881	6,340946325E-5	7,1568554914E-5
882	6,3417635405E-5	7,1607321866E-5
883	6,3427703303E-5	7,164262582E-5
884	6,3440492027E-5	7,1678888568E-5
885	6,3458544926E-5	7,1706384044E-5
886	6,3475228965E-5	7,1734465384E-5
887	6,3492734821E-5	7,1765958156E-5
888	6,3511973031E-5	7,1791958785E-5
889	6,3529161382E-5	7,1819829943E-5
890	6,3546071826E-5	7,1850891688E-5
891	6,3559840561E-5	7,1883669929E-5
892	6,3568325779E-5	7,1921717116E-5
893	6,3578514242E-5	7,1957652654E-5
894	6,3586953896E-5	7,1994231468E-5
895	6,3597913134E-5	7,2028372869E-5
896	6,3617046621E-5	7,2059628578E-5
897	6,3634107006E-5	7,2088674958E-5
898	6,3656541631E-5	7,2127535239E-5
899	6,3679796555E-5	7,2163242214E-5
900	6,3698370722E-5	7,2201972643E-5
901	6,3713556145E-5	7,22322863E-5
902	6,3729438126E-5	7,2258464153E-5
903	6,3750064927E-5	7,228839469E-5
904	6,3771880419E-5	7,2319451891E-5
905	6,3790855285E-5	7,2351560949E-5
906	6,3809114651E-5	7,238245562E-5
907	6,3826298732E-5	7,2413431687E-5
908	6,3833196394E-5	7,2441758677E-5
909	6,3840253528E-5	7,2476761795E-5
910	6,3847577988E-5	7,2512587303E-5
911	6,3861748927E-5	7,2538830469E-5
912	6,3876010427E-5	7,2564701144E-5
913	6,3886203261E-5	7,2600203747E-5
914	6,3896465972E-5	7,2637032883E-5
915	6,3912080508E-5	7,2667608695E-5
916	6,39224712E-5	7,2705560492E-5
917	6,3930586436E-5	7,2744284109E-5
918	6,3940127066E-5	7,2782393366E-5
919	6,3951170244E-5	7,2808373997E-5
920	6,395350648E-5	7,2819583488E-5
921	6,3961313298E-5	7,2847721507E-5
922	6,3976721343E-5	7,2871092855E-5
923	6,3986336389E-5	7,2902196585E-5
924	6,3997204586E-5	7,2937203387E-5
925	6,4011470061E-5	7,2963506803E-5
926	6,4025006855E-5	7,2993069173E-5
927	6,4040639107E-5	7,3017681256E-5
928	6,4051297906E-5	7,3047905628E-5
929	6,4066760354E-5	7,3071303941E-5
930	6,4079422334E-5	7,3101555566E-5
931	6,4088963712E-5	7,313362703E-5
932	6,4102609472E-5	7,3157025515E-5
933	6,4116123921E-5	7,3180468801E-5
934	6,4131316932E-5	7,3202660442E-5
935	6,4146480498E-5	7,3224868093E-5
936	6,4161638592E-5	7,3246985175E-5
937	6,4177264418E-5	7,326829781E-5
938	6,4192625017E-5	7,3289158628E-5
939	6,4207694058E-5	7,3309873755E-5
940	6,4222527811E-5	7,3331970693E-5
941	6,4234806687E-5	7,3355577001E-5
942	6,4249825756E-5	7,3376461309E-5
943	6,4264345878E-5	7,3398013409E-5
944	6,4279077911E-5	7,3419731526E-5
945	6,4291460989E-5	7,3444347071E-5
946	6,4301190695E-5	7,3472492557E-5
947	6,4316294947E-5	7,3494135118E-5
948	6,4330896694E-5	7,3516196479E-5
949	6,4342108712E-5	7,3539279013E-5
950	6,4357109087E-5	7,356096331E-5
951	6,4371249468E-5	7,358330236E-5
952	6,4383894268E-5	7,3602198269E-5
953	6,4402150217E-5	7,3628075046E-5
954	6,4417768116E-5	7,3652108751E-5
955	6,4433076013E-5	7,3674247843E-5
956	6,4446211474E-5	7,3698030155E-5
957	6,4456389371E-5	7,3724481044E-5
958	6,4467812346E-5	7,3753249911E-5
959	6,4481918022E-5	7,3774704685E-5
960	6,4492367356E-5	7,3801015525E-5
961	6,4504570671E-5	7,3830535808E-5
962	6,4517658937E-5	7,3853989747E-5
963	6,4525275984E-5	7,3881630483E-5
964	6,4539549739E-5	7,3904810891E-5
965	6,4552156561E-5	7,3931397466E-5
966	6,4563469035E-5	7,3957189438E-5
967	6,4574985442E-5	7,3983486731E-5
968	6,4589310462E-5	7,4005649974E-5
969	6,4600330093E-5	7,4031019369E-5
970	6,4611382816E-5	7,4057880537E-5
971	6,4619890064E-5	7,4085578212E-5
972	6,4627196003E-5	7,4114500172E-5
973	6,4634990901E-5	7,4143231467E-5
974	6,4642187945E-5	7,4171466307E-5
975	6,4651768757E-5	7,4196010972E-5
976	6,4663844671E-5	7,4216191463E-5
977	6,4674521759E-5	7,4239750201E-5
978	6,468737787E-5	7,4260656761E-5
979	6,4700222495E-5	7,4281526237E-5
980	6,4712411765E-5	7,4305030683E-5
981	6,4725478401E-5	7,4327549441E-5
982	6,4738102499E-5	7,4349001612E-5
983	6,4752930194E-5	7,4373396505E-5
984	6,4764568274E-5	7,4398422864E-5
985	6,478019629E-5	7,4423405547E-5
986	6,4796196907E-5	7,4448267458E-5
987	6,480841323E-5	7,4471837791E-5
988	6,4820210674E-5	7,4491080871E-5
989	6,4832416407E-5	7,4509748358E-5
990	6,4844594885E-5	7,4528069025E-5
991	6,4856090576E-5	7,4547292709E-5
992	6,4867336386E-5	7,456687462E-5
993	6,4879477793E-5	7,4584961513E-5
994	6,4887897139E-5	7,4606121037E-5
995	6,4900877096E-5	7,4627361502E-5
996	6,491227766E-5	7,464822035E-5
997	6,4921458922E-5	7,4670306265E-5
998	6,4935046788E-5	7,4690197699E-5
999	6,4948763829E-5	7,470996523E-5
1000	6,4962376151E-5	7,4729315074E-5
