0 3 12 iMM904.cmd 1E-8
0 3 12 iJN1463.cmd 1E-8
0 8 4 iMM904.cmd 1E-8
0 8 4 iJN1463.cmd 1E-8
0 9 6 iMM904.cmd 1E-8
0 9 6 iJN1463.cmd 1E-8
0 5 8 iMM904.cmd 1E-8
0 5 8 iJN1463.cmd 1E-8
0 9 8 iMM904.cmd 1E-8
0 9 8 iJN1463.cmd 1E-8
0 9 9 iMM904.cmd 1E-8
0 9 9 iJN1463.cmd 1E-8
0 2 12 iMM904.cmd 1E-8
0 2 12 iJN1463.cmd 1E-8
0 6 6 iMM904.cmd 1E-8
0 6 6 iJN1463.cmd 1E-8
0 4 7 iMM904.cmd 1E-8
0 4 7 iJN1463.cmd 1E-8
0 1 13 iMM904.cmd 1E-8
0 1 13 iJN1463.cmd 1E-8
0 12 6 iMM904.cmd 1E-8
0 12 6 iJN1463.cmd 1E-8
0 9 7 iMM904.cmd 1E-8
0 9 7 iJN1463.cmd 1E-8
0 5 11 iMM904.cmd 1E-8
0 5 11 iJN1463.cmd 1E-8
0 9 4 iMM904.cmd 1E-8
0 9 4 iJN1463.cmd 1E-8
0 7 1 iMM904.cmd 1E-8
0 7 1 iJN1463.cmd 1E-8
500 3 12 iMM904.cmd 4,4930848569E-7
500 3 12 iJN1463.cmd 8,2401374153E-7
500 8 4 iMM904.cmd 1,5214737956E-7
500 8 4 iJN1463.cmd 3,5338354559E-7
500 9 6 iMM904.cmd 1,4172360365E-7
500 9 6 iJN1463.cmd 3,7159467367E-7
500 5 8 iMM904.cmd 3,2933618474E-7
500 5 8 iJN1463.cmd 6,4763648288E-7
500 9 8 iMM904.cmd 1,1372292647E-7
500 9 8 iJN1463.cmd 3,0985244913E-7
500 9 9 iMM904.cmd 1,0272218492E-7
500 9 9 iJN1463.cmd 2,7015470582E-7
500 2 12 iMM904.cmd 4,9627401249E-7
500 2 12 iJN1463.cmd 9,0116152896E-7
500 6 6 iMM904.cmd 2,4765450075E-7
500 6 6 iJN1463.cmd 5,0804815399E-7
500 4 7 iMM904.cmd 3,6038641097E-7
500 4 7 iJN1463.cmd 6,9538582168E-7
500 1 13 iMM904.cmd 3,8213063559E-7
500 1 13 iJN1463.cmd 6,9509650217E-7
500 12 6 iMM904.cmd 4,8450972513E-8
500 12 6 iJN1463.cmd 1,4007974033E-7
500 9 7 iMM904.cmd 1,3190498497E-7
500 9 7 iJN1463.cmd 3,6343504496E-7
500 5 11 iMM904.cmd 3,0598090012E-7
500 5 11 iJN1463.cmd 5,8005130717E-7
500 9 4 iMM904.cmd 1,2132282146E-7
500 9 4 iJN1463.cmd 3,0242308593E-7
500 7 1 iMM904.cmd 1,8435686317E-7
500 7 1 iJN1463.cmd 3,7713155293E-7
500 0 13 iMM904.cmd 1,8771974537E-7
500 0 13 iJN1463.cmd 3,7835834791E-7
500 1 12 iMM904.cmd 4,5292435618E-7
500 1 12 iJN1463.cmd 8,1736246985E-7
500 1 14 iMM904.cmd 1,8423842072E-7
500 1 14 iJN1463.cmd 3,6639184076E-7
500 2 11 iMM904.cmd 4,9624390608E-7
500 2 11 iJN1463.cmd 8,953719221E-7
500 2 13 iMM904.cmd 4,1589221339E-7
500 2 13 iJN1463.cmd 7,5589957495E-7
500 3 7 iMM904.cmd 3,9877177139E-7
500 3 7 iJN1463.cmd 7,5339486054E-7
500 3 11 iMM904.cmd 4,5317544458E-7
500 3 11 iJN1463.cmd 8,2925603455E-7
500 3 13 iMM904.cmd 3,7219320838E-7
500 3 13 iJN1463.cmd 6,786742801E-7
500 4 6 iMM904.cmd 3,3622133896E-7
500 4 6 iJN1463.cmd 6,4956192546E-7
500 4 8 iMM904.cmd 3,5858683072E-7
500 4 8 iJN1463.cmd 6,8640599068E-7
500 4 11 iMM904.cmd 3,8703253111E-7
500 4 11 iJN1463.cmd 7,1849420047E-7
500 4 12 iMM904.cmd 3,7146253225E-7
500 4 12 iJN1463.cmd 6,8620672174E-7
500 5 6 iMM904.cmd 2,9231394741E-7
500 5 6 iJN1463.cmd 5,7872380733E-7
500 5 7 iMM904.cmd 3,2199062572E-7
500 5 7 iJN1463.cmd 6,3936373563E-7
500 5 9 iMM904.cmd 2,8685181083E-7
500 5 9 iJN1463.cmd 5,54403403E-7
500 5 12 iMM904.cmd 2,8780245592E-7
500 5 12 iJN1463.cmd 5,3671630934E-7
500 6 1 iMM904.cmd 2,1028829029E-7
500 6 1 iJN1463.cmd 4,252263707E-7
500 6 5 iMM904.cmd 2,1685701831E-7
500 6 5 iJN1463.cmd 4,4170941509E-7
500 6 7 iMM904.cmd 2,8678745023E-7
500 6 7 iJN1463.cmd 5,8362872917E-7
500 6 11 iMM904.cmd 2,1023829231E-7
500 6 11 iJN1463.cmd 4,0050638357E-7
500 7 0 iMM904.cmd 1,8171399576E-7
500 7 0 iJN1463.cmd 3,6931802521E-7
500 7 2 iMM904.cmd 1,8642466509E-7
500 7 2 iJN1463.cmd 3,8262230128E-7
500 7 4 iMM904.cmd 1,7211998868E-7
500 7 4 iJN1463.cmd 3,6985227758E-7
500 7 6 iMM904.cmd 1,9567281109E-7
500 7 6 iJN1463.cmd 4,2685905749E-7
500 8 1 iMM904.cmd 1,3925488007E-7
500 8 1 iJN1463.cmd 2,8922731278E-7
500 8 3 iMM904.cmd 1,4084264007E-7
500 8 3 iJN1463.cmd 3,2239124027E-7
500 8 5 iMM904.cmd 1,658395894E-7
500 8 5 iJN1463.cmd 3,8140721328E-7
500 8 6 iMM904.cmd 1,663754946E-7
500 8 6 iJN1463.cmd 3,9561300204E-7
500 8 8 iMM904.cmd 1,0738204472E-7
500 8 8 iJN1463.cmd 2,6883260798E-7
500 8 9 iMM904.cmd 1,0759658666E-7
500 8 9 iJN1463.cmd 2,5622789075E-7
500 9 3 iMM904.cmd 1,0123375821E-7
500 9 3 iJN1463.cmd 2,4440108146E-7
500 9 10 iMM904.cmd 9,3514616215E-8
500 9 10 iJN1463.cmd 2,3583011641E-7
500 10 4 iMM904.cmd 9,007544265E-8
500 10 4 iJN1463.cmd 2,327112038E-7
500 10 6 iMM904.cmd 9,8404142852E-8
500 10 6 iJN1463.cmd 2,7016393411E-7
500 10 7 iMM904.cmd 1,0029853994E-7
500 10 7 iJN1463.cmd 2,7998292546E-7
500 10 8 iMM904.cmd 9,3618670977E-8
500 10 8 iJN1463.cmd 2,5723740725E-7
500 10 9 iMM904.cmd 9,1470553735E-8
500 10 9 iJN1463.cmd 2,4944368683E-7
500 11 6 iMM904.cmd 6,7969188107E-8
500 11 6 iJN1463.cmd 1,9215640219E-7
500 12 5 iMM904.cmd 3,9415005588E-8
500 12 5 iJN1463.cmd 1,1331491547E-7
500 12 7 iMM904.cmd 4,4315664635E-8
500 12 7 iJN1463.cmd 1,2744951615E-7
500 13 6 iMM904.cmd 3,2902114683E-8
500 13 6 iJN1463.cmd 9,5729142748E-8
500 7 5 iMM904.cmd 1,8419526678E-7
500 7 5 iJN1463.cmd 3,9717174891E-7
500 0 12 iMM904.cmd 2,1944394109E-7
500 0 12 iJN1463.cmd 4,3129090972E-7
500 1 11 iMM904.cmd 4,5721960258E-7
500 1 11 iJN1463.cmd 8,1610895192E-7
500 4 9 iMM904.cmd 3,5207127871E-7
500 4 9 iJN1463.cmd 6,6004330215E-7
500 7 3 iMM904.cmd 1,6792627833E-7
500 7 3 iJN1463.cmd 3,551695499E-7
500 11 7 iMM904.cmd 6,6891383219E-8
500 11 7 iJN1463.cmd 1,8951617423E-7
500 3 8 iMM904.cmd 3,804767258E-7
500 3 8 iJN1463.cmd 7,1220116229E-7
500 2 14 iMM904.cmd 2,0459025033E-7
500 2 14 iJN1463.cmd 4,0049551918E-7
500 4 13 iMM904.cmd 3,0146717645E-7
500 4 13 iJN1463.cmd 5,4949795291E-7
500 10 3 iMM904.cmd 6,5025855586E-8
500 10 3 iJN1463.cmd 1,6238576725E-7
500 10 5 iMM904.cmd 7,9529483502E-8
500 10 5 iJN1463.cmd 2,1533288324E-7
500 3 6 iMM904.cmd 3,8384090594E-7
500 3 6 iJN1463.cmd 7,3382521093E-7
500 5 5 iMM904.cmd 2,5414827654E-7
500 5 5 iJN1463.cmd 5,0138281672E-7
500 6 12 iMM904.cmd 2,055708442E-7
500 6 12 iJN1463.cmd 3,8366163691E-7
500 8 0 iMM904.cmd 1,339155553E-7
500 8 0 iJN1463.cmd 2,753891029E-7
500 8 10 iMM904.cmd 1,0463846472E-7
500 8 10 iJN1463.cmd 2,3779843554E-7
500 10 10 iMM904.cmd 8,3467365805E-8
500 10 10 iJN1463.cmd 2,1989097567E-7
500 6 0 iMM904.cmd 2,1239983983E-7
500 6 0 iJN1463.cmd 4,2827204093E-7
500 6 2 iMM904.cmd 1,992935049E-7
500 6 2 iJN1463.cmd 4,0360629157E-7
500 6 4 iMM904.cmd 1,9385788943E-7
500 6 4 iJN1463.cmd 3,9372531937E-7
500 11 5 iMM904.cmd 5,9179773759E-8
500 11 5 iJN1463.cmd 1,6586150427E-7
500 13 5 iMM904.cmd 2,6376207909E-8
500 13 5 iJN1463.cmd 7,6757307458E-8
500 13 7 iMM904.cmd 2,9226040381E-8
500 13 7 iJN1463.cmd 8,4246103326E-8
500 0 14 iMM904.cmd 1,159040763E-7
500 0 14 iJN1463.cmd 2,5026770388E-7
500 11 8 iMM904.cmd 6,0409614077E-8
500 11 8 iJN1463.cmd 1,6896472626E-7
500 3 14 iMM904.cmd 1,8338125203E-7
500 3 14 iJN1463.cmd 3,5719962845E-7
500 4 10 iMM904.cmd 3,853955968E-7
500 4 10 iJN1463.cmd 7,1000338205E-7
500 7 8 iMM904.cmd 1,0430669471E-7
500 7 8 iJN1463.cmd 2,3683160812E-7
500 2 10 iMM904.cmd 4,5911380648E-7
500 2 10 iJN1463.cmd 8,2503295646E-7
500 3 10 iMM904.cmd 4,233254161E-7
500 3 10 iJN1463.cmd 7,7076967189E-7
500 5 13 iMM904.cmd 2,293605472E-7
500 5 13 iJN1463.cmd 4,1876395177E-7
500 6 9 iMM904.cmd 1,8498545982E-7
500 6 9 iJN1463.cmd 3,6178248239E-7
500 9 2 iMM904.cmd 7,660009396E-8
500 9 2 iJN1463.cmd 1,7605880882E-7
500 4 5 iMM904.cmd 2,8864358716E-7
500 4 5 iJN1463.cmd 5,6466127626E-7
500 6 10 iMM904.cmd 1,6843642542E-7
500 6 10 iJN1463.cmd 3,2578750935E-7
500 7 9 iMM904.cmd 1,2580036909E-7
500 7 9 iJN1463.cmd 2,6470806958E-7
500 7 11 iMM904.cmd 1,5864386116E-7
500 7 11 iJN1463.cmd 3,0316957751E-7
500 9 1 iMM904.cmd 9,5010452616E-8
500 9 1 iJN1463.cmd 2,023764345E-7
500 2 7 iMM904.cmd 4,4638942841E-7
500 2 7 iJN1463.cmd 8,4218270949E-7
500 5 1 iMM904.cmd 2,2692213801E-7
500 5 1 iJN1463.cmd 4,695543453E-7
500 12 4 iMM904.cmd 2,2034280295E-8
500 12 4 iJN1463.cmd 6,2943054322E-8
500 12 8 iMM904.cmd 3,3446323457E-8
500 12 8 iJN1463.cmd 9,4676803852E-8
500 14 6 iMM904.cmd 2,2501022818E-8
500 14 6 iJN1463.cmd 6,5121805587E-8
500 3 9 iMM904.cmd 3,8769072117E-7
500 3 9 iJN1463.cmd 7,1269281143E-7
500 6 3 iMM904.cmd 1,8048937768E-7
500 6 3 iJN1463.cmd 3,6619861711E-7
500 0 11 iMM904.cmd 2,0870436941E-7
500 0 11 iJN1463.cmd 4,0118252098E-7
500 7 10 iMM904.cmd 1,330050562E-7
500 7 10 iJN1463.cmd 2,6744214651E-7
500 1 10 iMM904.cmd 4,3874385779E-7
500 1 10 iJN1463.cmd 7,7692264865E-7
500 5 4 iMM904.cmd 2,263346809E-7
500 5 4 iJN1463.cmd 4,5057204158E-7
500 10 2 iMM904.cmd 4,8316796433E-8
500 10 2 iJN1463.cmd 1,1566047163E-7
500 4 14 iMM904.cmd 1,4523816207E-7
500 4 14 iJN1463.cmd 2,8141353953E-7
500 6 13 iMM904.cmd 1,6404830681E-7
500 6 13 iJN1463.cmd 2,9999026147E-7
500 2 6 iMM904.cmd 4,5601825097E-7
500 2 6 iJN1463.cmd 8,8030974961E-7
500 3 5 iMM904.cmd 3,1279456721E-7
500 3 5 iJN1463.cmd 6,1403100708E-7
500 5 0 iMM904.cmd 2,2961692809E-7
500 5 0 iJN1463.cmd 4,7549054971E-7
500 7 12 iMM904.cmd 1,4577132887E-7
500 7 12 iJN1463.cmd 2,7291547144E-7
500 9 0 iMM904.cmd 8,3549908859E-8
500 9 0 iJN1463.cmd 1,7436218334E-7
500 5 2 iMM904.cmd 2,1886670634E-7
500 5 2 iJN1463.cmd 4,5332790808E-7
500 13 4 iMM904.cmd 1,5448169816E-8
500 13 4 iJN1463.cmd 4,5163368308E-8
500 13 8 iMM904.cmd 2,2170962981E-8
500 13 8 iJN1463.cmd 6,3508180575E-8
500 14 5 iMM904.cmd 1,7917578989E-8
500 14 5 iJN1463.cmd 5,2219389331E-8
500 14 7 iMM904.cmd 1,9632503891E-8
500 14 7 iJN1463.cmd 5,6591934609E-8
500 11 3 iMM904.cmd 2,9455001549E-8
500 11 3 iJN1463.cmd 7,4435737695E-8
500 2 9 iMM904.cmd 4,1393384272E-7
500 2 9 iJN1463.cmd 7,5147404337E-7
500 4 4 iMM904.cmd 2,4996907319E-7
500 4 4 iJN1463.cmd 5,119662906E-7
500 5 14 iMM904.cmd 1,0686113324E-7
500 5 14 iJN1463.cmd 2,0723127898E-7
500 12 3 iMM904.cmd 1,4962107536E-8
500 12 3 iJN1463.cmd 4,1148317371E-8
500 4 1 iMM904.cmd 2,337049606E-7
500 4 1 iJN1463.cmd 5,1795345505E-7
500 12 9 iMM904.cmd 1,8350846861E-8
500 12 9 iJN1463.cmd 5,2228491717E-8
500 0 10 iMM904.cmd 1,6592095088E-7
500 0 10 iJN1463.cmd 3,1503038142E-7
500 7 13 iMM904.cmd 1,1313277699E-7
500 7 13 iJN1463.cmd 2,0950957989E-7
500 11 2 iMM904.cmd 2,0887906233E-8
500 11 2 iJN1463.cmd 5,244350662E-8
500 14 4 iMM904.cmd 1,0228435731E-8
500 14 4 iJN1463.cmd 3,1118666586E-8
500 14 8 iMM904.cmd 1,3104869455E-8
500 14 8 iJN1463.cmd 4,0346426199E-8
500 3 4 iMM904.cmd 2,6015627154E-7
500 3 4 iJN1463.cmd 5,5654786069E-7
500 6 14 iMM904.cmd 7,3269680459E-8
500 6 14 iJN1463.cmd 1,4360414648E-7
500 4 0 iMM904.cmd 2,3654128769E-7
500 4 0 iJN1463.cmd 5,2678701292E-7
500 4 2 iMM904.cmd 2,2732158893E-7
500 4 2 iJN1463.cmd 5,0021241778E-7
500 1 6 iMM904.cmd 4,3560722174E-7
500 1 6 iJN1463.cmd 8,8923680608E-7
500 8 12 iMM904.cmd 1,0724914285E-7
500 8 12 iJN1463.cmd 2,0353994891E-7
500 10 0 iMM904.cmd 3,9513048672E-8
500 10 0 iJN1463.cmd 8,509376181E-8
500 13 3 iMM904.cmd 7,957206724E-9
500 13 3 iJN1463.cmd 2,4604444708E-8
500 4 3 iMM904.cmd 2,3330684479E-7
500 4 3 iJN1463.cmd 5,0989039064E-7
500 12 2 iMM904.cmd 8,8728580199E-9
500 12 2 iJN1463.cmd 2,5529315798E-8
500 3 1 iMM904.cmd 2,3094265007E-7
500 3 1 iJN1463.cmd 5,6993661995E-7
500 8 13 iMM904.cmd 7,55209578E-8
500 8 13 iJN1463.cmd 1,4592824424E-7
500 7 14 iMM904.cmd 4,7072044691E-8
500 7 14 iJN1463.cmd 9,5635144041E-8
500 3 3 iMM904.cmd 2,3543445818E-7
500 3 3 iJN1463.cmd 5,4451423034E-7
500 2 4 iMM904.cmd 2,4485503039E-7
500 2 4 iJN1463.cmd 5,7432891733E-7
500 3 0 iMM904.cmd 2,3275458174E-7
500 3 0 iJN1463.cmd 5,8154344479E-7
500 3 2 iMM904.cmd 2,2712538502E-7
500 3 2 iJN1463.cmd 5,3383498608E-7
500 0 9 iMM904.cmd 4,4514761544E-8
500 0 9 iJN1463.cmd 9,227197248E-8
500 0 6 iMM904.cmd 1,2122515408E-7
500 0 6 iJN1463.cmd 2,9483008976E-7
500 1 5 iMM904.cmd 4,2401500013E-7
500 1 5 iJN1463.cmd 9,247082781E-7
500 14 3 iMM904.cmd 4,3984784542E-9
500 14 3 iJN1463.cmd 1,6203323425E-8
500 11 1 iMM904.cmd 9,7383573355E-9
500 11 1 iJN1463.cmd 2,6884233279E-8
500 11 0 iMM904.cmd 1,3916706002E-8
500 11 0 iJN1463.cmd 3,4469976386E-8
500 13 2 iMM904.cmd 3,3182510287E-9
500 13 2 iJN1463.cmd 1,3356390614E-8
500 14 9 iMM904.cmd 4,9080540842E-9
500 14 9 iJN1463.cmd 2,5086704394E-8
500 2 1 iMM904.cmd 2,1568651675E-7
500 2 1 iJN1463.cmd 6,2499682915E-7
500 8 14 iMM904.cmd 2,798433555E-8
500 8 14 iJN1463.cmd 6,2204364465E-8
500 2 3 iMM904.cmd 2,2971006839E-7
500 2 3 iJN1463.cmd 5,8943037469E-7
500 9 13 iMM904.cmd 4,0746183619E-8
500 9 13 iJN1463.cmd 8,9493681034E-8
500 0 5 iMM904.cmd 1,1086530001E-7
500 0 5 iJN1463.cmd 2,9970749982E-7
500 2 0 iMM904.cmd 2,135643137E-7
500 2 0 iJN1463.cmd 6,2326431785E-7
500 12 1 iMM904.cmd 4,0956577821E-9
500 12 1 iJN1463.cmd 1,5258349321E-8
500 0 7 iMM904.cmd 2,750363572E-8
500 0 7 iJN1463.cmd 7,8312370433E-8
500 12 0 iMM904.cmd 3,8151035148E-9
500 12 0 iJN1463.cmd 1,4590829219E-8
500 1 3 iMM904.cmd 1,8224242153E-7
500 1 3 iJN1463.cmd 5,7218547755E-7
500 1 1 iMM904.cmd 1,6311578763E-7
500 1 1 iJN1463.cmd 5,7559659388E-7
500 9 14 iMM904.cmd 1,354720589E-8
500 9 14 iJN1463.cmd 3,7357044476E-8
500 1 0 iMM904.cmd 1,6274903087E-7
500 1 0 iJN1463.cmd 5,6626618471E-7
500 10 13 iMM904.cmd 2,0529102206E-8
500 10 13 iJN1463.cmd 5,9019018469E-8
500 14 2 iMM904.cmd 0E0
500 14 2 iJN1463.cmd 8,2029485519E-9
500 0 8 iMM904.cmd 1,1841252962E-8
500 0 8 iJN1463.cmd 4,5851086922E-8
500 0 4 iMM904.cmd 2,4196270287E-8
500 0 4 iJN1463.cmd 9,8598365708E-8
500 14 10 iMM904.cmd 0E0
500 14 10 iJN1463.cmd 1,9834255843E-8
500 1 2 iMM904.cmd 1,4633153204E-7
500 1 2 iJN1463.cmd 5,8948728628E-7
500 0 3 iMM904.cmd 3,2059376246E-8
500 0 3 iJN1463.cmd 1,6241249869E-7
500 13 1 iMM904.cmd 0E0
500 13 1 iJN1463.cmd 7,7000274218E-9
500 0 1 iMM904.cmd 2,6741696947E-8
500 0 1 iJN1463.cmd 1,737000948E-7
500 0 0 iMM904.cmd 2,7173027716E-8
500 0 0 iJN1463.cmd 1,7300319724E-7
500 10 14 iMM904.cmd 5,1303440118E-9
500 10 14 iJN1463.cmd 2,2099230696E-8
500 11 13 iMM904.cmd 7,2460525818E-9
500 11 13 iJN1463.cmd 3,9782370171E-8
500 0 2 iMM904.cmd 2,244297111E-8
500 0 2 iJN1463.cmd 1,7134829716E-7
500 13 0 iMM904.cmd 0E0
500 13 0 iJN1463.cmd 5,8850428695E-9
500 11 14 iMM904.cmd 5,93865172E-10
500 11 14 iJN1463.cmd 1,1820941633E-8
500 14 11 iMM904.cmd 0E0
500 14 11 iJN1463.cmd 1,3532212544E-8
500 11 12 iMM904.cmd 0E0
500 11 12 iJN1463.cmd 2,5257759913E-8
500 1 8 iMM904.cmd 1,3186015168E-9
500 1 8 iJN1463.cmd 2,7089060018E-7
500 14 1 iMM904.cmd 0E0
500 14 1 iJN1463.cmd 3,3859372234E-9
500 11 11 iMM904.cmd 0E0
500 11 11 iJN1463.cmd 1,3282542196E-8
500 12 12 iMM904.cmd 0E0
500 12 12 iJN1463.cmd 1,1350883582E-8
500 14 12 iMM904.cmd 0E0
500 14 12 iJN1463.cmd 5,2871084983E-9
500 12 11 iMM904.cmd 0E0
500 12 11 iJN1463.cmd 6,0283697233E-9
500 13 12 iMM904.cmd 0E0
500 13 12 iJN1463.cmd 2,6212457146E-9
500 12 14 iMM904.cmd 0E0
500 12 14 iJN1463.cmd 8,8821325008E-10
500 13 13 iMM904.cmd 0E0
500 13 13 iJN1463.cmd 0E0
500 13 14 iMM904.cmd 0E0
500 13 14 iJN1463.cmd 0E0
500 14 0 iMM904.cmd 0E0
500 14 0 iJN1463.cmd 0E0
500 14 13 iMM904.cmd 0E0
500 14 13 iJN1463.cmd 0E0
500 14 14 iMM904.cmd 0E0
500 14 14 iJN1463.cmd 0E0
1000 3 12 iMM904.cmd 5,4618520498E-7
1000 3 12 iJN1463.cmd 9,3271065564E-7
1000 8 4 iMM904.cmd 1,6143680675E-7
1000 8 4 iJN1463.cmd 3,4694997273E-7
1000 9 6 iMM904.cmd 1,2783186583E-7
1000 9 6 iJN1463.cmd 3,0929208092E-7
1000 5 8 iMM904.cmd 4,0711000882E-7
1000 5 8 iJN1463.cmd 7,409805424E-7
1000 9 8 iMM904.cmd 1,1030842319E-7
1000 9 8 iJN1463.cmd 2,6785871597E-7
1000 9 9 iMM904.cmd 1,1368431551E-7
1000 9 9 iJN1463.cmd 2,6702087751E-7
1000 2 12 iMM904.cmd 5,8388480698E-7
1000 2 12 iJN1463.cmd 9,8989232378E-7
1000 6 6 iMM904.cmd 2,9402378355E-7
1000 6 6 iJN1463.cmd 5,6756953594E-7
1000 4 7 iMM904.cmd 4,5062012145E-7
1000 4 7 iJN1463.cmd 8,1507173115E-7
1000 1 13 iMM904.cmd 4,778449704E-7
1000 1 13 iJN1463.cmd 8,1853563548E-7
1000 12 6 iMM904.cmd 4,7002488666E-8
1000 12 6 iJN1463.cmd 1,3070121889E-7
1000 9 7 iMM904.cmd 1,1116673672E-7
1000 9 7 iJN1463.cmd 2,8013960874E-7
1000 5 11 iMM904.cmd 3,94178177E-7
1000 5 11 iJN1463.cmd 6,8781632523E-7
1000 9 4 iMM904.cmd 1,1928610573E-7
1000 9 4 iJN1463.cmd 2,6971852505E-7
1000 7 1 iMM904.cmd 2,0537919152E-7
1000 7 1 iJN1463.cmd 4,0018730256E-7
1000 0 13 iMM904.cmd 3,63286094E-7
1000 0 13 iJN1463.cmd 6,4289677142E-7
1000 1 12 iMM904.cmd 5,4853171927E-7
1000 1 12 iJN1463.cmd 9,302218982E-7
1000 1 14 iMM904.cmd 3,5280594062E-7
1000 1 14 iJN1463.cmd 6,2560563461E-7
1000 2 11 iMM904.cmd 6,1316233686E-7
1000 2 11 iJN1463.cmd 1,0388378136E-6
1000 2 13 iMM904.cmd 5,073947401E-7
1000 2 13 iJN1463.cmd 8,6615219841E-7
1000 3 7 iMM904.cmd 5,2061056305E-7
1000 3 7 iJN1463.cmd 9,2643081342E-7
1000 3 11 iMM904.cmd 5,7575412993E-7
1000 3 11 iJN1463.cmd 9,852027504E-7
1000 3 13 iMM904.cmd 4,7455152606E-7
1000 3 13 iJN1463.cmd 8,1367047274E-7
1000 4 6 iMM904.cmd 4,2961829039E-7
1000 4 6 iJN1463.cmd 7,8243406521E-7
1000 4 8 iMM904.cmd 4,6223134879E-7
1000 4 8 iJN1463.cmd 8,2844298754E-7
1000 4 11 iMM904.cmd 5,0082274367E-7
1000 4 11 iJN1463.cmd 8,6576234649E-7
1000 4 12 iMM904.cmd 4,6919042356E-7
1000 4 12 iJN1463.cmd 8,0784579007E-7
1000 5 6 iMM904.cmd 3,5884828182E-7
1000 5 6 iJN1463.cmd 6,6913168533E-7
1000 5 7 iMM904.cmd 3,8649638227E-7
1000 5 7 iJN1463.cmd 7,1374993747E-7
1000 5 9 iMM904.cmd 3,7949716284E-7
1000 5 9 iJN1463.cmd 6,8704553389E-7
1000 5 12 iMM904.cmd 3,7466614281E-7
1000 5 12 iJN1463.cmd 6,500854356E-7
1000 6 1 iMM904.cmd 2,5532680898E-7
1000 6 1 iJN1463.cmd 4,8975229522E-7
1000 6 5 iMM904.cmd 2,6932515641E-7
1000 6 5 iJN1463.cmd 5,2334144001E-7
1000 6 7 iMM904.cmd 3,3545353072E-7
1000 6 7 iJN1463.cmd 6,3537673285E-7
1000 6 11 iMM904.cmd 2,8826093281E-7
1000 6 11 iJN1463.cmd 5,1273032824E-7
1000 7 0 iMM904.cmd 2,0352082034E-7
1000 7 0 iJN1463.cmd 3,9494797551E-7
1000 7 2 iMM904.cmd 2,1390420629E-7
1000 7 2 iJN1463.cmd 4,2009280825E-7
1000 7 4 iMM904.cmd 2,022563251E-7
1000 7 4 iJN1463.cmd 4,1231010404E-7
1000 7 6 iMM904.cmd 2,2465747795E-7
1000 7 6 iJN1463.cmd 4,6036634546E-7
1000 8 1 iMM904.cmd 1,5479890786E-7
1000 8 1 iJN1463.cmd 3,0803923543E-7
1000 8 3 iMM904.cmd 1,5206099686E-7
1000 8 3 iJN1463.cmd 3,2497886259E-7
1000 8 5 iMM904.cmd 1,8112426799E-7
1000 8 5 iJN1463.cmd 3,8906078389E-7
1000 8 6 iMM904.cmd 1,77000903E-7
1000 8 6 iJN1463.cmd 3,8680420418E-7
1000 8 8 iMM904.cmd 1,2540777577E-7
1000 8 8 iJN1463.cmd 2,8283363707E-7
1000 8 9 iMM904.cmd 1,3586014546E-7
1000 8 9 iJN1463.cmd 2,9474051242E-7
1000 9 3 iMM904.cmd 1,0862412237E-7
1000 9 3 iJN1463.cmd 2,421884163E-7
1000 9 10 iMM904.cmd 1,1462126841E-7
1000 9 10 iJN1463.cmd 2,6568456246E-7
1000 10 4 iMM904.cmd 9,1311653248E-8
1000 10 4 iJN1463.cmd 2,2029281031E-7
1000 10 6 iMM904.cmd 9,2974808322E-8
1000 10 6 iJN1463.cmd 2,4013558734E-7
1000 10 7 iMM904.cmd 9,1676384176E-8
1000 10 7 iJN1463.cmd 2,3957614371E-7
1000 10 8 iMM904.cmd 9,2143139946E-8
1000 10 8 iJN1463.cmd 2,3621826713E-7
1000 10 9 iMM904.cmd 1,0117939742E-7
1000 10 9 iJN1463.cmd 2,4978635098E-7
1000 11 6 iMM904.cmd 6,791265879E-8
1000 11 6 iJN1463.cmd 1,8330906958E-7
1000 12 5 iMM904.cmd 4,1155640309E-8
1000 12 5 iJN1463.cmd 1,1427158663E-7
1000 12 7 iMM904.cmd 4,7479720772E-8
1000 12 7 iJN1463.cmd 1,3210959946E-7
1000 13 6 iMM904.cmd 3,3285124423E-8
1000 13 6 iJN1463.cmd 9,4573754115E-8
1000 7 5 iMM904.cmd 2,1589461425E-7
1000 7 5 iJN1463.cmd 4,4128982942E-7
1000 0 12 iMM904.cmd 4,1226376556E-7
1000 0 12 iJN1463.cmd 7,19366167E-7
1000 1 11 iMM904.cmd 5,7387404031E-7
1000 1 11 iJN1463.cmd 9,6984674003E-7
1000 4 9 iMM904.cmd 4,7981634328E-7
1000 4 9 iJN1463.cmd 8,4812244621E-7
1000 7 3 iMM904.cmd 1,9579416951E-7
1000 7 3 iJN1463.cmd 3,9577511259E-7
1000 11 7 iMM904.cmd 6,8397980289E-8
1000 11 7 iJN1463.cmd 1,8522225964E-7
1000 3 8 iMM904.cmd 5,1196410968E-7
1000 3 8 iJN1463.cmd 9,0653821198E-7
1000 2 14 iMM904.cmd 3,7730061509E-7
1000 2 14 iJN1463.cmd 6,6267078716E-7
1000 4 13 iMM904.cmd 4,0659979981E-7
1000 4 13 iJN1463.cmd 7,0117778083E-7
1000 10 3 iMM904.cmd 7,5387566986E-8
1000 10 3 iJN1463.cmd 1,7675164845E-7
1000 10 5 iMM904.cmd 8,2430810728E-8
1000 10 5 iJN1463.cmd 2,1294139193E-7
1000 3 6 iMM904.cmd 5,0740934514E-7
1000 3 6 iJN1463.cmd 9,068177351E-7
1000 5 5 iMM904.cmd 3,3251429858E-7
1000 5 5 iJN1463.cmd 6,2428556702E-7
1000 6 12 iMM904.cmd 2,8462485037E-7
1000 6 12 iJN1463.cmd 4,9824741539E-7
1000 8 0 iMM904.cmd 1,5225908813E-7
1000 8 0 iJN1463.cmd 3,01387211E-7
1000 8 10 iMM904.cmd 1,4226500403E-7
1000 8 10 iJN1463.cmd 3,000178275E-7
1000 10 10 iMM904.cmd 1,033950285E-7
1000 10 10 iJN1463.cmd 2,5048278557E-7
1000 6 0 iMM904.cmd 2,5772123864E-7
1000 6 0 iJN1463.cmd 4,9319237053E-7
1000 6 2 iMM904.cmd 2,4927543957E-7
1000 6 2 iJN1463.cmd 4,8111128243E-7
1000 6 4 iMM904.cmd 2,4975237791E-7
1000 6 4 iJN1463.cmd 4,8683486353E-7
1000 11 5 iMM904.cmd 6,344421459E-8
1000 11 5 iJN1463.cmd 1,7107780623E-7
1000 13 5 iMM904.cmd 2,8970854892E-8
1000 13 5 iJN1463.cmd 8,2299847044E-8
1000 13 7 iMM904.cmd 3,3553388486E-8
1000 13 7 iJN1463.cmd 9,5436245074E-8
1000 0 14 iMM904.cmd 2,9903936981E-7
1000 0 14 iJN1463.cmd 5,4342441317E-7
1000 11 8 iMM904.cmd 6,7231061454E-8
1000 11 8 iJN1463.cmd 1,8085149246E-7
1000 3 14 iMM904.cmd 3,5851002691E-7
1000 3 14 iJN1463.cmd 6,2943695236E-7
1000 4 10 iMM904.cmd 5,2658306522E-7
1000 4 10 iJN1463.cmd 9,155440299E-7
1000 7 8 iMM904.cmd 1,4300787529E-7
1000 7 8 iJN1463.cmd 3,0272142637E-7
1000 2 10 iMM904.cmd 6,1046945586E-7
1000 2 10 iJN1463.cmd 1,0375815297E-6
1000 3 10 iMM904.cmd 5,7600584844E-7
1000 3 10 iJN1463.cmd 9,9101771605E-7
1000 5 13 iMM904.cmd 3,2563277015E-7
1000 5 13 iJN1463.cmd 5,6457460464E-7
1000 6 9 iMM904.cmd 2,614290863E-7
1000 6 9 iJN1463.cmd 4,8612726233E-7
1000 9 2 iMM904.cmd 9,3513624062E-8
1000 9 2 iJN1463.cmd 2,0464639198E-7
1000 4 5 iMM904.cmd 3,9671709623E-7
1000 4 5 iJN1463.cmd 7,3029490642E-7
1000 6 10 iMM904.cmd 2,434138651E-7
1000 6 10 iJN1463.cmd 4,4813585714E-7
1000 7 9 iMM904.cmd 1,7897959696E-7
1000 7 9 iJN1463.cmd 3,5491603007E-7
1000 7 11 iMM904.cmd 2,3155935738E-7
1000 7 11 iJN1463.cmd 4,1849241809E-7
1000 9 1 iMM904.cmd 1,1468981591E-7
1000 9 1 iJN1463.cmd 2,3681975193E-7
1000 2 7 iMM904.cmd 5,8951879898E-7
1000 2 7 iJN1463.cmd 1,0376186297E-6
1000 5 1 iMM904.cmd 3,1333530878E-7
1000 5 1 iJN1463.cmd 5,9608542284E-7
1000 12 4 iMM904.cmd 2,7751572626E-8
1000 12 4 iJN1463.cmd 7,6848493515E-8
1000 12 8 iMM904.cmd 4,3871534478E-8
1000 12 8 iJN1463.cmd 1,2175667281E-7
1000 14 6 iMM904.cmd 2,6317581161E-8
1000 14 6 iJN1463.cmd 7,5784057372E-8
1000 3 9 iMM904.cmd 5,4645026339E-7
1000 3 9 iJN1463.cmd 9,5123822199E-7
1000 6 3 iMM904.cmd 2,2703504333E-7
1000 6 3 iJN1463.cmd 4,4561641025E-7
1000 0 11 iMM904.cmd 4,1862796528E-7
1000 0 11 iJN1463.cmd 7,2968652824E-7
1000 7 10 iMM904.cmd 1,9492509738E-7
1000 7 10 iJN1463.cmd 3,7242628723E-7
1000 1 10 iMM904.cmd 5,6778825488E-7
1000 1 10 iJN1463.cmd 9,6067102747E-7
1000 5 4 iMM904.cmd 3,1650216598E-7
1000 5 4 iJN1463.cmd 5,9705180152E-7
1000 10 2 iMM904.cmd 6,5273480407E-8
1000 10 2 iJN1463.cmd 1,5017832071E-7
1000 4 14 iMM904.cmd 3,0998450713E-7
1000 4 14 iJN1463.cmd 5,4564893735E-7
1000 6 13 iMM904.cmd 2,4840471581E-7
1000 6 13 iJN1463.cmd 4,3299634459E-7
1000 2 6 iMM904.cmd 6,0013306144E-7
1000 2 6 iJN1463.cmd 1,0517440714E-6
1000 3 5 iMM904.cmd 4,4614540167E-7
1000 3 5 iJN1463.cmd 8,1265809422E-7
1000 5 0 iMM904.cmd 3,1652298649E-7
1000 5 0 iJN1463.cmd 6,0222082942E-7
1000 7 12 iMM904.cmd 2,1919302644E-7
1000 7 12 iJN1463.cmd 3,86202515E-7
1000 9 0 iMM904.cmd 1,0623594454E-7
1000 9 0 iJN1463.cmd 2,1566317592E-7
1000 5 2 iMM904.cmd 3,0950213072E-7
1000 5 2 iJN1463.cmd 5,8857296889E-7
1000 13 4 iMM904.cmd 2,1510170779E-8
1000 13 4 iJN1463.cmd 6,0985901336E-8
1000 13 8 iMM904.cmd 3,1278936512E-8
1000 13 8 iJN1463.cmd 8,9310914469E-8
1000 14 5 iMM904.cmd 2,308504176E-8
1000 14 5 iJN1463.cmd 6,6471687054E-8
1000 14 7 iMM904.cmd 2,5835410474E-8
1000 14 7 iJN1463.cmd 7,4819318102E-8
1000 11 3 iMM904.cmd 4,2956570781E-8
1000 11 3 iJN1463.cmd 1,0398164576E-7
1000 2 9 iMM904.cmd 5,9884647542E-7
1000 2 9 iJN1463.cmd 1,0266994181E-6
1000 4 4 iMM904.cmd 3,8134233805E-7
1000 4 4 iJN1463.cmd 7,0925042695E-7
1000 5 14 iMM904.cmd 2,4922357281E-7
1000 5 14 iJN1463.cmd 4,4020311616E-7
1000 12 3 iMM904.cmd 2,5131916928E-8
1000 12 3 iJN1463.cmd 6,5521855103E-8
1000 4 1 iMM904.cmd 3,7264267521E-7
1000 4 1 iJN1463.cmd 7,0782147978E-7
1000 12 9 iMM904.cmd 3,4888178994E-8
1000 12 9 iJN1463.cmd 9,7261296825E-8
1000 0 10 iMM904.cmd 3,6764947671E-7
1000 0 10 iJN1463.cmd 6,5956696239E-7
1000 7 13 iMM904.cmd 1,8534801178E-7
1000 7 13 iJN1463.cmd 3,2486793299E-7
1000 11 2 iMM904.cmd 3,5898759753E-8
1000 11 2 iJN1463.cmd 8,5796323722E-8
1000 14 4 iMM904.cmd 1,7476221056E-8
1000 14 4 iJN1463.cmd 5,0472526307E-8
1000 14 8 iMM904.cmd 2,1390239357E-8
1000 14 8 iJN1463.cmd 6,4289052057E-8
1000 3 4 iMM904.cmd 4,2592856068E-7
1000 3 4 iJN1463.cmd 7,8903488772E-7
1000 6 14 iMM904.cmd 1,8964579717E-7
1000 6 14 iJN1463.cmd 3,3654195259E-7
1000 4 0 iMM904.cmd 3,764825665E-7
1000 4 0 iJN1463.cmd 7,1661610668E-7
1000 4 2 iMM904.cmd 3,705592038E-7
1000 4 2 iJN1463.cmd 6,9998709284E-7
1000 1 6 iMM904.cmd 5,943053369E-7
1000 1 6 iJN1463.cmd 1,0384127491E-6
1000 8 12 iMM904.cmd 1,7585037113E-7
1000 8 12 iJN1463.cmd 3,0809005397E-7
1000 10 0 iMM904.cmd 6,2379399932E-8
1000 10 0 iJN1463.cmd 1,2929512001E-7
1000 13 3 iMM904.cmd 1,6133540759E-8
1000 13 3 iJN1463.cmd 4,5199130211E-8
1000 4 3 iMM904.cmd 3,9095641184E-7
1000 4 3 iJN1463.cmd 7,3176507521E-7
1000 12 2 iMM904.cmd 1,9918078528E-8
1000 12 2 iJN1463.cmd 5,1137172545E-8
1000 3 1 iMM904.cmd 4,2236331285E-7
1000 3 1 iJN1463.cmd 8,0491688881E-7
1000 8 13 iMM904.cmd 1,3462193729E-7
1000 8 13 iJN1463.cmd 2,3744657043E-7
1000 7 14 iMM904.cmd 1,386980766E-7
1000 7 14 iJN1463.cmd 2,4808882454E-7
1000 3 3 iMM904.cmd 4,2118455231E-7
1000 3 3 iJN1463.cmd 7,8793640109E-7
1000 2 4 iMM904.cmd 4,478429971E-7
1000 2 4 iJN1463.cmd 8,3409798045E-7
1000 3 0 iMM904.cmd 4,2856530964E-7
1000 3 0 iJN1463.cmd 8,1903084345E-7
1000 3 2 iMM904.cmd 4,078439044E-7
1000 3 2 iJN1463.cmd 7,7058879931E-7
1000 0 9 iMM904.cmd 2,2820547655E-7
1000 0 9 iJN1463.cmd 4,8567554518E-7
1000 0 6 iMM904.cmd 3,4944589619E-7
1000 0 6 iJN1463.cmd 6,7253703664E-7
1000 1 5 iMM904.cmd 6,0836810474E-7
1000 1 5 iJN1463.cmd 1,0591502422E-6
1000 14 3 iMM904.cmd 1,1940190174E-8
1000 14 3 iJN1463.cmd 3,5580841423E-8
1000 11 1 iMM904.cmd 2,392353974E-8
1000 11 1 iJN1463.cmd 5,6801459033E-8
1000 11 0 iMM904.cmd 3,0229936067E-8
1000 11 0 iJN1463.cmd 6,7015701666E-8
1000 13 2 iMM904.cmd 1,1129895553E-8
1000 13 2 iJN1463.cmd 3,2509460567E-8
1000 14 9 iMM904.cmd 1,0325479802E-8
1000 14 9 iJN1463.cmd 4,2360236029E-8
1000 2 1 iMM904.cmd 4,5310935811E-7
1000 2 1 iJN1463.cmd 8,7035242521E-7
1000 8 14 iMM904.cmd 9,6850942286E-8
1000 8 14 iJN1463.cmd 1,7601008425E-7
1000 2 3 iMM904.cmd 4,4599261681E-7
1000 2 3 iJN1463.cmd 8,351398244E-7
1000 9 13 iMM904.cmd 8,1744407053E-8
1000 9 13 iJN1463.cmd 1,4800038962E-7
1000 0 5 iMM904.cmd 3,5678211712E-7
1000 0 5 iJN1463.cmd 6,8214744804E-7
1000 2 0 iMM904.cmd 4,5392188392E-7
1000 2 0 iJN1463.cmd 8,7337272718E-7
1000 12 1 iMM904.cmd 1,4518663052E-8
1000 12 1 iJN1463.cmd 3,7763587771E-8
1000 0 7 iMM904.cmd 2,158468804E-7
1000 0 7 iJN1463.cmd 4,893117786E-7
1000 12 0 iMM904.cmd 1,4443389533E-8
1000 12 0 iJN1463.cmd 3,6301439008E-8
1000 1 3 iMM904.cmd 4,1244572508E-7
1000 1 3 iJN1463.cmd 7,8972092231E-7
1000 1 1 iMM904.cmd 4,1208304546E-7
1000 1 1 iJN1463.cmd 8,0851422796E-7
1000 9 14 iMM904.cmd 6,0906290348E-8
1000 9 14 iJN1463.cmd 1,150864143E-7
1000 1 0 iMM904.cmd 4,103857965E-7
1000 1 0 iJN1463.cmd 8,0887050609E-7
1000 10 13 iMM904.cmd 4,9485422983E-8
1000 10 13 iJN1463.cmd 9,4931415752E-8
1000 14 2 iMM904.cmd 7,0952383318E-9
1000 14 2 iJN1463.cmd 2,4270987252E-8
1000 0 8 iMM904.cmd 2,5409263534E-7
1000 0 8 iJN1463.cmd 5,9879177415E-7
1000 0 4 iMM904.cmd 2,2880727812E-7
1000 0 4 iJN1463.cmd 4,923396998E-7
1000 14 10 iMM904.cmd 2,74319189E-9
1000 14 10 iJN1463.cmd 3,2314279122E-8
1000 1 2 iMM904.cmd 4,0848884616E-7
1000 1 2 iJN1463.cmd 7,9453104151E-7
1000 0 3 iMM904.cmd 2,5467870899E-7
1000 0 3 iJN1463.cmd 5,5073657978E-7
1000 13 1 iMM904.cmd 7,3706535902E-9
1000 13 1 iJN1463.cmd 2,3805191698E-8
1000 0 1 iMM904.cmd 2,6459817617E-7
1000 0 1 iJN1463.cmd 5,9150876473E-7
1000 0 0 iMM904.cmd 2,6441133131E-7
1000 0 0 iJN1463.cmd 5,942213412E-7
1000 10 14 iMM904.cmd 3,5861001298E-8
1000 10 14 iJN1463.cmd 7,3128285329E-8
1000 11 13 iMM904.cmd 2,849274886E-8
1000 11 13 iJN1463.cmd 6,2856524389E-8
1000 0 2 iMM904.cmd 2,621193184E-7
1000 0 2 iJN1463.cmd 5,7851924058E-7
1000 13 0 iMM904.cmd 5,9912141359E-9
1000 13 0 iJN1463.cmd 2,0831925572E-8
1000 11 14 iMM904.cmd 1,8741097587E-8
1000 11 14 iJN1463.cmd 4,4174894738E-8
1000 14 11 iMM904.cmd 0E0
1000 14 11 iJN1463.cmd 2,8894148113E-8
1000 11 12 iMM904.cmd 1,4634812113E-8
1000 11 12 iJN1463.cmd 4,8408138479E-8
1000 1 8 iMM904.cmd 5,1599413951E-7
1000 1 8 iJN1463.cmd 1,0936845479E-6
1000 14 1 iMM904.cmd 3,3969173443E-9
1000 14 1 iJN1463.cmd 1,7337644371E-8
1000 11 11 iMM904.cmd 8,2708553964E-9
1000 11 11 iJN1463.cmd 4,4444007359E-8
1000 12 12 iMM904.cmd 6,3713190619E-9
1000 12 12 iJN1463.cmd 3,9173515987E-8
1000 14 12 iMM904.cmd 0E0
1000 14 12 iJN1463.cmd 2,6898777334E-8
1000 12 11 iMM904.cmd 4,3031761775E-9
1000 12 11 iJN1463.cmd 4,1999920557E-8
1000 13 12 iMM904.cmd 0E0
1000 13 12 iJN1463.cmd 3,0393757674E-8
1000 12 14 iMM904.cmd 5,5849492853E-9
1000 12 14 iJN1463.cmd 1,975821072E-8
1000 14 0 iMM904.cmd 1,0337947791E-10
1000 14 0 iJN1463.cmd 1,4836979033E-8
1000 14 13 iMM904.cmd 0E0
1000 14 13 iJN1463.cmd 2,0865111231E-8
1000 13 13 iMM904.cmd 0E0
1000 13 13 iJN1463.cmd 2,2581791014E-8
1000 13 14 iMM904.cmd 0E0
1000 13 14 iJN1463.cmd 1,284192702E-8
1000 14 14 iMM904.cmd 0E0
1000 14 14 iJN1463.cmd 1,0368742885E-8
