0	1,5E-7	1,5E-7
1	1,5806543195E-7	1,5799144764E-7
2	1,6655632052E-7	1,6640190608E-7
3	1,7616289628E-7	1,7585752568E-7
4	1,8674645867E-7	1,8620532576E-7
5	1,9822972764E-7	1,9735910028E-7
6	2,1058487308E-7	2,093151052E-7
7	2,2383722845E-7	2,2209910989E-7
8	2,3803257576E-7	2,3573055929E-7
9	2,5321511611E-7	2,5023780742E-7
10	2,694383079E-7	2,6566941925E-7
11	2,8674587055E-7	2,8206677261E-7
12	3,0518610057E-7	2,9947968182E-7
13	3,2482118277E-7	3,1796563156E-7
14	3,4571914174E-7	3,375868706E-7
15	3,6795949703E-7	3,5841218398E-7
16	3,9162014868E-7	3,8051149505E-7
17	4,1679131449E-7	4,039623503E-7
18	4,4356891864E-7	4,2884699707E-7
19	4,7168392456E-7	4,5519997864E-7
20	5,0036564993E-7	4,8298981154E-7
21	5,295513673E-7	5,1229009025E-7
22	5,5932187559E-7	5,4319820793E-7
23	5,8974986486E-7	5,7581525626E-7
24	6,2086812186E-7	6,1025109808E-7
25	6,5279799471E-7	6,4656570059E-7
26	6,8564812085E-7	6,8477561331E-7
27	7,1943564727E-7	7,2499760031E-7
28	7,5418481858E-7	7,67328141E-7
29	7,90104409E-7	8,1189302281E-7
30	8,2718529114E-7	8,5898208474E-7
31	8,6525293676E-7	9,0856027509E-7
32	9,0409193025E-7	9,6079143089E-7
33	9,4301418914E-7	1,0157742429E-6
34	9,8159431427E-7	1,0737528824E-6
35	1,0203227875E-6	1,1347031985E-6
36	1,0594665438E-6	1,1984415521E-6
37	1,0990475247E-6	1,2652168795E-6
38	1,1392975182E-6	1,3351210242E-6
39	1,1803107537E-6	1,4084202996E-6
40	1,222035882E-6	1,4853278572E-6
41	1,2644780284E-6	1,5660954552E-6
42	1,3077800434E-6	1,6510020543E-6
43	1,3520288111E-6	1,7403248243E-6
44	1,3972898476E-6	1,8343301314E-6
45	1,4434954302E-6	1,9332235993E-6
46	1,4906569872E-6	2,0370586521E-6
47	1,5391361291E-6	2,1461193825E-6
48	1,5888021514E-6	2,2607826637E-6
49	1,6395973165E-6	2,3813515675E-6
50	1,6917026653E-6	2,5081443051E-6
51	1,7451831221E-6	2,6415089393E-6
52	1,8010710898E-6	2,7815378677E-6
53	1,8584206998E-6	2,9289897842E-6
54	1,9173499377E-6	3,0837481928E-6
55	1,9779275023E-6	3,2462834143E-6
56	2,0402279829E-6	3,4169273541E-6
57	2,1042177143E-6	3,5959361031E-6
58	2,169938822E-6	3,7834637372E-6
59	2,2374413813E-6	3,9797723924E-6
60	2,3067836216E-6	4,1852750619E-6
61	2,3780252475E-6	4,4005727982E-6
62	2,4512311475E-6	4,6259570983E-6
63	2,5265286265E-6	4,8617649615E-6
64	2,6038686234E-6	5,1083262347E-6
65	2,6834186945E-6	5,3659761313E-6
66	2,7652124659E-6	5,6345094833E-6
67	2,8493107847E-6	5,914309751E-6
68	2,9357977004E-6	6,2055573147E-6
69	3,0246653219E-6	6,5089559266E-6
70	3,1159668461E-6	6,8251204192E-6
71	3,2097833812E-6	7,154783911E-6
72	3,3064018905E-6	7,4939061432E-6
73	3,4058723312E-6	7,849312999E-6
74	3,507805194E-6	8,221060529E-6
75	3,6125712538E-6	8,6091610667E-6
76	3,7204826653E-6	9,0142549398E-6
77	3,8311759658E-6	9,4373046295E-6
78	3,9449075885E-6	9,8789821675E-6
79	4,061758827E-6	1,0339040259E-5
80	4,181978327E-6	1,0816993409E-5
81	4,3054976682E-6	1,1311421085E-5
82	4,4322715829E-6	1,1823336971E-5
83	4,5623485092E-6	1,2350889899E-5
84	4,6955811733E-6	1,289093103E-5
85	4,8308261267E-6	1,3432861405E-5
86	4,9675941584E-6	1,3982109666E-5
87	5,1048095008E-6	1,4532323646E-5
88	5,2404975454E-6	1,5076681038E-5
89	5,3739861419E-6	1,5608578759E-5
90	5,5041723651E-6	1,6122771358E-5
91	5,6291269581E-6	1,6617900489E-5
92	5,7499371208E-6	1,7092466293E-5
93	5,8651074035E-6	1,754560119E-5
94	5,9755169791E-6	1,796563404E-5
95	6,0804493952E-6	1,8345622835E-5
96	6,1809948381E-6	1,8680151743E-5
97	6,2770058822E-6	1,8973569455E-5
98	6,3699514523E-6	1,9238218404E-5
99	6,4599998883E-6	1,9478214791E-5
100	6,5468402055E-6	1,9697977542E-5
101	6,6290736838E-6	1,9902639638E-5
102	6,70793983E-6	2,0094573629E-5
103	6,7848194407E-6	2,0276050366E-5
104	6,8599782459E-6	2,0449747493E-5
105	6,9340525829E-6	2,0616778549E-5
106	7,0069052431E-6	2,0777935741E-5
107	7,0786857314E-6	2,0934748886E-5
108	7,1497177883E-6	2,1088396337E-5
109	7,2203537432E-6	2,1239610634E-5
110	7,2907186879E-6	2,1389408197E-5
111	7,3623008421E-6	2,1536573645E-5
112	7,4338388161E-6	2,1681413903E-5
113	7,5061688465E-6	2,1824859045E-5
114	7,5784985515E-6	2,1967706315E-5
115	7,6500020441E-6	2,2110053647E-5
116	7,7206924749E-6	2,2254529133E-5
117	7,7914254688E-6	2,239805992E-5
118	7,8626780717E-6	2,2539796613E-5
119	7,9340384271E-6	2,2680825099E-5
120	8,0054576628E-6	2,2821107752E-5
121	8,0771005584E-6	2,2960819814E-5
122	8,1477158599E-6	2,3100923547E-5
123	8,2183679383E-6	2,3240592244E-5
124	8,288130999E-6	2,3380667438E-5
125	8,3593111905E-6	2,3518910149E-5
126	8,4295720271E-6	2,3660580614E-5
127	8,5002516336E-6	2,3799006598E-5
128	8,5708567372E-6	2,3936303689E-5
129	8,642339928E-6	2,4072956975E-5
130	8,7138990822E-6	2,4209272174E-5
131	8,78570567E-6	2,4345767794E-5
132	8,8558744269E-6	2,448386531E-5
133	8,9250354696E-6	2,4623870321E-5
134	8,993323251E-6	2,4764003168E-5
135	9,0636384734E-6	2,4901300217E-5
136	9,1348773296E-6	2,5036530427E-5
137	9,2065297536E-6	2,5170832713E-5
138	9,2781541694E-6	2,5304779647E-5
139	9,3492609961E-6	2,5439331111E-5
140	9,4200474522E-6	2,5575232321E-5
141	9,4916271303E-6	2,5710127684E-5
142	9,5608363588E-6	2,5847525339E-5
143	9,6306563215E-6	2,5983267833E-5
144	9,6999224345E-6	2,6118840593E-5
145	9,7691156827E-6	2,6253898218E-5
146	9,8395592568E-6	2,6387872439E-5
147	9,909011026E-6	2,6523673821E-5
148	9,9781512449E-6	2,6660639122E-5
149	1,0047095546E-5	2,6797664242E-5
150	1,0115736903E-5	2,6933658768E-5
151	1,0183887366E-5	2,7069220325E-5
152	1,0252193132E-5	2,7202747525E-5
153	1,0320656173E-5	2,7336197257E-5
154	1,0388869106E-5	2,7469690399E-5
155	1,0456052972E-5	2,7604379015E-5
156	1,0524667861E-5	2,7737598555E-5
157	1,0594067644E-5	2,7869369695E-5
158	1,0662459971E-5	2,8003217806E-5
159	1,0732214031E-5	2,8136718259E-5
160	1,0803019488E-5	2,8267568225E-5
161	1,0872920485E-5	2,8399703256E-5
162	1,0944007817E-5	2,8529067117E-5
163	1,1012019537E-5	2,8661980681E-5
164	1,1082012702E-5	2,8791472819E-5
165	1,1153174227E-5	2,8919821082E-5
166	1,1225007603E-5	2,9047761002E-5
167	1,1294070997E-5	2,9178515705E-5
168	1,1363934605E-5	2,930849966E-5
169	1,1434656381E-5	2,9439246188E-5
170	1,1503104801E-5	2,9571629468E-5
171	1,1573711853E-5	2,969972852E-5
172	1,1642449661E-5	2,9832511917E-5
173	1,1713641635E-5	2,9961369574E-5
174	1,178430063E-5	3,0089943454E-5
175	1,1856552204E-5	3,0216980426E-5
176	1,1927627148E-5	3,0344800466E-5
177	1,1997960132E-5	3,0473502123E-5
178	1,2067629761E-5	3,0602852016E-5
179	1,2137417034E-5	3,0731953933E-5
180	1,2206794025E-5	3,0860778252E-5
181	1,2277351463E-5	3,0988746944E-5
182	1,2346309471E-5	3,1117828473E-5
183	1,2415364042E-5	3,1246230853E-5
184	1,2484041125E-5	3,1375808586E-5
185	1,255182626E-5	3,1505815477E-5
186	1,2620307861E-5	3,1634339789E-5
187	1,268898523E-5	3,1762607405E-5
188	1,2755975174E-5	3,1892173318E-5
189	1,2822457592E-5	3,2022320869E-5
190	1,2888608398E-5	3,2152710522E-5
191	1,2954469628E-5	3,2282629167E-5
192	1,3021466674E-5	3,2411452399E-5
193	1,3087765154E-5	3,2541011154E-5
194	1,3153890748E-5	3,2670853655E-5
195	1,3219317522E-5	3,2801092939E-5
196	1,3285300094E-5	3,2930624832E-5
197	1,3351173989E-5	3,3060551353E-5
198	1,3416140697E-5	3,3189662747E-5
199	1,3480630949E-5	3,3319880183E-5
200	1,3548015858E-5	3,3446618985E-5
201	1,3613330358E-5	3,3575674596E-5
202	1,3680261481E-5	3,3702593156E-5
203	1,3745313264E-5	3,3831369436E-5
204	1,3811037725E-5	3,3959183285E-5
205	1,3876976525E-5	3,4086634789E-5
206	1,3940816909E-5	3,4216309674E-5
207	1,400748426E-5	3,4344259656E-5
208	1,4074351835E-5	3,4473608131E-5
209	1,4140602899E-5	3,4601695858E-5
210	1,4206170791E-5	3,4730492067E-5
211	1,4271567829E-5	3,4859447381E-5
212	1,4335487128E-5	3,4987325538E-5
213	1,4400300185E-5	3,5115121776E-5
214	1,4464151517E-5	3,5242789315E-5
215	1,4527724433E-5	3,5370412287E-5
216	1,4591218061E-5	3,5498579085E-5
217	1,4654615475E-5	3,562680498E-5
218	1,4717399211E-5	3,5755558778E-5
219	1,4779380275E-5	3,5883605928E-5
220	1,484151845E-5	3,6010593215E-5
221	1,4904940624E-5	3,6137965709E-5
222	1,4967959517E-5	3,6264134699E-5
223	1,5031571367E-5	3,6392393008E-5
224	1,5094114734E-5	3,6520769776E-5
225	1,5156498041E-5	3,6647759968E-5
226	1,5218717889E-5	3,6773883291E-5
227	1,527987004E-5	3,6902394056E-5
228	1,5342482663E-5	3,702932475E-5
229	1,5406319649E-5	3,7154952758E-5
230	1,5470118091E-5	3,7280257758E-5
231	1,55344001E-5	3,7405266027E-5
232	1,5596999834E-5	3,7531878956E-5
233	1,5659493808E-5	3,7658624965E-5
234	1,572224856E-5	3,778647099E-5
235	1,5785974095E-5	3,7911510516E-5
236	1,5850134168E-5	3,8036232121E-5
237	1,5914085222E-5	3,8160999863E-5
238	1,5977781959E-5	3,8286411072E-5
239	1,6041283625E-5	3,8411411907E-5
240	1,610275666E-5	3,8538121345E-5
241	1,6163687589E-5	3,866445533E-5
242	1,6226742284E-5	3,8788726335E-5
243	1,6290974458E-5	3,8911536944E-5
244	1,6353147681E-5	3,9036605051E-5
245	1,6415641507E-5	3,9160185615E-5
246	1,6476238272E-5	3,9286725916E-5
247	1,6537670874E-5	3,9411360777E-5
248	1,659949512E-5	3,9535340698E-5
249	1,6662072081E-5	3,965840208E-5
250	1,6724673141E-5	3,9781887112E-5
251	1,6787748765E-5	3,9904389646E-5
252	1,6851093921E-5	4,0026397548E-5
253	1,691438001E-5	4,0148821502E-5
254	1,6975850747E-5	4,0273391327E-5
255	1,7036360837E-5	4,0398795157E-5
256	1,7097843563E-5	4,0523122895E-5
257	1,7159597705E-5	4,0646953794E-5
258	1,7220956992E-5	4,0770808591E-5
259	1,7281446739E-5	4,0895367012E-5
260	1,7341651647E-5	4,1019823085E-5
261	1,7404584376E-5	4,1140800152E-5
262	1,746602436E-5	4,1263245535E-5
263	1,7526614672E-5	4,1386126109E-5
264	1,7587950459E-5	4,1508196151E-5
265	1,7649434758E-5	4,1629750109E-5
266	1,7712123401E-5	4,1749699769E-5
267	1,7775379854E-5	4,186816089E-5
268	1,7835945357E-5	4,1989550931E-5
269	1,7896073871E-5	4,2112510704E-5
270	1,7958554777E-5	4,2232249461E-5
271	1,8021598249E-5	4,235118001E-5
272	1,8084594902E-5	4,2469184023E-5
273	1,8145771723E-5	4,2589000037E-5
274	1,8207288004E-5	4,270790947E-5
275	1,8270130218E-5	4,2826515453E-5
276	1,8336458194E-5	4,294138813E-5
277	1,8398879111E-5	4,3058959537E-5
278	1,8457920395E-5	4,3180361246E-5
279	1,8518190403E-5	4,3300360218E-5
280	1,858138501E-5	4,3417571229E-5
281	1,8644658793E-5	4,3534938158E-5
282	1,8709100426E-5	4,3650867121E-5
283	1,8771438347E-5	4,3768783297E-5
284	1,8832982141E-5	4,3887016166E-5
285	1,8896702939E-5	4,4002355678E-5
286	1,8961280012E-5	4,4117040204E-5
287	1,902564029E-5	4,4231164693E-5
288	1,9088756128E-5	4,4345385253E-5
289	1,9151934493E-5	4,4459033269E-5
290	1,9215416444E-5	4,4573379919E-5
291	1,9278537899E-5	4,4688305581E-5
292	1,9341674426E-5	4,4803299766E-5
293	1,9405594623E-5	4,4917243719E-5
294	1,9468240811E-5	4,5032199486E-5
295	1,9527829363E-5	4,5149803772E-5
296	1,9589565502E-5	4,5267325924E-5
297	1,9651806316E-5	4,5382461286E-5
298	1,9712904385E-5	4,5499311453E-5
299	1,9773152543E-5	4,5616031117E-5
300	1,9832723317E-5	4,5733354047E-5
301	1,989002092E-5	4,5852640098E-5
302	1,9949191215E-5	4,5968971378E-5
303	2,0006688868E-5	4,6092135138E-5
304	2,0067422164E-5	4,6209156985E-5
305	2,0128483928E-5	4,6323800723E-5
306	2,0190555635E-5	4,6436661841E-5
307	2,0252057606E-5	4,6549184721E-5
308	2,0309862598E-5	4,6665761873E-5
309	2,0366676442E-5	4,6782733066E-5
310	2,0426576298E-5	4,6896525402E-5
311	2,048740888E-5	4,7009520546E-5
312	2,0548776178E-5	4,7121522339E-5
313	2,06098375E-5	4,7233589279E-5
314	2,0668813922E-5	4,7347679616E-5
315	2,0725611112E-5	4,7464006518E-5
316	2,0785082431E-5	4,7577586886E-5
317	2,0842409869E-5	4,7692744112E-5
318	2,0901570566E-5	4,7806561372E-5
319	2,0958907719E-5	4,7922589427E-5
320	2,1017526637E-5	4,8036941417E-5
321	2,1078691895E-5	4,8147582296E-5
322	2,1134949509E-5	4,826250801E-5
323	2,1194217709E-5	4,8374376642E-5
324	2,12522134E-5	4,8487222238E-5
325	2,1312132851E-5	4,8597496151E-5
326	2,1368280154E-5	4,8712502053E-5
327	2,1427098985E-5	4,8824178068E-5
328	2,1486557152E-5	4,8934488523E-5
329	2,1544854733E-5	4,9045905157E-5
330	2,1602293999E-5	4,915834902E-5
331	2,1661707284E-5	4,9267984266E-5
332	2,1721202335E-5	4,9376508536E-5
333	2,1777976114E-5	4,9487612469E-5
334	2,1837481163E-5	4,9597358088E-5
335	2,1896550174E-5	4,9707731055E-5
336	2,1952852248E-5	4,982067169E-5
337	2,2011706975E-5	4,9929985334E-5
338	2,2075071756E-5	5,0038997347E-5
339	2,2136315898E-5	5,0147319831E-5
340	2,2196454691E-5	5,0255546769E-5
341	2,2257544643E-5	5,036546225E-5
342	2,2318888211E-5	5,0472639217E-5
343	2,2378067653E-5	5,0581311766E-5
344	2,2437903932E-5	5,06882053E-5
345	2,2497894838E-5	5,0793529585E-5
346	2,2554290364E-5	5,0902671727E-5
347	2,2613857074E-5	5,101021404E-5
348	2,2671403472E-5	5,1118796009E-5
349	2,272961341E-5	5,1225222725E-5
350	2,2787387387E-5	5,1332412396E-5
351	2,2847273909E-5	5,143721584E-5
352	2,2903988437E-5	5,1545168582E-5
353	2,296042919E-5	5,1652507684E-5
354	2,3019434869E-5	5,1757082788E-5
355	2,3077015345E-5	5,1862868448E-5
356	2,3136726038E-5	5,1964935051E-5
357	2,3190774566E-5	5,2072302202E-5
358	2,3246385949E-5	5,2177900882E-5
359	2,330210287E-5	5,2283457336E-5
360	2,3357228453E-5	5,2394109582E-5
361	2,3416043223E-5	5,2497172558E-5
362	2,3475777761E-5	5,2599124996E-5
363	2,3531030578E-5	5,2705002969E-5
364	2,359016721E-5	5,2806451721E-5
365	2,3648233616E-5	5,2911918843E-5
366	2,370498093E-5	5,3017825043E-5
367	2,3762984126E-5	5,3120966965E-5
368	2,3821745071E-5	5,3223727451E-5
369	2,3881616872E-5	5,3329860516E-5
370	2,3936477587E-5	5,3439900426E-5
371	2,3996165482E-5	5,3541726692E-5
372	2,4056003751E-5	5,364068053E-5
373	2,4118530187E-5	5,3737204007E-5
374	2,417661612E-5	5,3839373706E-5
375	2,4236350953E-5	5,3939002435E-5
376	2,4299827188E-5	5,4034602994E-5
377	2,4357182877E-5	5,4140139539E-5
378	2,4416455279E-5	5,4239674821E-5
379	2,4472053004E-5	5,4342217862E-5
380	2,4527033314E-5	5,4446448241E-5
381	2,4581930788E-5	5,4560121898E-5
382	2,4636238343E-5	5,4666929789E-5
383	2,4690642014E-5	5,4774502488E-5
384	2,4747265194E-5	5,48738811E-5
385	2,4806176292E-5	5,4972390598E-5
386	2,4863246207E-5	5,5072039652E-5
387	2,492407133E-5	5,5170650191E-5
388	2,4983882576E-5	5,5267713491E-5
389	2,5042661817E-5	5,5364032926E-5
390	2,5104539589E-5	5,5458341896E-5
391	2,5162878654E-5	5,5554865878E-5
392	2,5221994795E-5	5,5651544508E-5
393	2,5281733623E-5	5,5744513528E-5
394	2,5342052299E-5	5,5838938731E-5
395	2,5397969834E-5	5,5935489906E-5
396	2,5456672324E-5	5,6028545744E-5
397	2,5511361501E-5	5,6125881656E-5
398	2,5566393667E-5	5,6222659379E-5
399	2,5621891411E-5	5,6318979749E-5
400	2,5677709845E-5	5,6413314927E-5
401	2,57324145E-5	5,6510567388E-5
402	2,5787342743E-5	5,6605621678E-5
403	2,5843611385E-5	5,6702109137E-5
404	2,5901951634E-5	5,6795293059E-5
405	2,5959337892E-5	5,6888833421E-5
406	2,6015734351E-5	5,6984923886E-5
407	2,6074794892E-5	5,7078012597E-5
408	2,6132440356E-5	5,7171857806E-5
409	2,6188619386E-5	5,726623064E-5
410	2,624358755E-5	5,7363115149E-5
411	2,6298241228E-5	5,7460520815E-5
412	2,6355008698E-5	5,75579155E-5
413	2,6411906352E-5	5,7650138074E-5
414	2,6467175449E-5	5,7744731295E-5
415	2,6520785398E-5	5,7841341654E-5
416	2,6571683699E-5	5,7940681833E-5
417	2,662399502E-5	5,8037045779E-5
418	2,6679443429E-5	5,8128936908E-5
419	2,6736131491E-5	5,822018919E-5
420	2,6793314932E-5	5,8310875931E-5
421	2,6853753473E-5	5,8398134036E-5
422	2,6907766563E-5	5,8490417197E-5
423	2,6963476276E-5	5,8582016778E-5
424	2,7017455383E-5	5,8674248349E-5
425	2,7069053264E-5	5,8768516352E-5
426	2,7123779838E-5	5,8859525897E-5
427	2,717065166E-5	5,8958666004E-5
428	2,7224359796E-5	5,9048898207E-5
429	2,727186236E-5	5,9144772647E-5
430	2,7327482444E-5	5,92324136E-5
431	2,737949622E-5	5,9325370049E-5
432	2,7425923706E-5	5,942389564E-5
433	2,7482403156E-5	5,9510067823E-5
434	2,7533434802E-5	5,9604057432E-5
435	2,7587411638E-5	5,969507321E-5
436	2,7636975107E-5	5,9791115818E-5
437	2,7691987293E-5	5,987937618E-5
438	2,7748701544E-5	5,9970941132E-5
439	2,7803565467E-5	6,0062194394E-5
440	2,785166473E-5	6,0157857559E-5
441	2,7907327031E-5	6,0245989986E-5
442	2,7966516101E-5	6,0329851875E-5
443	2,8022503838E-5	6,041588402E-5
444	2,8075104535E-5	6,0505342567E-5
445	2,8133459065E-5	6,0588837399E-5
446	2,8180001763E-5	6,0685704506E-5
447	2,8229965374E-5	6,0778678223E-5
448	2,8280769223E-5	6,0869926956E-5
449	2,8324034419E-5	6,0967901246E-5
450	2,8380011716E-5	6,1051630981E-5
451	2,8432349043E-5	6,1137537655E-5
452	2,8480517817E-5	6,1227432996E-5
453	2,8530410487E-5	6,1318495526E-5
454	2,8585458935E-5	6,1408413082E-5
455	2,8637572709E-5	6,1496188232E-5
456	2,8686929309E-5	6,1588291039E-5
457	2,873706111E-5	6,1685047542E-5
458	2,8780763041E-5	6,1783782281E-5
459	2,8827056624E-5	6,1875258949E-5
460	2,8877949964E-5	6,1960427552E-5
461	2,8930226609E-5	6,2045216456E-5
462	2,8978233239E-5	6,2132794984E-5
463	2,9028672758E-5	6,2221395339E-5
464	2,9080566436E-5	6,2308889603E-5
465	2,913188152E-5	6,2395118461E-5
466	2,918135295E-5	6,2481845925E-5
467	2,9224336451E-5	6,2573179974E-5
468	2,9277228549E-5	6,26524652E-5
469	2,9324456106E-5	6,2736955246E-5
470	2,937048809E-5	6,2822078662E-5
471	2,9414878311E-5	6,2909664487E-5
472	2,9457891629E-5	6,299831711E-5
473	2,9505932898E-5	6,3084263985E-5
474	2,9554343433E-5	6,317011074E-5
475	2,9600866332E-5	6,3258200376E-5
476	2,9650154074E-5	6,3342772742E-5
477	2,9695844362E-5	6,3429709637E-5
478	2,9748449619E-5	6,3510393015E-5
479	2,9798702815E-5	6,3593816741E-5
480	2,9849125318E-5	6,3674761608E-5
481	2,9892729997E-5	6,3764227433E-5
482	2,994325879E-5	6,3846298532E-5
483	2,999518362E-5	6,3926374273E-5
484	3,0040526776E-5	6,4015611863E-5
485	3,0089450718E-5	6,4099870534E-5
486	3,0139581572E-5	6,4183001457E-5
487	3,0187583991E-5	6,4273192448E-5
488	3,0235274652E-5	6,4355813072E-5
489	3,0281269146E-5	6,4440604342E-5
490	3,0327158298E-5	6,4522837818E-5
491	3,0374157179E-5	6,4603380801E-5
492	3,0422593677E-5	6,4686497339E-5
493	3,0470025102E-5	6,4766497973E-5
494	3,0516965897E-5	6,4847215704E-5
495	3,0563001933E-5	6,4927705575E-5
496	3,0608532812E-5	6,5008573033E-5
497	3,0654900059E-5	6,5096353382E-5
498	3,0703440251E-5	6,5177695225E-5
499	3,0752961178E-5	6,5255369586E-5
500	3,0802452623E-5	6,5333756183E-5
501	3,08475424E-5	6,5414920675E-5
502	3,089559837E-5	6,54916274E-5
503	3,0941803037E-5	6,5571377039E-5
504	3,0988058141E-5	6,5648880513E-5
505	3,1033002394E-5	6,5726353501E-5
506	3,1079853188E-5	6,5805531858E-5
507	3,11236542E-5	6,5888815679E-5
508	3,116644608E-5	6,5970061691E-5
509	3,1210810815E-5	6,6047877611E-5
510	3,1253480083E-5	6,6127724429E-5
511	3,1296776186E-5	6,6207259298E-5
512	3,1341269866E-5	6,6285767687E-5
513	3,1390509252E-5	6,6363843766E-5
514	3,1438345764E-5	6,6447093269E-5
515	3,1481046638E-5	6,6525970495E-5
516	3,1528405598E-5	6,6600190379E-5
517	3,1574869852E-5	6,6676995543E-5
518	3,1623871478E-5	6,6751622738E-5
519	3,167233747E-5	6,6825654807E-5
520	3,1716788807E-5	6,6904432048E-5
521	3,1762259192E-5	6,6980380226E-5
522	3,1801599895E-5	6,7061461358E-5
523	3,1844206981E-5	6,7139144353E-5
524	3,1890426821E-5	6,7212910113E-5
525	3,1939345828E-5	6,7284764004E-5
526	3,1989576585E-5	6,7354674177E-5
527	3,2036698188E-5	6,7427367059E-5
528	3,2084507009E-5	6,7501944426E-5
529	3,2131538394E-5	6,7576520556E-5
530	3,2175852435E-5	6,7654899021E-5
531	3,2221793008E-5	6,7727991821E-5
532	3,2271103461E-5	6,7796474105E-5
533	3,2316803814E-5	6,7869377925E-5
534	3,2362014799E-5	6,7941376371E-5
535	3,2409586218E-5	6,8010405348E-5
536	3,2456376658E-5	6,8079010285E-5
537	3,2499497277E-5	6,8154093788E-5
538	3,2545994997E-5	6,8226546811E-5
539	3,2594833962E-5	6,8297812624E-5
540	3,264164971E-5	6,8371174184E-5
541	3,2684831647E-5	6,8449639787E-5
542	3,2729436712E-5	6,8528161087E-5
543	3,2775916373E-5	6,8601399301E-5
544	3,2822781789E-5	6,8674270123E-5
545	3,2866165199E-5	6,8748304404E-5
546	3,2913429114E-5	6,8818114565E-5
547	3,2966557814E-5	6,8883961602E-5
548	3,3013189453E-5	6,8958059386E-5
549	3,305955784E-5	6,9029373691E-5
550	3,3106190642E-5	6,9097496582E-5
551	3,3145912681E-5	6,916742915E-5
552	3,3191260813E-5	6,9237556766E-5
553	3,3236382059E-5	6,9307274121E-5
554	3,3279091424E-5	6,9380858793E-5
555	3,3324337509E-5	6,9450983198E-5
556	3,3376744072E-5	6,951385301E-5
557	3,3422991229E-5	6,9578674789E-5
558	3,347213751E-5	6,9642249363E-5
559	3,3516333285E-5	6,9709695924E-5
560	3,3560488363E-5	6,977753587E-5
561	3,360556577E-5	6,9845668869E-5
562	3,3648937632E-5	6,9912421828E-5
563	3,3691066135E-5	6,9981886367E-5
564	3,3735485659E-5	7,0048942801E-5
565	3,3781645603E-5	7,0116789428E-5
566	3,3825310753E-5	7,018430733E-5
567	3,3868800888E-5	7,0253231135E-5
568	3,3913344563E-5	7,0321044941E-5
569	3,3959454687E-5	7,0385833423E-5
570	3,4003562907E-5	7,0451794226E-5
571	3,4046795028E-5	7,0519181135E-5
572	3,4090048578E-5	7,0585507616E-5
573	3,4131793188E-5	7,0651796991E-5
574	3,4173269384E-5	7,0720148522E-5
575	3,4214226141E-5	7,0788130215E-5
576	3,4254430818E-5	7,0855952987E-5
577	3,4296295796E-5	7,0922600679E-5
578	3,4338331938E-5	7,0988263719E-5
579	3,4381303989E-5	7,1052076214E-5
580	3,442142973E-5	7,1120121835E-5
581	3,4465899649E-5	7,1183072991E-5
582	3,4511563245E-5	7,124548511E-5
583	3,4553491846E-5	7,1311915995E-5
584	3,4597022164E-5	7,1376348011E-5
585	3,4643146043E-5	7,1441244723E-5
586	3,468532785E-5	7,1503963428E-5
587	3,4728947909E-5	7,1567913536E-5
588	3,4771514639E-5	7,1637071969E-5
589	3,4811534452E-5	7,1704154557E-5
590	3,4853219404E-5	7,1766252807E-5
591	3,4894749317E-5	7,1827803373E-5
592	3,4936495064E-5	7,1892719919E-5
593	3,4979206089E-5	7,1953977605E-5
594	3,5020816157E-5	7,2012799178E-5
595	3,5064163445E-5	7,2072605601E-5
596	3,5109369561E-5	7,2131359723E-5
597	3,5156202863E-5	7,218888872E-5
598	3,5201593876E-5	7,2248721454E-5
599	3,5247453857E-5	7,230817422E-5
600	3,5289599785E-5	7,2371888487E-5
601	3,5332552081E-5	7,2432162807E-5
602	3,5375646308E-5	7,249180257E-5
603	3,5414815401E-5	7,2554474208E-5
604	3,5453807953E-5	7,2618442178E-5
605	3,5495059817E-5	7,2679100296E-5
606	3,5534999645E-5	7,2740358469E-5
607	3,557135281E-5	7,2799837321E-5
608	3,5610908384E-5	7,2860799743E-5
609	3,5651844502E-5	7,2918345022E-5
610	3,5695165916E-5	7,2972662101E-5
611	3,5733789426E-5	7,3032344673E-5
612	3,5773877647E-5	7,3090512206E-5
613	3,5815419265E-5	7,3146908076E-5
614	3,5853049889E-5	7,3208917777E-5
615	3,5886572914E-5	7,3270332623E-5
616	3,5920632731E-5	7,3331182008E-5
617	3,5960910308E-5	7,338773852E-5
618	3,6000261503E-5	7,3445871138E-5
619	3,6040817015E-5	7,3501098834E-5
620	3,6076956112E-5	7,356076972E-5
621	3,611395994E-5	7,3620141821E-5
622	3,6150258244E-5	7,3678331138E-5
623	3,6184172652E-5	7,3737490756E-5
624	3,6222095283E-5	7,379361222E-5
625	3,6259799185E-5	7,3850040149E-5
626	3,6294267617E-5	7,3909470395E-5
627	3,6330504762E-5	7,3969876244E-5
628	3,6366631125E-5	7,4028936783E-5
629	3,6405539312E-5	7,4085529233E-5
630	3,6447928256E-5	7,4138582824E-5
631	3,6484758525E-5	7,4193588409E-5
632	3,6519179025E-5	7,4252071824E-5
633	3,6559270056E-5	7,4308533624E-5
634	3,6602714569E-5	7,4370448455E-5
635	3,6641613661E-5	7,442641286E-5
636	3,6680103062E-5	7,447980565E-5
637	3,6717304085E-5	7,4539477299E-5
638	3,6760174999E-5	7,4592973157E-5
639	3,6803157548E-5	7,4648413595E-5
640	3,6841355038E-5	7,4704194319E-5
641	3,688216485E-5	7,4758104524E-5
642	3,6922668161E-5	7,4809832721E-5
643	3,6963682636E-5	7,4861818407E-5
644	3,7007292525E-5	7,4912258508E-5
645	3,7048747551E-5	7,496583987E-5
646	3,7085640988E-5	7,5016944744E-5
647	3,7125533399E-5	7,5069545746E-5
648	3,716452159E-5	7,5123520258E-5
649	3,7207627994E-5	7,5174079175E-5
650	3,7250557353E-5	7,5224662233E-5
651	3,7292458002E-5	7,5275866794E-5
652	3,7332254276E-5	7,5324311444E-5
653	3,7373068592E-5	7,5368326062E-5
654	3,7414572318E-5	7,5418074866E-5
655	3,745691542E-5	7,5467027455E-5
656	3,749701137E-5	7,5518173602E-5
657	3,7539618233E-5	7,5566847321E-5
658	3,7582885501E-5	7,5615022543E-5
659	3,7624201709E-5	7,5666019296E-5
660	3,7663163194E-5	7,5718721766E-5
661	3,7701983138E-5	7,5774979823E-5
662	3,7738821209E-5	7,5830720057E-5
663	3,7776016023E-5	7,5884691921E-5
664	3,7812682334E-5	7,5939419617E-5
665	3,7851972584E-5	7,5991092906E-5
666	3,7891316087E-5	7,6042947135E-5
667	3,7931866525E-5	7,6095012075E-5
668	3,7985414668E-5	7,6164274931E-5
669	3,8025371171E-5	7,6218897078E-5
670	3,8063389131E-5	7,6268653349E-5
671	3,810087529E-5	7,6323212362E-5
672	3,8138525028E-5	7,6376256315E-5
673	3,8176662282E-5	7,6429014507E-5
674	3,8215718432E-5	7,6482069214E-5
675	3,8266632778E-5	7,6551295201E-5
676	3,8314540134E-5	7,6609137488E-5
677	3,8357581558E-5	7,6663124365E-5
678	3,8396571949E-5	7,6715339362E-5
679	3,8436949959E-5	7,6763425415E-5
680	3,8476300347E-5	7,6811570697E-5
681	3,8514784429E-5	7,6860944326E-5
682	3,8554005949E-5	7,6908481647E-5
683	3,8594773233E-5	7,6952847441E-5
684	3,8635793246E-5	7,6997282378E-5
685	3,8675935704E-5	7,7045109686E-5
686	3,8716631743E-5	7,7092888493E-5
687	3,8757242763E-5	7,7137501209E-5
688	3,8795912742E-5	7,7181174856E-5
689	3,8835010493E-5	7,722462386E-5
690	3,8872842702E-5	7,7270163974E-5
691	3,8903156337E-5	7,7307407374E-5
692	3,894041966E-5	7,7349379279E-5
693	3,8973464543E-5	7,7396223723E-5
694	3,9006147976E-5	7,7435031892E-5
695	3,9043044892E-5	7,7476704199E-5
696	3,9081365215E-5	7,7520126458E-5
697	3,9121275577E-5	7,7563497954E-5
698	3,9158334565E-5	7,7610635689E-5
699	3,9195514142E-5	7,765693558E-5
700	3,923543319E-5	7,769972216E-5
701	3,9275308013E-5	7,7743155228E-5
702	3,9315259034E-5	7,7785961793E-5
703	3,9352606033E-5	7,7831589078E-5
704	3,9388080617E-5	7,7878409055E-5
705	3,9426660094E-5	7,7924078501E-5
706	3,9466539298E-5	7,7966546271E-5
707	3,9505719492E-5	7,8009843172E-5
708	3,9542009805E-5	7,8056251133E-5
709	3,9577113067E-5	7,809643998E-5
710	3,9610858752E-5	7,8144444802E-5
711	3,9649198913E-5	7,8189755854E-5
712	3,9682650744E-5	7,8240740083E-5
713	3,9717475772E-5	7,8288328331E-5
714	3,9754573836E-5	7,8330891175E-5
715	3,9793805194E-5	7,8371646523E-5
716	3,9833156533E-5	7,8412098683E-5
717	3,9868589324E-5	7,8454598419E-5
718	3,9901815057E-5	7,849454541E-5
719	3,9938408381E-5	7,8536301625E-5
720	3,9975249831E-5	7,8578579555E-5
721	4,0012694305E-5	7,8620678809E-5
722	4,0043925325E-5	7,866744725E-5
723	4,0075615257E-5	7,8710386309E-5
724	4,0109951102E-5	7,8756673765E-5
725	4,0146355783E-5	7,8801545785E-5
726	4,0180379588E-5	7,8843477303E-5
727	4,0218212787E-5	7,8883120043E-5
728	4,0252405955E-5	7,8925257585E-5
729	4,0286943881E-5	7,8969297195E-5
730	4,0323113357E-5	7,9009290342E-5
731	4,0357441735E-5	7,9052036508E-5
732	4,0393059782E-5	7,9095392566E-5
733	4,043049602E-5	7,9134779715E-5
734	4,0468239592E-5	7,9173632754E-5
735	4,050604326E-5	7,9212212407E-5
736	4,054325831E-5	7,9251039569E-5
737	4,0579950105E-5	7,9289611807E-5
738	4,0617114333E-5	7,9327716503E-5
739	4,0653886278E-5	7,9366152336E-5
740	4,0689939388E-5	7,9403503106E-5
741	4,0725194677E-5	7,944366321E-5
742	4,075912101E-5	7,9485774569E-5
743	4,0795412326E-5	7,9523772366E-5
744	4,0826453608E-5	7,9566578686E-5
745	4,0859548473E-5	7,9608718366E-5
746	4,0892461199E-5	7,9651810282E-5
747	4,0927436826E-5	7,9693219245E-5
748	4,0962721766E-5	7,973248799E-5
749	4,0996452103E-5	7,97722324E-5
750	4,1032309171E-5	7,9809490801E-5
751	4,1067996044E-5	7,9846939424E-5
752	4,1103990066E-5	7,9883838483E-5
753	4,1136315962E-5	7,992209601E-5
754	4,1170155663E-5	7,9960655078E-5
755	4,1203614327E-5	7,9999065242E-5
756	4,1237210983E-5	8,0039815049E-5
757	4,1270529543E-5	8,0081393036E-5
758	4,1301391861E-5	8,0121758295E-5
759	4,1332421942E-5	8,0159163898E-5
760	4,1358207268E-5	8,0196659455E-5
761	4,1388616338E-5	8,0236068295E-5
762	4,1419976522E-5	8,0277484639E-5
763	4,1448889355E-5	8,0316812261E-5
764	4,1477911189E-5	8,0359756948E-5
765	4,1498426019E-5	8,0401100746E-5
766	4,1518233895E-5	8,0441492609E-5
767	4,1548880448E-5	8,0476477827E-5
768	4,1580928125E-5	8,0512651896E-5
769	4,1609278021E-5	8,0553795928E-5
770	4,1639247298E-5	8,0593412263E-5
771	4,1661421243E-5	8,0642335534E-5
772	4,1682300216E-5	8,0681657121E-5
773	4,1716653455E-5	8,0733260602E-5
774	4,1747665618E-5	8,0775982028E-5
775	4,1780358473E-5	8,0813341364E-5
776	4,1811172077E-5	8,0849542121E-5
777	4,1843080103E-5	8,0887262128E-5
778	4,1872865749E-5	8,0923784206E-5
779	4,1903105772E-5	8,0960670123E-5
780	4,1928051637E-5	8,0998382337E-5
781	4,1949553731E-5	8,1039564129E-5
782	4,1970981917E-5	8,1087815847E-5
783	4,2002130049E-5	8,1125799487E-5
784	4,2033318631E-5	8,1163126092E-5
785	4,2065513123E-5	8,1198608675E-5
786	4,2096677997E-5	8,1231260931E-5
787	4,2122918869E-5	8,1269864731E-5
788	4,2147441511E-5	8,1309757162E-5
789	4,2167709197E-5	8,1350538868E-5
790	4,2192189859E-5	8,1390944529E-5
791	4,2216439973E-5	8,1431111161E-5
792	4,2241632748E-5	8,1470137049E-5
793	4,2272243535E-5	8,1504699361E-5
794	4,2302595276E-5	8,1539553227E-5
795	4,2327188176E-5	8,1577925376E-5
796	4,2350670454E-5	8,1621491518E-5
797	4,2368013216E-5	8,1654467023E-5
798	4,2391205098E-5	8,169354643E-5
799	4,240536519E-5	8,1724407949E-5
800	4,2427753723E-5	8,1760223469E-5
801	4,2455156388E-5	8,179696591E-5
802	4,2486697092E-5	8,1829023617E-5
803	4,2514360352E-5	8,1862482482E-5
804	4,2540397594E-5	8,1902887067E-5
805	4,2563188171E-5	8,1945305451E-5
806	4,2587239586E-5	8,1979868409E-5
807	4,2615526027E-5	8,2014513866E-5
808	4,264350809E-5	8,2050199237E-5
809	4,2667585687E-5	8,2090299812E-5
810	4,2689025141E-5	8,2132012163E-5
811	4,2712084667E-5	8,217143511E-5
812	4,2734268311E-5	8,2210869805E-5
813	4,2759227163E-5	8,2246770683E-5
814	4,2782729099E-5	8,2286906529E-5
815	4,2802797354E-5	8,2325605232E-5
816	4,2820404488E-5	8,2365614245E-5
817	4,2835610973E-5	8,2405589734E-5
818	4,284859079E-5	8,2448110719E-5
819	4,2867559988E-5	8,2486484935E-5
820	4,2894886139E-5	8,2515535122E-5
821	4,2922850276E-5	8,2544309697E-5
822	4,2951532069E-5	8,2577021229E-5
823	4,2978304382E-5	8,2609897455E-5
824	4,3002263718E-5	8,2645572182E-5
825	4,3022831988E-5	8,2682245624E-5
826	4,3049469364E-5	8,2713657933E-5
827	4,3086900028E-5	8,2753043817E-5
828	4,311633117E-5	8,2787259387E-5
829	4,3141110759E-5	8,282090482E-5
830	4,3168074438E-5	8,2849959604E-5
831	4,3194605761E-5	8,2878923594E-5
832	4,3214548735E-5	8,2914567017E-5
833	4,3233405376E-5	8,2950500831E-5
834	4,3246894597E-5	8,2990717214E-5
835	4,3260050457E-5	8,3030726271E-5
836	4,3271459543E-5	8,3072454067E-5
837	4,328236006E-5	8,3114797229E-5
838	4,329309685E-5	8,3157315657E-5
839	4,3303730589E-5	8,3199776919E-5
840	4,3327432543E-5	8,3230305835E-5
841	4,3353401106E-5	8,3258854737E-5
842	4,3378289883E-5	8,3287972021E-5
843	4,3400517886E-5	8,3320182064E-5
844	4,3424107797E-5	8,3351729779E-5
845	4,3449052215E-5	8,3379068427E-5
846	4,3476100544E-5	8,3411212455E-5
847	4,3510074014E-5	8,3453634652E-5
848	4,3561444635E-5	8,3527877402E-5
849	4,3591619477E-5	8,3571382102E-5
850	4,3620378186E-5	8,3611140709E-5
851	4,3643936833E-5	8,3649057131E-5
852	4,3668824858E-5	8,3681704754E-5
853	4,3686414364E-5	8,3717868209E-5
854	4,3711590184E-5	8,3745400071E-5
855	4,3735455985E-5	8,3777663686E-5
856	4,3761842226E-5	8,3805964574E-5
857	4,3779555879E-5	8,3838083786E-5
858	4,3799412518E-5	8,3874302454E-5
859	4,3817488012E-5	8,3909036773E-5
860	4,3835588991E-5	8,3951646424E-5
861	4,3849166654E-5	8,3993952387E-5
862	4,3861135413E-5	8,4037025128E-5
863	4,3874397235E-5	8,4079756001E-5
864	4,389495834E-5	8,4114472885E-5
865	4,3908421231E-5	8,4150414895E-5
866	4,3919667196E-5	8,4188308527E-5
867	4,3929408372E-5	8,4227498255E-5
868	4,3938726825E-5	8,4267096823E-5
869	4,3962829628E-5	8,4294206679E-5
870	4,3985919274E-5	8,432366067E-5
871	4,4009508501E-5	8,4352408964E-5
872	4,4024118552E-5	8,4386381338E-5
873	4,4043633893E-5	8,4415942527E-5
874	4,406786161E-5	8,4441375639E-5
875	4,409315665E-5	8,4465861081E-5
876	4,4107844319E-5	8,4500827278E-5
877	4,4122814717E-5	8,4533572635E-5
878	4,4132561145E-5	8,4570575669E-5
879	4,4141528658E-5	8,4608960967E-5
880	4,4154269595E-5	8,464339305E-5
881	4,4174212181E-5	8,4672434505E-5
882	4,4192018242E-5	8,4699781357E-5
883	4,4212304729E-5	8,4725289162E-5
884	4,4232459226E-5	8,4753113918E-5
885	4,4249668404E-5	8,4778682567E-5
886	4,4270003128E-5	8,4803432609E-5
887	4,4292594119E-5	8,4827449011E-5
888	4,4312131501E-5	8,4855326002E-5
889	4,4331232534E-5	8,4883929196E-5
890	4,4354637737E-5	8,4907682506E-5
891	4,4378326147E-5	8,4930908826E-5
892	4,4401652508E-5	8,4954127956E-5
893	4,4425781392E-5	8,4978028727E-5
894	4,4446684224E-5	8,5005282848E-5
895	4,4467094849E-5	8,5032069466E-5
896	4,4487610123E-5	8,5057033965E-5
897	4,4506955339E-5	8,5084178239E-5
898	4,4528768419E-5	8,5111102725E-5
899	4,4546428301E-5	8,5141030799E-5
900	4,4563250321E-5	8,5171311291E-5
901	4,4579972369E-5	8,5201348131E-5
902	4,458387394E-5	8,5239651166E-5
903	4,4596104547E-5	8,5273380987E-5
904	4,4619831363E-5	8,5296174331E-5
905	4,4643628547E-5	8,53191983E-5
906	4,4662436301E-5	8,5346238424E-5
907	4,4679929628E-5	8,5374623781E-5
908	4,4700297365E-5	8,5400671005E-5
909	4,4719087444E-5	8,5428739884E-5
910	4,4739629715E-5	8,5454870178E-5
911	4,4756208511E-5	8,5479398171E-5
912	4,477725395E-5	8,550717968E-5
913	4,4795231749E-5	8,5536049415E-5
914	4,4811832518E-5	8,5564081241E-5
915	4,4834003273E-5	8,5585799339E-5
916	4,4856723377E-5	8,5606831464E-5
917	4,4870359768E-5	8,5634597238E-5
918	4,4885994305E-5	8,5664808383E-5
919	4,4906984706E-5	8,5689514375E-5
920	4,4929141079E-5	8,5710854401E-5
921	4,4951317064E-5	8,5732097889E-5
922	4,4966881219E-5	8,5760390986E-5
923	4,4986424021E-5	8,5786509134E-5
924	4,5007782271E-5	8,581381415E-5
925	4,5028145654E-5	8,5838450888E-5
926	4,5043350045E-5	8,5867219535E-5
927	4,5058738598E-5	8,58914769E-5
928	4,5071367839E-5	8,5920950982E-5
929	4,5089742489E-5	8,5944821392E-5
930	4,5101238045E-5	8,5973056868E-5
931	4,5116392823E-5	8,5999736269E-5
932	4,5126099333E-5	8,6032754974E-5
933	4,5136543827E-5	8,6064670829E-5
934	4,5145863183E-5	8,6095886362E-5
935	4,5153221533E-5	8,6127059439E-5
936	4,5163631167E-5	8,6156932203E-5
937	4,5176076977E-5	8,6183562525E-5
938	4,5191702072E-5	8,6205359383E-5
939	4,52077756E-5	8,6225847838E-5
940	4,5227127787E-5	8,6245897136E-5
941	4,5247681272E-5	8,6265381876E-5
942	4,5268326968E-5	8,6284945793E-5
943	4,5282492288E-5	8,6312100098E-5
944	4,5299212889E-5	8,6336333061E-5
945	4,5319075401E-5	8,6356715526E-5
946	4,5339440186E-5	8,6376375241E-5
947	4,5357483102E-5	8,6398398194E-5
948	4,537446758E-5	8,6421951155E-5
949	4,5394154079E-5	8,6442042992E-5
950	4,5414351632E-5	8,6461783703E-5
951	4,5429880174E-5	8,6486165758E-5
952	4,5446749608E-5	8,6509492767E-5
953	4,546303721E-5	8,6532898244E-5
954	4,5482534931E-5	8,6553155573E-5
955	4,550236766E-5	8,6572398624E-5
956	4,5522401086E-5	8,6591865916E-5
957	4,554097936E-5	8,6612870693E-5
958	4,5559046771E-5	8,6633906503E-5
959	4,5577525995E-5	8,6654697655E-5
960	4,5597131285E-5	8,667425146E-5
961	4,5616858876E-5	8,6693518785E-5
962	4,5636605555E-5	8,6712690741E-5
963	4,5654821451E-5	8,6733347298E-5
964	4,5673166076E-5	8,6753808332E-5
965	4,5691429432E-5	8,6774185767E-5
966	4,5710688683E-5	8,6793371505E-5
967	4,5730030568E-5	8,681227479E-5
968	4,574938737E-5	8,6831083203E-5
969	4,5768647741E-5	8,684980564E-5
970	4,5787505956E-5	8,6869199533E-5
971	4,5806599026E-5	8,688795511E-5
972	4,5825797797E-5	8,6906740637E-5
973	4,5846313368E-5	8,6926774268E-5
974	4,5864697143E-5	8,6947619756E-5
975	4,588521879E-5	8,6969549671E-5
976	4,5906460229E-5	8,6992295398E-5
977	4,5919312897E-5	8,7019499097E-5
978	4,5938971285E-5	8,7043586455E-5
979	4,5952670187E-5	8,7075667995E-5
980	4,5964534119E-5	8,7107037717E-5
981	4,5972409494E-5	8,7137852113E-5
982	4,5980125991E-5	8,7170937362E-5
983	4,5990818102E-5	8,7199247183E-5
984	4,6000393828E-5	8,7226403145E-5
985	4,6006456572E-5	8,7255279366E-5
986	4,6019263844E-5	8,7276170787E-5
987	4,6031054087E-5	8,7297677678E-5
988	4,6042198152E-5	8,7320488603E-5
989	4,6051034148E-5	8,7346416863E-5
990	4,6064392542E-5	8,7367718428E-5
991	4,6076507325E-5	8,7388978889E-5
992	4,6088506786E-5	8,7409935999E-5
993	4,6099189667E-5	8,7432492466E-5
994	4,6108657315E-5	8,7456834993E-5
995	4,612035006E-5	8,7478778642E-5
996	4,6136965479E-5	8,7496305387E-5
997	4,6154235337E-5	8,7513105595E-5
998	4,6171908636E-5	8,7530445218E-5
999	4,6188321273E-5	8,7547578924E-5
1000	4,6205962107E-5	8,7564806493E-5
