0 13 11 iMM904.cmd 1E-8
0 13 11 iJN1463.cmd 1E-9
0 11 8 iMM904.cmd 1E-8
0 11 8 iJN1463.cmd 1E-9
0 6 11 iMM904.cmd 1E-8
0 6 11 iJN1463.cmd 1E-9
0 14 14 iMM904.cmd 1E-8
0 14 14 iJN1463.cmd 1E-9
0 8 8 iMM904.cmd 1E-8
0 8 8 iJN1463.cmd 1E-9
0 2 7 iMM904.cmd 1E-8
0 2 7 iJN1463.cmd 1E-9
0 2 12 iMM904.cmd 1E-8
0 2 12 iJN1463.cmd 1E-9
0 5 3 iMM904.cmd 1E-8
0 5 3 iJN1463.cmd 1E-9
0 2 4 iMM904.cmd 1E-8
0 2 4 iJN1463.cmd 1E-9
0 11 5 iMM904.cmd 1E-8
0 11 5 iJN1463.cmd 1E-9
0 3 3 iMM904.cmd 1E-8
0 3 3 iJN1463.cmd 1E-9
0 2 3 iMM904.cmd 1E-8
0 2 3 iJN1463.cmd 1E-9
0 9 3 iMM904.cmd 1E-8
0 9 3 iJN1463.cmd 1E-9
0 9 14 iMM904.cmd 1E-8
0 9 14 iJN1463.cmd 1E-9
0 11 7 iMM904.cmd 1E-8
0 11 7 iJN1463.cmd 1E-9
500 13 11 iMM904.cmd 1,624557208E-7
500 13 11 iJN1463.cmd 1,4029864133E-7
500 11 8 iMM904.cmd 2,4096738071E-7
500 11 8 iJN1463.cmd 2,0610777601E-7
500 6 11 iMM904.cmd 3,4090255674E-7
500 6 11 iJN1463.cmd 4,1128305474E-7
500 14 14 iMM904.cmd 4,3830462214E-8
500 14 14 iJN1463.cmd 2,4557148613E-8
500 8 8 iMM904.cmd 2,040552056E-7
500 8 8 iJN1463.cmd 1,8604211413E-7
500 2 7 iMM904.cmd 5,5245730698E-7
500 2 7 iJN1463.cmd 7,1735820885E-7
500 2 12 iMM904.cmd 5,211517373E-7
500 2 12 iJN1463.cmd 6,8632600909E-7
500 5 3 iMM904.cmd 4,1279701197E-7
500 5 3 iJN1463.cmd 4,8357086843E-7
500 2 4 iMM904.cmd 6,3329655569E-7
500 2 4 iJN1463.cmd 8,0229839057E-7
500 11 5 iMM904.cmd 2,0971843687E-7
500 11 5 iJN1463.cmd 1,6787481196E-7
500 3 3 iMM904.cmd 6,2229005247E-7
500 3 3 iJN1463.cmd 7,7464926203E-7
500 2 3 iMM904.cmd 6,2871690503E-7
500 2 3 iJN1463.cmd 7,9918875471E-7
500 9 3 iMM904.cmd 1,5016807065E-7
500 9 3 iJN1463.cmd 1,2908172795E-7
500 9 14 iMM904.cmd 3,2494863499E-8
500 9 14 iJN1463.cmd 2,2019501585E-8
500 11 7 iMM904.cmd 2,9230815974E-7
500 11 7 iJN1463.cmd 2,5361411324E-7
500 1 3 iMM904.cmd 5,1995496627E-7
500 1 3 iJN1463.cmd 6,6534629072E-7
500 1 4 iMM904.cmd 5,2910035142E-7
500 1 4 iJN1463.cmd 6,7435164753E-7
500 1 7 iMM904.cmd 4,8494140096E-7
500 1 7 iJN1463.cmd 6,3493076017E-7
500 1 12 iMM904.cmd 4,8015252426E-7
500 1 12 iJN1463.cmd 6,3729380398E-7
500 2 2 iMM904.cmd 5,6482091286E-7
500 2 2 iJN1463.cmd 7,3197784634E-7
500 2 5 iMM904.cmd 6,1073244997E-7
500 2 5 iJN1463.cmd 7,7704453241E-7
500 2 6 iMM904.cmd 6,0137165833E-7
500 2 6 iJN1463.cmd 7,6716368971E-7
500 2 8 iMM904.cmd 5,0941038727E-7
500 2 8 iJN1463.cmd 6,7180510378E-7
500 2 11 iMM904.cmd 5,1433925071E-7
500 2 11 iJN1463.cmd 6,7095799881E-7
500 2 13 iMM904.cmd 4,3534354136E-7
500 2 13 iJN1463.cmd 5,7554057778E-7
500 3 2 iMM904.cmd 5,7652588333E-7
500 3 2 iJN1463.cmd 7,3754154353E-7
500 3 4 iMM904.cmd 6,1450518051E-7
500 3 4 iJN1463.cmd 7,640975867E-7
500 3 7 iMM904.cmd 4,8945268792E-7
500 3 7 iJN1463.cmd 6,3286357453E-7
500 3 12 iMM904.cmd 4,6190485777E-7
500 3 12 iJN1463.cmd 6,0408649986E-7
500 4 3 iMM904.cmd 5,430237823E-7
500 4 3 iJN1463.cmd 6,527949461E-7
500 5 4 iMM904.cmd 3,4863628326E-7
500 5 4 iJN1463.cmd 4,1296153328E-7
500 5 11 iMM904.cmd 3,7188657226E-7
500 5 11 iJN1463.cmd 4,688872328E-7
500 6 3 iMM904.cmd 2,8298170337E-7
500 6 3 iJN1463.cmd 3,216791081E-7
500 6 12 iMM904.cmd 3,2327582536E-7
500 6 12 iJN1463.cmd 3,9913548029E-7
500 7 8 iMM904.cmd 1,926898088E-7
500 7 8 iJN1463.cmd 1,9790275174E-7
500 7 11 iMM904.cmd 2,3698478857E-7
500 7 11 iJN1463.cmd 2,6955845611E-7
500 8 3 iMM904.cmd 1,5503151408E-7
500 8 3 iJN1463.cmd 1,4879332664E-7
500 8 7 iMM904.cmd 1,7431709858E-7
500 8 7 iJN1463.cmd 1,4808122446E-7
500 8 9 iMM904.cmd 2,0362400598E-7
500 8 9 iJN1463.cmd 1,9207852704E-7
500 8 14 iMM904.cmd 4,2745266122E-8
500 8 14 iJN1463.cmd 3,7643005701E-8
500 9 2 iMM904.cmd 1,1174360532E-7
500 9 2 iJN1463.cmd 9,8958991431E-8
500 9 4 iMM904.cmd 1,5773162117E-7
500 9 4 iJN1463.cmd 1,298154804E-7
500 9 8 iMM904.cmd 2,2517237395E-7
500 9 8 iJN1463.cmd 1,929860723E-7
500 9 13 iMM904.cmd 6,1322654969E-8
500 9 13 iJN1463.cmd 6,0582697007E-8
500 10 3 iMM904.cmd 1,3166830451E-7
500 10 3 iJN1463.cmd 1,0714184968E-7
500 10 5 iMM904.cmd 1,8276060505E-7
500 10 5 iJN1463.cmd 1,458759539E-7
500 10 7 iMM904.cmd 2,489849828E-7
500 10 7 iJN1463.cmd 2,0806530146E-7
500 10 8 iMM904.cmd 2,547485452E-7
500 10 8 iJN1463.cmd 2,1272676241E-7
500 10 14 iMM904.cmd 2,5327587849E-8
500 10 14 iJN1463.cmd 1,5427316509E-8
500 11 4 iMM904.cmd 1,555363254E-7
500 11 4 iJN1463.cmd 1,1918979107E-7
500 11 6 iMM904.cmd 2,6631441653E-7
500 11 6 iJN1463.cmd 2,2512350685E-7
500 11 9 iMM904.cmd 1,6742888108E-7
500 11 9 iJN1463.cmd 1,4049917128E-7
500 12 5 iMM904.cmd 1,87523836E-7
500 12 5 iJN1463.cmd 1,4234134741E-7
500 12 8 iMM904.cmd 1,6272793065E-7
500 12 8 iJN1463.cmd 1,3578210206E-7
500 12 11 iMM904.cmd 1,2249711603E-7
500 12 11 iJN1463.cmd 1,0712252277E-7
500 13 12 iMM904.cmd 1,2269810725E-7
500 13 12 iJN1463.cmd 1,0422934575E-7
500 13 14 iMM904.cmd 4,0037151866E-8
500 13 14 iJN1463.cmd 2,5356271506E-8
500 14 11 iMM904.cmd 1,4422378346E-7
500 14 11 iJN1463.cmd 1,1864633041E-7
500 14 13 iMM904.cmd 7,5066330992E-8
500 14 13 iJN1463.cmd 5,3985688209E-8
500 4 4 iMM904.cmd 5,1249254349E-7
500 4 4 iJN1463.cmd 6,1844470975E-7
500 10 4 iMM904.cmd 1,5967763724E-7
500 10 4 iJN1463.cmd 1,2591338591E-7
500 10 6 iMM904.cmd 2,1525044975E-7
500 10 6 iJN1463.cmd 1,7608817568E-7
500 3 5 iMM904.cmd 6,0816190742E-7
500 3 5 iJN1463.cmd 7,6655346611E-7
500 9 7 iMM904.cmd 1,9824857261E-7
500 9 7 iJN1463.cmd 1,6577872006E-7
500 14 12 iMM904.cmd 1,2138973058E-7
500 14 12 iJN1463.cmd 9,7271718671E-8
500 1 2 iMM904.cmd 4,651670285E-7
500 1 2 iJN1463.cmd 6,0683833396E-7
500 1 5 iMM904.cmd 5,0972458084E-7
500 1 5 iJN1463.cmd 6,5241535809E-7
500 1 8 iMM904.cmd 4,5969999822E-7
500 1 8 iJN1463.cmd 6,0938353355E-7
500 1 13 iMM904.cmd 4,0040196534E-7
500 1 13 iJN1463.cmd 5,3162576757E-7
500 3 6 iMM904.cmd 5,718605158E-7
500 3 6 iJN1463.cmd 7,2705354506E-7
500 3 8 iMM904.cmd 4,4750917139E-7
500 3 8 iJN1463.cmd 5,8728402167E-7
500 3 11 iMM904.cmd 4,601698486E-7
500 3 11 iJN1463.cmd 5,9905991184E-7
500 3 13 iMM904.cmd 3,8250792613E-7
500 3 13 iJN1463.cmd 5,0241369438E-7
500 5 12 iMM904.cmd 3,4509779429E-7
500 5 12 iJN1463.cmd 4,3798460468E-7
500 6 4 iMM904.cmd 2,388877309E-7
500 6 4 iJN1463.cmd 2,7722580757E-7
500 7 3 iMM904.cmd 1,8070398954E-7
500 7 3 iJN1463.cmd 1,9302469889E-7
500 7 9 iMM904.cmd 1,8627748238E-7
500 7 9 iJN1463.cmd 1,9076304912E-7
500 8 2 iMM904.cmd 1,1750386061E-7
500 8 2 iJN1463.cmd 1,1243067839E-7
500 9 5 iMM904.cmd 1,4458460445E-7
500 9 5 iJN1463.cmd 1,181692151E-7
500 12 4 iMM904.cmd 1,3721860748E-7
500 12 4 iJN1463.cmd 1,0065416244E-7
500 12 9 iMM904.cmd 1,2916514066E-7
500 12 9 iJN1463.cmd 1,0605065971E-7
500 12 12 iMM904.cmd 9,3644609463E-8
500 12 12 iJN1463.cmd 8,1043582476E-8
500 10 2 iMM904.cmd 9,1786541848E-8
500 10 2 iJN1463.cmd 7,5951478465E-8
500 11 3 iMM904.cmd 1,0640246781E-7
500 11 3 iJN1463.cmd 8,1798958571E-8
500 13 13 iMM904.cmd 7,2042954396E-8
500 13 13 iJN1463.cmd 5,6808423147E-8
500 0 3 iMM904.cmd 2,6938033727E-7
500 0 3 iJN1463.cmd 3,0652434896E-7
500 2 1 iMM904.cmd 4,6921292549E-7
500 2 1 iJN1463.cmd 6,2833026506E-7
500 3 1 iMM904.cmd 4,521591506E-7
500 3 1 iJN1463.cmd 6,0251287656E-7
500 7 10 iMM904.cmd 2,0104357736E-7
500 7 10 iJN1463.cmd 2,1516821459E-7
500 0 4 iMM904.cmd 2,7122930026E-7
500 0 4 iJN1463.cmd 3,0628416547E-7
500 0 12 iMM904.cmd 1,9633875062E-7
500 0 12 iJN1463.cmd 2,2929143175E-7
500 2 10 iMM904.cmd 4,8151780565E-7
500 2 10 iJN1463.cmd 6,3271250738E-7
500 4 11 iMM904.cmd 4,0172710919E-7
500 4 11 iJN1463.cmd 5,1891491745E-7
500 6 13 iMM904.cmd 2,1356125391E-7
500 6 13 iJN1463.cmd 2,6913292976E-7
500 8 11 iMM904.cmd 1,358305846E-7
500 8 11 iJN1463.cmd 1,5226538323E-7
500 11 10 iMM904.cmd 1,0324743906E-7
500 11 10 iJN1463.cmd 8,7533972004E-8
500 12 10 iMM904.cmd 1,1347440427E-7
500 12 10 iJN1463.cmd 9,5743783155E-8
500 13 8 iMM904.cmd 8,7631515424E-8
500 13 8 iJN1463.cmd 7,0429304196E-8
500 14 10 iMM904.cmd 9,596170825E-8
500 14 10 iJN1463.cmd 7,6268809043E-8
500 0 7 iMM904.cmd 2,1282758746E-7
500 0 7 iJN1463.cmd 2,4394500156E-7
500 2 9 iMM904.cmd 4,7673205704E-7
500 2 9 iJN1463.cmd 6,3372435015E-7
500 2 14 iMM904.cmd 2,0281681611E-7
500 2 14 iJN1463.cmd 2,3802161639E-7
500 4 7 iMM904.cmd 3,4896661819E-7
500 4 7 iJN1463.cmd 4,5463694879E-7
500 4 12 iMM904.cmd 3,8906043535E-7
500 4 12 iJN1463.cmd 5,0439415838E-7
500 5 5 iMM904.cmd 2,260450704E-7
500 5 5 iJN1463.cmd 2,7472029448E-7
500 5 10 iMM904.cmd 3,6773789882E-7
500 5 10 iJN1463.cmd 4,7345323617E-7
500 6 8 iMM904.cmd 1,8496974835E-7
500 6 8 iJN1463.cmd 2,1866830427E-7
500 8 6 iMM904.cmd 1,3029899689E-7
500 8 6 iJN1463.cmd 1,1070687497E-7
500 11 11 iMM904.cmd 9,2365691961E-8
500 11 11 iJN1463.cmd 7,9876499858E-8
500 9 1 iMM904.cmd 7,1065926178E-8
500 9 1 iJN1463.cmd 6,6920750955E-8
500 9 6 iMM904.cmd 1,5984739257E-7
500 9 6 iJN1463.cmd 1,3115220702E-7
500 8 13 iMM904.cmd 8,5302253396E-8
500 8 13 iJN1463.cmd 9,6038546543E-8
500 10 13 iMM904.cmd 4,6976980357E-8
500 10 13 iJN1463.cmd 4,2705840058E-8
500 7 4 iMM904.cmd 1,6943745572E-7
500 7 4 iJN1463.cmd 1,9036025799E-7
500 7 2 iMM904.cmd 1,3192609918E-7
500 7 2 iJN1463.cmd 1,3377357354E-7
500 12 3 iMM904.cmd 7,9509745395E-8
500 12 3 iJN1463.cmd 5,7582738797E-8
500 11 2 iMM904.cmd 7,0408547251E-8
500 11 2 iJN1463.cmd 5,5392604397E-8
500 9 12 iMM904.cmd 7,0743074501E-8
500 9 12 iJN1463.cmd 7,3654695958E-8
500 0 2 iMM904.cmd 2,2988255035E-7
500 0 2 iJN1463.cmd 2,6817464967E-7
500 0 5 iMM904.cmd 2,3176433329E-7
500 0 5 iJN1463.cmd 2,6068655741E-7
500 1 1 iMM904.cmd 3,9510051091E-7
500 1 1 iJN1463.cmd 5,3210746688E-7
500 12 13 iMM904.cmd 5,6944548807E-8
500 12 13 iJN1463.cmd 4,8071997264E-8
500 5 13 iMM904.cmd 2,5924857394E-7
500 5 13 iJN1463.cmd 3,3384644927E-7
500 13 9 iMM904.cmd 7,9125572387E-8
500 13 9 iJN1463.cmd 6,2694057999E-8
500 0 13 iMM904.cmd 1,7932351337E-7
500 0 13 iJN1463.cmd 2,0850995083E-7
500 3 10 iMM904.cmd 4,3416313958E-7
500 3 10 iJN1463.cmd 5,6991423823E-7
500 6 5 iMM904.cmd 1,7872526205E-7
500 6 5 iJN1463.cmd 2,145066939E-7
500 6 9 iMM904.cmd 1,6428470576E-7
500 6 9 iJN1463.cmd 1,8189387555E-7
500 11 12 iMM904.cmd 6,7472655878E-8
500 11 12 iJN1463.cmd 6,0360389069E-8
500 0 8 iMM904.cmd 2,0955336687E-7
500 0 8 iJN1463.cmd 2,4584507014E-7
500 1 9 iMM904.cmd 4,3061157198E-7
500 1 9 iJN1463.cmd 5,7844839346E-7
500 4 13 iMM904.cmd 3,1215077596E-7
500 4 13 iJN1463.cmd 4,0776503446E-7
500 8 5 iMM904.cmd 1,1461713017E-7
500 8 5 iJN1463.cmd 1,069085409E-7
500 3 9 iMM904.cmd 4,2874851147E-7
500 3 9 iJN1463.cmd 5,6706518676E-7
500 4 8 iMM904.cmd 3,4420680743E-7
500 4 8 iJN1463.cmd 4,5177675923E-7
500 8 1 iMM904.cmd 7,7579503461E-8
500 8 1 iJN1463.cmd 7,7210281619E-8
500 10 1 iMM904.cmd 5,4189185123E-8
500 10 1 iJN1463.cmd 4,8031328005E-8
500 1 14 iMM904.cmd 1,779399717E-7
500 1 14 iJN1463.cmd 2,083780836E-7
500 3 14 iMM904.cmd 1,7916460098E-7
500 3 14 iJN1463.cmd 2,0895901575E-7
500 4 10 iMM904.cmd 3,8436338131E-7
500 4 10 iJN1463.cmd 5,025012993E-7
500 8 12 iMM904.cmd 9,4615685385E-8
500 8 12 iJN1463.cmd 1,0465612984E-7
500 14 9 iMM904.cmd 5,9192437688E-8
500 14 9 iJN1463.cmd 4,608226969E-8
500 3 0 iMM904.cmd 3,8105352769E-7
500 3 0 iJN1463.cmd 5,2286178926E-7
500 4 1 iMM904.cmd 3,6316225128E-7
500 4 1 iJN1463.cmd 4,9625900521E-7
500 7 13 iMM904.cmd 1,2941811728E-7
500 7 13 iJN1463.cmd 1,6047112342E-7
500 9 11 iMM904.cmd 8,0146574141E-8
500 9 11 iJN1463.cmd 8,8067424569E-8
500 0 6 iMM904.cmd 1,3162194043E-7
500 0 6 iJN1463.cmd 1,3333059372E-7
500 2 0 iMM904.cmd 4,0760316367E-7
500 2 0 iJN1463.cmd 5,6100822696E-7
500 10 10 iMM904.cmd 6,0290445482E-8
500 10 10 iJN1463.cmd 5,7081649941E-8
500 14 8 iMM904.cmd 4,27022978E-8
500 14 8 iJN1463.cmd 3,3460556387E-8
500 5 8 iMM904.cmd 2,3857842103E-7
500 5 8 iJN1463.cmd 3,0670701283E-7
500 6 14 iMM904.cmd 9,3863995258E-8
500 6 14 iJN1463.cmd 1,0549481225E-7
500 5 6 iMM904.cmd 1,8946221256E-7
500 5 6 iJN1463.cmd 2,4093669835E-7
500 5 7 iMM904.cmd 2,2800825925E-7
500 5 7 iJN1463.cmd 2,9505066565E-7
500 0 11 iMM904.cmd 7,5698025267E-8
500 0 11 iJN1463.cmd 7,6007342875E-8
500 6 7 iMM904.cmd 1,7731239139E-7
500 6 7 iJN1463.cmd 2,2422979972E-7
500 9 0 iMM904.cmd 5,0378590565E-8
500 9 0 iJN1463.cmd 5,2016441844E-8
500 7 5 iMM904.cmd 1,3428465764E-7
500 7 5 iJN1463.cmd 1,5076545571E-7
500 11 13 iMM904.cmd 4,552564703E-8
500 11 13 iJN1463.cmd 4,0286849875E-8
500 10 12 iMM904.cmd 5,694484032E-8
500 10 12 iJN1463.cmd 5,4198187371E-8
500 4 9 iMM904.cmd 3,704513414E-7
500 4 9 iJN1463.cmd 4,8983771645E-7
500 0 1 iMM904.cmd 1,804052114E-7
500 0 1 iJN1463.cmd 2,200124362E-7
500 11 1 iMM904.cmd 3,4508237947E-8
500 11 1 iJN1463.cmd 2,8963982652E-8
500 0 9 iMM904.cmd 1,6754400101E-7
500 0 9 iJN1463.cmd 2,0011092826E-7
500 12 14 iMM904.cmd 3,0581178309E-8
500 12 14 iJN1463.cmd 2,080788732E-8
500 4 14 iMM904.cmd 1,4253493722E-7
500 4 14 iJN1463.cmd 1,6564375956E-7
500 0 14 iMM904.cmd 1,0269415749E-7
500 0 14 iJN1463.cmd 1,0785811604E-7
500 1 0 iMM904.cmd 3,4924886882E-7
500 1 0 iJN1463.cmd 4,8311142672E-7
500 6 6 iMM904.cmd 1,6455006578E-7
500 6 6 iJN1463.cmd 2,0802036985E-7
500 13 3 iMM904.cmd 2,4363664394E-8
500 13 3 iJN1463.cmd 1,6876985622E-8
500 5 14 iMM904.cmd 1,1573291631E-7
500 5 14 iJN1463.cmd 1,3315052748E-7
500 8 0 iMM904.cmd 6,0115947482E-8
500 8 0 iJN1463.cmd 6,87861216E-8
500 10 0 iMM904.cmd 3,592058732E-8
500 10 0 iJN1463.cmd 3,4560633226E-8
500 4 0 iMM904.cmd 2,9607681842E-7
500 4 0 iJN1463.cmd 4,1317610047E-7
500 9 10 iMM904.cmd 5,4740015713E-8
500 9 10 iJN1463.cmd 5,8988789413E-8
500 7 14 iMM904.cmd 6,2083522574E-8
500 7 14 iJN1463.cmd 6,573660068E-8
500 11 14 iMM904.cmd 2,3983261807E-8
500 11 14 iJN1463.cmd 1,5930781426E-8
500 0 10 iMM904.cmd 6,2548728474E-8
500 0 10 iJN1463.cmd 6,3902406052E-8
500 0 0 iMM904.cmd 1,4818588084E-7
500 0 0 iJN1463.cmd 1,8854615554E-7
500 11 0 iMM904.cmd 2,1159821196E-8
500 11 0 iJN1463.cmd 1,9222533721E-8
500 14 7 iMM904.cmd 1,3808286782E-8
500 14 7 iJN1463.cmd 1,0468114155E-8
500 12 1 iMM904.cmd 1,2261550025E-8
500 12 1 iJN1463.cmd 9,9531912862E-9
500 5 0 iMM904.cmd 1,7626964522E-7
500 5 0 iJN1463.cmd 2,5513165098E-7
500 7 0 iMM904.cmd 6,9184647436E-8
500 7 0 iJN1463.cmd 9,4165181302E-8
500 6 0 iMM904.cmd 9,3387766793E-8
500 6 0 iJN1463.cmd 1,3894095798E-7
500 12 0 iMM904.cmd 8,8751988062E-9
500 12 0 iJN1463.cmd 7,5066075029E-9
500 13 2 iMM904.cmd 7,0397260805E-9
500 13 2 iJN1463.cmd 4,1218877423E-9
500 14 3 iMM904.cmd 6,2617817634E-9
500 14 3 iJN1463.cmd 3,8377319481E-9
500 6 1 iMM904.cmd 6,231303926E-8
500 6 1 iJN1463.cmd 1,0175455204E-7
500 13 1 iMM904.cmd 4,0952511618E-9
500 13 1 iJN1463.cmd 2,2099390553E-9
500 14 6 iMM904.cmd 2,6289132524E-9
500 14 6 iJN1463.cmd 8,4299898875E-10
500 14 2 iMM904.cmd 2,3799021529E-9
500 14 2 iJN1463.cmd 0E0
500 13 0 iMM904.cmd 2,4378039705E-9
500 13 0 iJN1463.cmd 2,2745392677E-10
500 13 6 iMM904.cmd 0E0
500 13 6 iJN1463.cmd 0E0
500 14 0 iMM904.cmd 0E0
500 14 0 iJN1463.cmd 0E0
500 14 1 iMM904.cmd 0E0
500 14 1 iJN1463.cmd 0E0
500 14 4 iMM904.cmd 0E0
500 14 4 iJN1463.cmd 0E0
500 14 5 iMM904.cmd 0E0
500 14 5 iJN1463.cmd 0E0
1000 13 11 iMM904.cmd 1,0571479289E-7
1000 13 11 iJN1463.cmd 9,6631498532E-8
1000 11 8 iMM904.cmd 1,7890375926E-7
1000 11 8 iJN1463.cmd 1,5351127504E-7
1000 6 11 iMM904.cmd 3,9868402912E-7
1000 6 11 iJN1463.cmd 5,5329087855E-7
1000 14 14 iMM904.cmd 6,6885468301E-8
1000 14 14 iJN1463.cmd 5,3371122576E-8
1000 8 8 iMM904.cmd 2,0658474337E-7
1000 8 8 iJN1463.cmd 2,1839501657E-7
1000 2 7 iMM904.cmd 7,0009924688E-7
1000 2 7 iJN1463.cmd 9,8005936596E-7
1000 2 12 iMM904.cmd 6,6032318322E-7
1000 2 12 iJN1463.cmd 9,3678168805E-7
1000 5 3 iMM904.cmd 4,3249212271E-7
1000 5 3 iJN1463.cmd 5,7566620989E-7
1000 2 4 iMM904.cmd 7,0304648042E-7
1000 2 4 iJN1463.cmd 9,6442617683E-7
1000 11 5 iMM904.cmd 1,7342705273E-7
1000 11 5 iJN1463.cmd 1,4227745968E-7
1000 3 3 iMM904.cmd 6,6579571259E-7
1000 3 3 iJN1463.cmd 9,1408634243E-7
1000 2 3 iMM904.cmd 6,8309181465E-7
1000 2 3 iJN1463.cmd 9,3892353798E-7
1000 9 3 iMM904.cmd 1,3417516952E-7
1000 9 3 iJN1463.cmd 1,3161358159E-7
1000 9 14 iMM904.cmd 8,0482578993E-8
1000 9 14 iJN1463.cmd 9,3583052193E-8
1000 11 7 iMM904.cmd 2,0581325778E-7
1000 11 7 iJN1463.cmd 1,7489048999E-7
1000 1 3 iMM904.cmd 6,2108857478E-7
1000 1 3 iJN1463.cmd 8,4454582028E-7
1000 1 4 iMM904.cmd 6,3582449188E-7
1000 1 4 iJN1463.cmd 8,6170641142E-7
1000 1 7 iMM904.cmd 6,2807043269E-7
1000 1 7 iJN1463.cmd 8,6982045007E-7
1000 1 12 iMM904.cmd 5,9656213174E-7
1000 1 12 iJN1463.cmd 8,3586200315E-7
1000 2 2 iMM904.cmd 6,5909897582E-7
1000 2 2 iJN1463.cmd 9,134967407E-7
1000 2 5 iMM904.cmd 7,2532077896E-7
1000 2 5 iJN1463.cmd 9,9930917841E-7
1000 2 6 iMM904.cmd 7,431168682E-7
1000 2 6 iJN1463.cmd 1,0344319402E-6
1000 2 8 iMM904.cmd 6,841403208E-7
1000 2 8 iJN1463.cmd 9,6366489888E-7
1000 2 11 iMM904.cmd 6,9839601536E-7
1000 2 11 iJN1463.cmd 9,9667463903E-7
1000 2 13 iMM904.cmd 5,78627654E-7
1000 2 13 iJN1463.cmd 8,1140697593E-7
1000 3 2 iMM904.cmd 6,6609146741E-7
1000 3 2 iJN1463.cmd 9,2580434132E-7
1000 3 4 iMM904.cmd 6,827325836E-7
1000 3 4 iJN1463.cmd 9,3607775143E-7
1000 3 7 iMM904.cmd 6,6198628282E-7
1000 3 7 iJN1463.cmd 9,2941685284E-7
1000 3 12 iMM904.cmd 6,2505757521E-7
1000 3 12 iJN1463.cmd 8,8815244961E-7
1000 4 3 iMM904.cmd 5,6632366331E-7
1000 4 3 iJN1463.cmd 7,6642714066E-7
1000 5 4 iMM904.cmd 4,0562509063E-7
1000 5 4 iJN1463.cmd 5,4188572463E-7
1000 5 11 iMM904.cmd 5,082170453E-7
1000 5 11 iJN1463.cmd 7,1702904077E-7
1000 6 3 iMM904.cmd 3,1426073226E-7
1000 6 3 iJN1463.cmd 4,0808488107E-7
1000 6 12 iMM904.cmd 4,0304757628E-7
1000 6 12 iJN1463.cmd 5,622902309E-7
1000 7 8 iMM904.cmd 2,31099115E-7
1000 7 8 iJN1463.cmd 2,8164351144E-7
1000 7 11 iMM904.cmd 2,7168464403E-7
1000 7 11 iJN1463.cmd 3,6350098088E-7
1000 8 3 iMM904.cmd 1,5664370199E-7
1000 8 3 iJN1463.cmd 1,738979205E-7
1000 8 7 iMM904.cmd 1,9045883305E-7
1000 8 7 iJN1463.cmd 1,8639247043E-7
1000 8 9 iMM904.cmd 2,0905104733E-7
1000 8 9 iJN1463.cmd 2,354632603E-7
1000 8 14 iMM904.cmd 1,1146591754E-7
1000 8 14 iJN1463.cmd 1,3812989524E-7
1000 9 2 iMM904.cmd 1,0996203464E-7
1000 9 2 iJN1463.cmd 1,1222408076E-7
1000 9 4 iMM904.cmd 1,5013342985E-7
1000 9 4 iJN1463.cmd 1,3581322096E-7
1000 9 8 iMM904.cmd 2,0555982525E-7
1000 9 8 iJN1463.cmd 1,9364591956E-7
1000 9 13 iMM904.cmd 1,0157837376E-7
1000 9 13 iJN1463.cmd 1,2678086972E-7
1000 10 3 iMM904.cmd 1,2231387067E-7
1000 10 3 iJN1463.cmd 1,0868495457E-7
1000 10 5 iMM904.cmd 1,7306240155E-7
1000 10 5 iJN1463.cmd 1,4793958701E-7
1000 10 7 iMM904.cmd 2,0598070696E-7
1000 10 7 iJN1463.cmd 1,786979792E-7
1000 10 8 iMM904.cmd 2,0451881557E-7
1000 10 8 iJN1463.cmd 1,7990585046E-7
1000 10 14 iMM904.cmd 6,3463880198E-8
1000 10 14 iJN1463.cmd 6,7740878102E-8
1000 11 4 iMM904.cmd 1,4368549093E-7
1000 11 4 iJN1463.cmd 1,1717620592E-7
1000 11 6 iMM904.cmd 2,00235631E-7
1000 11 6 iJN1463.cmd 1,6785328785E-7
1000 11 9 iMM904.cmd 1,4300094214E-7
1000 11 9 iJN1463.cmd 1,2504503846E-7
1000 12 5 iMM904.cmd 1,6091344669E-7
1000 12 5 iJN1463.cmd 1,2760989771E-7
1000 12 8 iMM904.cmd 1,3906268196E-7
1000 12 8 iJN1463.cmd 1,1790371936E-7
1000 12 11 iMM904.cmd 1,0381250304E-7
1000 12 11 iJN1463.cmd 9,7945994117E-8
1000 13 12 iMM904.cmd 9,3905586146E-8
1000 13 12 iJN1463.cmd 8,6930756764E-8
1000 13 14 iMM904.cmd 6,3754280761E-8
1000 13 14 iJN1463.cmd 5,2899702293E-8
1000 14 11 iMM904.cmd 1,0425732638E-7
1000 14 11 iJN1463.cmd 9,1488569425E-8
1000 14 13 iMM904.cmd 7,9642345237E-8
1000 14 13 iJN1463.cmd 6,8024763194E-8
1000 4 4 iMM904.cmd 5,628526176E-7
1000 4 4 iJN1463.cmd 7,6231613688E-7
1000 10 4 iMM904.cmd 1,4833385364E-7
1000 10 4 iJN1463.cmd 1,267432355E-7
1000 10 6 iMM904.cmd 1,9433056416E-7
1000 10 6 iJN1463.cmd 1,6681455235E-7
1000 3 5 iMM904.cmd 7,3523169927E-7
1000 3 5 iJN1463.cmd 1,0157153345E-6
1000 9 7 iMM904.cmd 1,9739680282E-7
1000 9 7 iJN1463.cmd 1,8000935332E-7
1000 14 12 iMM904.cmd 9,6155184209E-8
1000 14 12 iJN1463.cmd 8,5679352268E-8
1000 1 2 iMM904.cmd 5,9423413947E-7
1000 1 2 iJN1463.cmd 8,1448142517E-7
1000 1 5 iMM904.cmd 6,3824163507E-7
1000 1 5 iJN1463.cmd 8,6522218675E-7
1000 1 8 iMM904.cmd 6,2440118309E-7
1000 1 8 iJN1463.cmd 8,6914866206E-7
1000 1 13 iMM904.cmd 5,3558472499E-7
1000 1 13 iJN1463.cmd 7,4288198307E-7
1000 3 6 iMM904.cmd 7,3201147216E-7
1000 3 6 iJN1463.cmd 1,0197181839E-6
1000 3 8 iMM904.cmd 6,4559722471E-7
1000 3 8 iJN1463.cmd 9,1242409879E-7
1000 3 11 iMM904.cmd 6,5633894373E-7
1000 3 11 iJN1463.cmd 9,3587774006E-7
1000 3 13 iMM904.cmd 5,4437329089E-7
1000 3 13 iJN1463.cmd 7,6472964266E-7
1000 5 12 iMM904.cmd 4,72738527E-7
1000 5 12 iJN1463.cmd 6,6529626145E-7
1000 6 4 iMM904.cmd 3,0346677055E-7
1000 6 4 iJN1463.cmd 3,9720246807E-7
1000 7 3 iMM904.cmd 2,1412096074E-7
1000 7 3 iJN1463.cmd 2,631082051E-7
1000 7 9 iMM904.cmd 2,2543188394E-7
1000 7 9 iJN1463.cmd 2,7715375653E-7
1000 8 2 iMM904.cmd 1,3023794695E-7
1000 8 2 iJN1463.cmd 1,4397397423E-7
1000 9 5 iMM904.cmd 1,691813509E-7
1000 9 5 iJN1463.cmd 1,5614630892E-7
1000 12 4 iMM904.cmd 1,3500500063E-7
1000 12 4 iJN1463.cmd 1,0660145697E-7
1000 12 9 iMM904.cmd 1,2614315008E-7
1000 12 9 iJN1463.cmd 1,0881011849E-7
1000 12 12 iMM904.cmd 8,8694319895E-8
1000 12 12 iJN1463.cmd 8,5160426596E-8
1000 10 2 iMM904.cmd 9,5532558584E-8
1000 10 2 iJN1463.cmd 8,9580177069E-8
1000 11 3 iMM904.cmd 1,111669308E-7
1000 11 3 iJN1463.cmd 9,257338757E-8
1000 13 13 iMM904.cmd 7,6546149804E-8
1000 13 13 iJN1463.cmd 6,8250036277E-8
1000 0 3 iMM904.cmd 4,8944648047E-7
1000 0 3 iJN1463.cmd 6,4395932793E-7
1000 2 1 iMM904.cmd 6,1952293553E-7
1000 2 1 iJN1463.cmd 8,6737788485E-7
1000 3 1 iMM904.cmd 6,1162569266E-7
1000 3 1 iJN1463.cmd 8,6163320626E-7
1000 7 10 iMM904.cmd 2,4174927232E-7
1000 7 10 iJN1463.cmd 3,0994145759E-7
1000 0 4 iMM904.cmd 4,9155319381E-7
1000 0 4 iJN1463.cmd 6,4277127133E-7
1000 0 12 iMM904.cmd 3,6450778841E-7
1000 0 12 iJN1463.cmd 4,9142060097E-7
1000 2 10 iMM904.cmd 6,9984685074E-7
1000 2 10 iJN1463.cmd 9,9790686058E-7
1000 4 11 iMM904.cmd 5,8757199237E-7
1000 4 11 iJN1463.cmd 8,3493606301E-7
1000 6 13 iMM904.cmd 3,1424253139E-7
1000 6 13 iJN1463.cmd 4,3320361683E-7
1000 8 11 iMM904.cmd 1,7724990834E-7
1000 8 11 iJN1463.cmd 2,3320750813E-7
1000 11 10 iMM904.cmd 1,135415576E-7
1000 11 10 iJN1463.cmd 1,0807213891E-7
1000 12 10 iMM904.cmd 1,1524383818E-7
1000 12 10 iJN1463.cmd 1,0547149043E-7
1000 13 8 iMM904.cmd 1,0279301128E-7
1000 13 8 iJN1463.cmd 8,5941747807E-8
1000 14 10 iMM904.cmd 9,7020646148E-8
1000 14 10 iJN1463.cmd 8,1961389213E-8
1000 0 7 iMM904.cmd 4,355402814E-7
1000 0 7 iJN1463.cmd 5,7924173569E-7
1000 2 9 iMM904.cmd 6,8272133735E-7
1000 2 9 iJN1463.cmd 9,6708818515E-7
1000 2 14 iMM904.cmd 4,0817031796E-7
1000 2 14 iJN1463.cmd 5,547981245E-7
1000 4 7 iMM904.cmd 5,2877233632E-7
1000 4 7 iJN1463.cmd 7,4307528471E-7
1000 4 12 iMM904.cmd 5,5262219671E-7
1000 4 12 iJN1463.cmd 7,8282826925E-7
1000 5 5 iMM904.cmd 3,2463337356E-7
1000 5 5 iJN1463.cmd 4,3597969745E-7
1000 5 10 iMM904.cmd 5,5785316597E-7
1000 5 10 iJN1463.cmd 7,9106560745E-7
1000 6 8 iMM904.cmd 2,859664872E-7
1000 6 8 iJN1463.cmd 3,8017194424E-7
1000 8 6 iMM904.cmd 1,7769266001E-7
1000 8 6 iJN1463.cmd 1,7287808742E-7
1000 11 11 iMM904.cmd 1,000575116E-7
1000 11 11 iJN1463.cmd 9,6141705257E-8
1000 9 1 iMM904.cmd 8,6379064209E-8
1000 9 1 iJN1463.cmd 9,2314378194E-8
1000 9 6 iMM904.cmd 1,8355119153E-7
1000 9 6 iJN1463.cmd 1,660521762E-7
1000 8 13 iMM904.cmd 1,4046047043E-7
1000 8 13 iJN1463.cmd 1,8341604384E-7
1000 10 13 iMM904.cmd 7,9022379908E-8
1000 10 13 iJN1463.cmd 9,1907475778E-8
1000 7 4 iMM904.cmd 2,3658639933E-7
1000 7 4 iJN1463.cmd 2,9932409717E-7
1000 7 2 iMM904.cmd 1,6463799273E-7
1000 7 2 iJN1463.cmd 1,9289724989E-7
1000 12 3 iMM904.cmd 9,4957760011E-8
1000 12 3 iJN1463.cmd 7,515975894E-8
1000 11 2 iMM904.cmd 8,4528760551E-8
1000 11 2 iJN1463.cmd 7,4541477435E-8
1000 9 12 iMM904.cmd 1,1222088782E-7
1000 9 12 iJN1463.cmd 1,42135405E-7
1000 0 2 iMM904.cmd 4,6649208813E-7
1000 0 2 iJN1463.cmd 6,2034627587E-7
1000 0 5 iMM904.cmd 4,5976186329E-7
1000 0 5 iJN1463.cmd 5,9815247443E-7
1000 1 1 iMM904.cmd 5,6073507408E-7
1000 1 1 iJN1463.cmd 7,7617824844E-7
1000 12 13 iMM904.cmd 7,1735445424E-8
1000 12 13 iJN1463.cmd 6,8921052086E-8
1000 5 13 iMM904.cmd 3,9679637673E-7
1000 5 13 iJN1463.cmd 5,5235649911E-7
1000 13 9 iMM904.cmd 1,0333188325E-7
1000 13 9 iJN1463.cmd 8,6704926719E-8
1000 0 13 iMM904.cmd 3,6246125675E-7
1000 0 13 iJN1463.cmd 4,8629297373E-7
1000 3 10 iMM904.cmd 6,625516982E-7
1000 3 10 iJN1463.cmd 9,4452726295E-7
1000 6 5 iMM904.cmd 2,7535261834E-7
1000 6 5 iJN1463.cmd 3,6335779487E-7
1000 6 9 iMM904.cmd 2,4144413844E-7
1000 6 9 iJN1463.cmd 3,1013622749E-7
1000 11 12 iMM904.cmd 8,4982083639E-8
1000 11 12 iJN1463.cmd 8,8690135193E-8
1000 0 8 iMM904.cmd 4,4051022018E-7
1000 0 8 iJN1463.cmd 5,9368065028E-7
1000 1 9 iMM904.cmd 6,1313482853E-7
1000 1 9 iJN1463.cmd 8,5669631939E-7
1000 4 13 iMM904.cmd 4,755393894E-7
1000 4 13 iJN1463.cmd 6,6611771345E-7
1000 8 5 iMM904.cmd 1,78845449E-7
1000 8 5 iJN1463.cmd 1,8795499836E-7
1000 3 9 iMM904.cmd 6,5681159171E-7
1000 3 9 iJN1463.cmd 9,3341567679E-7
1000 4 8 iMM904.cmd 5,4351864457E-7
1000 4 8 iJN1463.cmd 7,6689635088E-7
1000 8 1 iMM904.cmd 1,0064505888E-7
1000 8 1 iJN1463.cmd 1,1479253316E-7
1000 10 1 iMM904.cmd 7,058790429E-8
1000 10 1 iJN1463.cmd 7,0604945268E-8
1000 1 14 iMM904.cmd 3,7477557947E-7
1000 1 14 iJN1463.cmd 5,0381203421E-7
1000 3 14 iMM904.cmd 3,9182032353E-7
1000 3 14 iJN1463.cmd 5,3321516015E-7
1000 4 10 iMM904.cmd 6,0566394066E-7
1000 4 10 iJN1463.cmd 8,6166471825E-7
1000 8 12 iMM904.cmd 1,4138243562E-7
1000 8 12 iJN1463.cmd 1,8445796731E-7
1000 14 9 iMM904.cmd 8,7511833742E-8
1000 14 9 iJN1463.cmd 7,2931920388E-8
1000 3 0 iMM904.cmd 5,7076814374E-7
1000 3 0 iJN1463.cmd 8,097703049E-7
1000 4 1 iMM904.cmd 5,5403441021E-7
1000 4 1 iJN1463.cmd 7,8785427413E-7
1000 7 13 iMM904.cmd 2,0836422252E-7
1000 7 13 iJN1463.cmd 2,8128119663E-7
1000 9 11 iMM904.cmd 1,2592824298E-7
1000 9 11 iJN1463.cmd 1,6107851545E-7
1000 0 6 iMM904.cmd 3,7056859216E-7
1000 0 6 iJN1463.cmd 4,7426645967E-7
1000 2 0 iMM904.cmd 5,9078263575E-7
1000 2 0 iJN1463.cmd 8,3265028496E-7
1000 10 10 iMM904.cmd 9,8511255212E-8
1000 10 10 iJN1463.cmd 1,0548859874E-7
1000 14 8 iMM904.cmd 7,1108735446E-8
1000 14 8 iJN1463.cmd 5,9244307951E-8
1000 5 8 iMM904.cmd 3,9546358591E-7
1000 5 8 iJN1463.cmd 5,4891376935E-7
1000 6 14 iMM904.cmd 2,2668183201E-7
1000 6 14 iJN1463.cmd 3,0080471883E-7
1000 5 6 iMM904.cmd 3,192565099E-7
1000 5 6 iJN1463.cmd 4,3673077336E-7
1000 5 7 iMM904.cmd 3,8065820411E-7
1000 5 7 iJN1463.cmd 5,2841039011E-7
1000 0 11 iMM904.cmd 2,4226306111E-7
1000 0 11 iJN1463.cmd 3,1291174896E-7
1000 6 7 iMM904.cmd 3,0626271012E-7
1000 6 7 iJN1463.cmd 4,180903564E-7
1000 9 0 iMM904.cmd 7,6166045735E-8
1000 9 0 iJN1463.cmd 8,7503505572E-8
1000 7 5 iMM904.cmd 2,1828555177E-7
1000 7 5 iJN1463.cmd 2,6965185184E-7
1000 11 13 iMM904.cmd 7,0798734511E-8
1000 11 13 iJN1463.cmd 7,4698834034E-8
1000 10 12 iMM904.cmd 8,8870751684E-8
1000 10 12 iJN1463.cmd 1,0487179496E-7
1000 4 9 iMM904.cmd 6,0411710767E-7
1000 4 9 iJN1463.cmd 8,5837624649E-7
1000 0 1 iMM904.cmd 4,3629374294E-7
1000 0 1 iJN1463.cmd 5,8787558382E-7
1000 11 1 iMM904.cmd 5,305698361E-8
1000 11 1 iJN1463.cmd 5,0249476413E-8
1000 0 9 iMM904.cmd 3,9064697156E-7
1000 0 9 iJN1463.cmd 5,2663029673E-7
1000 12 14 iMM904.cmd 5,9224706396E-8
1000 12 14 iJN1463.cmd 5,2554561462E-8
1000 4 14 iMM904.cmd 3,4588449733E-7
1000 4 14 iJN1463.cmd 4,6881472775E-7
1000 0 14 iMM904.cmd 3,019637438E-7
1000 0 14 iJN1463.cmd 3,9576405536E-7
1000 1 0 iMM904.cmd 5,3767902982E-7
1000 1 0 iJN1463.cmd 7,494430885E-7
1000 6 6 iMM904.cmd 2,8768394657E-7
1000 6 6 iJN1463.cmd 3,9030467349E-7
1000 13 3 iMM904.cmd 4,1637721669E-8
1000 13 3 iJN1463.cmd 3,2234112101E-8
1000 5 14 iMM904.cmd 2,8857857101E-7
1000 5 14 iJN1463.cmd 3,8800919123E-7
1000 8 0 iMM904.cmd 1,0018259151E-7
1000 8 0 iJN1463.cmd 1,2719801747E-7
1000 10 0 iMM904.cmd 5,7897512859E-8
1000 10 0 iJN1463.cmd 6,10936914E-8
1000 4 0 iMM904.cmd 4,8708262223E-7
1000 4 0 iJN1463.cmd 6,9608168882E-7
1000 9 10 iMM904.cmd 1,0189103412E-7
1000 9 10 iJN1463.cmd 1,2298852503E-7
1000 7 14 iMM904.cmd 1,6073105571E-7
1000 7 14 iJN1463.cmd 2,0798914711E-7
1000 11 14 iMM904.cmd 5,7632144074E-8
1000 11 14 iJN1463.cmd 5,5806195139E-8
1000 0 10 iMM904.cmd 2,4755597911E-7
1000 0 10 iJN1463.cmd 3,2034425002E-7
1000 0 0 iMM904.cmd 4,1551439548E-7
1000 0 0 iJN1463.cmd 5,6526169929E-7
1000 11 0 iMM904.cmd 4,0584107507E-8
1000 11 0 iJN1463.cmd 4,0461603426E-8
1000 14 7 iMM904.cmd 3,5158009532E-8
1000 14 7 iJN1463.cmd 2,9880202268E-8
1000 12 1 iMM904.cmd 2,6902456409E-8
1000 12 1 iJN1463.cmd 2,5216721633E-8
1000 5 0 iMM904.cmd 3,3787222816E-7
1000 5 0 iJN1463.cmd 4,8730340649E-7
1000 7 0 iMM904.cmd 1,4364576201E-7
1000 7 0 iJN1463.cmd 2,0146218188E-7
1000 6 0 iMM904.cmd 2,10181776E-7
1000 6 0 iJN1463.cmd 3,0450656482E-7
1000 12 0 iMM904.cmd 2,3027709201E-8
1000 12 0 iJN1463.cmd 2,2207905563E-8
1000 13 2 iMM904.cmd 2,0115212902E-8
1000 13 2 iJN1463.cmd 1,6017121467E-8
1000 14 3 iMM904.cmd 1,8070669428E-8
1000 14 3 iJN1463.cmd 1,3533126047E-8
1000 6 1 iMM904.cmd 1,7714829139E-7
1000 6 1 iJN1463.cmd 2,6096328121E-7
1000 13 1 iMM904.cmd 1,4773697747E-8
1000 13 1 iJN1463.cmd 1,2782498076E-8
1000 14 6 iMM904.cmd 1,1956715509E-8
1000 14 6 iJN1463.cmd 9,4412130993E-9
1000 14 2 iMM904.cmd 1,2853264242E-8
1000 14 2 iJN1463.cmd 9,8021437042E-9
1000 13 0 iMM904.cmd 1,1996859436E-8
1000 13 0 iJN1463.cmd 1,0909006286E-8
1000 14 1 iMM904.cmd 8,8278663133E-9
1000 14 1 iJN1463.cmd 6,9962219353E-9
1000 14 4 iMM904.cmd 8,358162979E-9
1000 14 4 iJN1463.cmd 4,9088458915E-9
1000 14 0 iMM904.cmd 6,7014991744E-9
1000 14 0 iJN1463.cmd 5,3278463926E-9
1000 14 5 iMM904.cmd 6,4975090167E-9
1000 14 5 iJN1463.cmd 3,50846527E-9
1000 13 6 iMM904.cmd 3,6161171682E-9
1000 13 6 iJN1463.cmd 2,866064924E-10
