0	1,5E-7	1,5E-8
1	1,5698875152E-7	1,5566666346E-8
2	1,6435126972E-7	1,6159494825E-8
3	1,7294542395E-7	1,6868464753E-8
4	1,8228743028E-7	1,7641387722E-8
5	1,9237435808E-7	1,8463468628E-8
6	2,0325848176E-7	1,9332661413E-8
7	2,1497031848E-7	2,0250559405E-8
8	2,2753514406E-7	2,1220181986E-8
9	2,4093694549E-7	2,2243369389E-8
10	2,5519911846E-7	2,3322243885E-8
11	2,7037116068E-7	2,4459662229E-8
12	2,8651120941E-7	2,5658788242E-8
13	3,0368077158E-7	2,6922950672E-8
14	3,2194527925E-7	2,8255655433E-8
15	3,4137745166E-7	2,9660585518E-8
16	3,620510239E-7	3,1141625587E-8
17	3,8404417051E-7	3,2702866833E-8
18	4,0743999215E-7	3,4348618602E-8
19	4,3232685395E-7	3,6083420676E-8
20	4,5879870562E-7	3,791205609E-8
21	4,8695542632E-7	3,9839564499E-8
22	5,1690319416E-7	4,1871256205E-8
23	5,4875487158E-7	4,401272686E-8
24	5,8265267454E-7	4,6269872898E-8
25	6,1870163627E-7	4,8648907898E-8
26	6,5708948607E-7	5,1156379611E-8
27	6,9791833758E-7	5,3799188051E-8
28	7,412716192E-7	5,6583633357E-8
29	7,8649765432E-7	5,9509922325E-8
30	8,3262125854E-7	6,2583126769E-8
31	8,7966462308E-7	6,5894843789E-8
32	9,27724553E-7	6,9384858859E-8
33	9,7698526098E-7	7,3062057626E-8
34	1,0279156027E-6	7,6935569326E-8
35	1,0803553698E-6	8,1014729104E-8
36	1,1343809298E-6	8,5308996863E-8
37	1,1901153252E-6	8,9827836832E-8
38	1,2476133336E-6	9,4580531459E-8
39	1,3068068548E-6	9,9575854227E-8
40	1,3672926851E-6	1,0482651425E-7
41	1,4289745306E-6	1,1036670488E-7
42	1,491072565E-6	1,1619833787E-7
43	1,5531396245E-6	1,2235450064E-7
44	1,6155803814E-6	1,2903184237E-7
45	1,6787825233E-6	1,3608164713E-7
46	1,7429259442E-6	1,434573949E-7
47	1,8080292314E-6	1,5168047019E-7
48	1,8741326719E-6	1,6029962723E-7
49	1,9414380915E-6	1,6931410026E-7
50	2,0102887764E-6	1,7877258834E-7
51	2,0809693146E-6	1,8871199063E-7
52	2,1538199695E-6	1,9916947426E-7
53	2,2290473818E-6	2,1018439655E-7
54	2,3067971274E-6	2,217885939E-7
55	2,3872194288E-6	2,3401848826E-7
56	2,4703218697E-6	2,4691719555E-7
57	2,5561853877E-6	2,6052357116E-7
58	2,644805324E-6	2,7486061666E-7
59	2,7361669346E-6	2,8996963553E-7
60	2,8302872787E-6	3,0591007496E-7
61	2,9270895047E-6	3,2269123507E-7
62	3,0265854963E-6	3,4036533364E-7
63	3,1289171581E-6	3,5897385788E-7
64	3,2343503603E-6	3,7858090849E-7
65	3,3428237935E-6	3,9921412517E-7
66	3,4543075772E-6	4,2092247147E-7
67	3,5687174201E-6	4,4374005857E-7
68	3,6857811603E-6	4,6769546919E-7
69	3,8052276003E-6	4,9285946887E-7
70	3,9275603666E-6	5,1928737977E-7
71	4,052908245E-6	5,4704089907E-7
72	4,1808532719E-6	5,7623924296E-7
73	4,3119941582E-6	6,0692881042E-7
74	4,4465476461E-6	6,3919178296E-7
75	4,584825088E-6	6,7315039295E-7
76	4,7270757135E-6	7,0890965696E-7
77	4,8734696452E-6	7,465473349E-7
78	5,0240933817E-6	7,8619167714E-7
79	5,1790485082E-6	8,2792575647E-7
80	5,3384081924E-6	8,7191139982E-7
81	5,5022340134E-6	9,182758006E-7
82	5,6706434109E-6	9,6699864281E-7
83	5,8437212586E-6	1,0181740144E-6
84	6,021645292E-6	1,0720323593E-6
85	6,2046004704E-6	1,1284654093E-6
86	6,3928302011E-6	1,1876022003E-6
87	6,5864674798E-6	1,249554664E-6
88	6,7856698658E-6	1,3143554703E-6
89	6,9905295569E-6	1,3822576831E-6
90	7,2011878892E-6	1,4535150977E-6
91	7,4177957858E-6	1,5282354279E-6
92	7,6405013792E-6	1,6064759039E-6
93	7,8694491111E-6	1,688320504E-6
94	8,1048202384E-6	1,7740075806E-6
95	8,3466475247E-6	1,8638613422E-6
96	8,5946452283E-6	1,9580739613E-6
97	8,8494867107E-6	2,0568001137E-6
98	9,1119447277E-6	2,1603917372E-6
99	9,3818091513E-6	2,2690814205E-6
100	9,6593001818E-6	2,3831540935E-6
101	9,9448914683E-6	2,5028859846E-6
102	1,0238588995E-5	2,6285550127E-6
103	1,0540623368E-5	2,7604248833E-6
104	1,0851256313E-5	2,8989304695E-6
105	1,1170269818E-5	3,0442071881E-6
106	1,1498151606E-5	3,1952156535E-6
107	1,1836073668E-5	3,3539696392E-6
108	1,218375906E-5	3,5205648823E-6
109	1,2540918628E-5	3,6950471386E-6
110	1,2907905364E-5	3,877809597E-6
111	1,3284166256E-5	4,06936842E-6
112	1,3668070458E-5	4,2699792197E-6
113	1,4058737115E-5	4,4805135539E-6
114	1,4456326963E-5	4,7017432537E-6
115	1,4858206248E-5	4,9336348591E-6
116	1,5262284795E-5	5,1766341704E-6
117	1,5661091826E-5	5,4302502422E-6
118	1,6049083632E-5	5,6936077439E-6
119	1,6422880754E-5	5,9676876319E-6
120	1,6781531271E-5	6,2535539213E-6
121	1,7122433358E-5	6,5507117225E-6
122	1,7443687795E-5	6,8583859838E-6
123	1,7742420962E-5	7,1767475801E-6
124	1,8013312101E-5	7,5058662569E-6
125	1,8257390824E-5	7,8459984222E-6
126	1,8475309598E-5	8,1957043886E-6
127	1,8671109158E-5	8,5540533918E-6
128	1,8847338618E-5	8,920642358E-6
129	1,9005644657E-5	9,2955143752E-6
130	1,9149899877E-5	9,6767808368E-6
131	1,928393501E-5	1,0063421641E-5
132	1,9410116694E-5	1,0450148057E-5
133	1,9530100439E-5	1,0832800733E-5
134	1,9645294668E-5	1,1207942072E-5
135	1,9756401806E-5	1,1574563488E-5
136	1,9865392563E-5	1,1929886542E-5
137	1,9972308318E-5	1,2271618147E-5
138	2,0077133695E-5	1,2599672836E-5
139	2,0180984E-5	1,2912020911E-5
140	2,0283675249E-5	1,3204226876E-5
141	2,0385401594E-5	1,346600326E-5
142	2,0486969879E-5	1,3698291026E-5
143	2,0588170533E-5	1,390496303E-5
144	2,0689130149E-5	1,408853233E-5
145	2,0789408228E-5	1,4253439309E-5
146	2,088903656E-5	1,440320172E-5
147	2,0988352993E-5	1,4540970534E-5
148	2,1087006795E-5	1,4669441177E-5
149	2,1185090945E-5	1,4791982311E-5
150	2,1283245929E-5	1,4910231436E-5
151	2,1381110722E-5	1,5026057389E-5
152	2,1478630704E-5	1,5140408171E-5
153	2,1574503235E-5	1,5254121022E-5
154	2,1669954523E-5	1,5366439903E-5
155	2,1764419834E-5	1,5479138321E-5
156	2,1857426004E-5	1,5592473549E-5
157	2,1950425756E-5	1,5704761222E-5
158	2,2042495291E-5	1,5816571495E-5
159	2,213449561E-5	1,5928679153E-5
160	2,2225222399E-5	1,6041819571E-5
161	2,231551898E-5	1,6154724966E-5
162	2,2404475375E-5	1,6268764682E-5
163	2,2492612322E-5	1,6382635593E-5
164	2,2579356786E-5	1,6497622027E-5
165	2,2665454736E-5	1,6613544059E-5
166	2,2750830837E-5	1,6729746699E-5
167	2,2836730214E-5	1,6845870897E-5
168	2,2921991822E-5	1,6962450373E-5
169	2,3007984767E-5	1,707841786E-5
170	2,3093282639E-5	1,7195208826E-5
171	2,317817142E-5	1,7312132489E-5
172	2,3263007453E-5	1,74287597E-5
173	2,3347222417E-5	1,7546359432E-5
174	2,3431225933E-5	1,7664263805E-5
175	2,3514861681E-5	1,7782645656E-5
176	2,3598225035E-5	1,7900185269E-5
177	2,3681924669E-5	1,8018155015E-5
178	2,3763595678E-5	1,8137741196E-5
179	2,3846883799E-5	1,8255830843E-5
180	2,3930420391E-5	1,837297638E-5
181	2,4014251229E-5	1,8489994787E-5
182	2,4097619418E-5	1,8607498504E-5
183	2,4181334639E-5	1,8723428578E-5
184	2,4263674584E-5	1,8840099737E-5
185	2,4345868859E-5	1,8956463875E-5
186	2,4427625013E-5	1,9072804868E-5
187	2,4508450069E-5	1,918973839E-5
188	2,4587977016E-5	1,9307777108E-5
189	2,4666110462E-5	1,9426967168E-5
190	2,4745182424E-5	1,954487485E-5
191	2,4824382119E-5	1,9663105485E-5
192	2,4905000418E-5	1,9780156408E-5
193	2,4984391043E-5	1,9897553485E-5
194	2,5063692909E-5	2,001613873E-5
195	2,5142551375E-5	2,0134593214E-5
196	2,5219401337E-5	2,0255131956E-5
197	2,5295520632E-5	2,0375401004E-5
198	2,5371901067E-5	2,0494968998E-5
199	2,5447587458E-5	2,061478722E-5
200	2,5524207243E-5	2,0733040209E-5
201	2,5599228488E-5	2,0849467829E-5
202	2,5673408162E-5	2,0967602274E-5
203	2,5747620429E-5	2,1087072666E-5
204	2,582265744E-5	2,1205447939E-5
205	2,5895799061E-5	2,1325420335E-5
206	2,5970987072E-5	2,1443947113E-5
207	2,6042638568E-5	2,1566128095E-5
208	2,6116552323E-5	2,1685119296E-5
209	2,6187788944E-5	2,1806011333E-5
210	2,6260153617E-5	2,1926129939E-5
211	2,6331839683E-5	2,2042565348E-5
212	2,6403463245E-5	2,2162453247E-5
213	2,6474569379E-5	2,2283418333E-5
214	2,6547212984E-5	2,2403517727E-5
215	2,6618799712E-5	2,2524952805E-5
216	2,669029923E-5	2,2646272582E-5
217	2,6764177252E-5	2,2765193379E-5
218	2,683646301E-5	2,2884440781E-5
219	2,6906479414E-5	2,300491855E-5
220	2,6979908351E-5	2,3123670402E-5
221	2,7052738509E-5	2,3246354754E-5
222	2,7123679753E-5	2,336659317E-5
223	2,7196250724E-5	2,3484032884E-5
224	2,7267183975E-5	2,3602764644E-5
225	2,7337431762E-5	2,372287999E-5
226	2,7409895183E-5	2,3840185411E-5
227	2,7481036242E-5	2,3957227449E-5
228	2,7551550462E-5	2,4074223052E-5
229	2,7622343243E-5	2,4190594413E-5
230	2,7692307263E-5	2,4307729069E-5
231	2,7758977389E-5	2,4428563906E-5
232	2,7828193579E-5	2,4548331781E-5
233	2,7895063857E-5	2,4669347009E-5
234	2,7961308317E-5	2,4790955927E-5
235	2,8028261797E-5	2,4911963225E-5
236	2,8096475542E-5	2,5032072311E-5
237	2,8165529974E-5	2,5151159514E-5
238	2,8234953539E-5	2,5267282325E-5
239	2,8306062533E-5	2,5382066325E-5
240	2,8374937325E-5	2,5498587791E-5
241	2,844769557E-5	2,5613648678E-5
242	2,8512078715E-5	2,5732484414E-5
243	2,857570573E-5	2,5851749393E-5
244	2,864472836E-5	2,5969315651E-5
245	2,8712348149E-5	2,6089878783E-5
246	2,8779278089E-5	2,6209018019E-5
247	2,8847002069E-5	2,6326287636E-5
248	2,8914602108E-5	2,6442039667E-5
249	2,8979937206E-5	2,6561836604E-5
250	2,9045313718E-5	2,6683278978E-5
251	2,9114099802E-5	2,679880839E-5
252	2,9184449602E-5	2,69131459E-5
253	2,9254783542E-5	2,7026678133E-5
254	2,9323512091E-5	2,7140861413E-5
255	2,9391662545E-5	2,7255264562E-5
256	2,9458645815E-5	2,7370630572E-5
257	2,9525600039E-5	2,748602798E-5
258	2,9590389428E-5	2,7601589914E-5
259	2,9659564384E-5	2,7716016784E-5
260	2,9727598124E-5	2,7828910037E-5
261	2,979560481E-5	2,794163566E-5
262	2,9861927271E-5	2,8056325911E-5
263	2,9927836584E-5	2,8172321197E-5
264	2,9992917845E-5	2,8289031043E-5
265	3,0060308709E-5	2,8403643599E-5
266	3,0125253541E-5	2,8520968312E-5
267	3,0193576847E-5	2,8634942835E-5
268	3,0262282637E-5	2,8747920219E-5
269	3,0331232216E-5	2,8859264438E-5
270	3,0398867194E-5	2,8972256498E-5
271	3,0465826649E-5	2,908506489E-5
272	3,0531206607E-5	2,919798495E-5
273	3,0597884235E-5	2,9312163381E-5
274	3,0664141123E-5	2,9423590465E-5
275	3,072988238E-5	2,9534746086E-5
276	3,079452877E-5	2,9646587424E-5
277	3,0859600641E-5	2,9758820914E-5
278	3,0923580226E-5	2,9872750735E-5
279	3,0990724227E-5	2,9984134742E-5
280	3,1054413539E-5	3,0100579291E-5
281	3,1119228802E-5	3,0213632424E-5
282	3,1186191845E-5	3,0322629478E-5
283	3,1248234523E-5	3,0436691112E-5
284	3,1317767806E-5	3,0544337964E-5
285	3,138463935E-5	3,0655143907E-5
286	3,1446144447E-5	3,0769243828E-5
287	3,1506882336E-5	3,0883827387E-5
288	3,15682823E-5	3,0997964085E-5
289	3,1630538447E-5	3,1111700746E-5
290	3,1686342048E-5	3,1231775381E-5
291	3,174612536E-5	3,1347660642E-5
292	3,1808016239E-5	3,1460802E-5
293	3,187084437E-5	3,157128612E-5
294	3,1935932594E-5	3,1680003489E-5
295	3,2003677219E-5	3,1787074331E-5
296	3,2068580896E-5	3,1894574929E-5
297	3,2131945941E-5	3,2009201374E-5
298	3,2194774127E-5	3,2120570588E-5
299	3,2260893721E-5	3,2229183653E-5
300	3,2326639561E-5	3,2339629264E-5
301	3,2389754051E-5	3,2450468688E-5
302	3,2454691397E-5	3,2556695205E-5
303	3,2518251726E-5	3,2664573504E-5
304	3,2580941714E-5	3,2773293424E-5
305	3,2645537843E-5	3,2880642957E-5
306	3,270839798E-5	3,299003481E-5
307	3,2767123722E-5	3,3102299034E-5
308	3,2828560535E-5	3,321254556E-5
309	3,2891800202E-5	3,3318610051E-5
310	3,2956333141E-5	3,3426589304E-5
311	3,3018898076E-5	3,3534106763E-5
312	3,3075582286E-5	3,36410131E-5
313	3,3136897471E-5	3,374713602E-5
314	3,3196634872E-5	3,385369068E-5
315	3,325567898E-5	3,3959918849E-5
316	3,3316687317E-5	3,4068649656E-5
317	3,3377476244E-5	3,418021199E-5
318	3,3439212603E-5	3,428982015E-5
319	3,3500914708E-5	3,4398655301E-5
320	3,3562277848E-5	3,4501394952E-5
321	3,3627362824E-5	3,4601944093E-5
322	3,3689013309E-5	3,470724236E-5
323	3,3749187312E-5	3,4810875758E-5
324	3,3807439751E-5	3,4915549783E-5
325	3,3868753176E-5	3,5021132743E-5
326	3,3928978547E-5	3,5129766774E-5
327	3,3991966372E-5	3,5235554558E-5
328	3,4054293048E-5	3,5339875943E-5
329	3,4116679049E-5	3,5442444119E-5
330	3,4177727989E-5	3,5549049262E-5
331	3,4239885496E-5	3,5653539251E-5
332	3,4304190984E-5	3,5755828568E-5
333	3,4368612049E-5	3,5857804412E-5
334	3,4430413128E-5	3,5961650607E-5
335	3,449533245E-5	3,6063325265E-5
336	3,455049017E-5	3,6173986841E-5
337	3,4607234099E-5	3,628341735E-5
338	3,4664249485E-5	3,6390819276E-5
339	3,4723287716E-5	3,6494317571E-5
340	3,4780822955E-5	3,6602080838E-5
341	3,4835582471E-5	3,6712199278E-5
342	3,489467949E-5	3,6816215902E-5
343	3,4950642011E-5	3,6923678755E-5
344	3,5008871604E-5	3,7027471455E-5
345	3,506760251E-5	3,7131767073E-5
346	3,5121754413E-5	3,7241449158E-5
347	3,5178519593E-5	3,7347523797E-5
348	3,5239436992E-5	3,7453395034E-5
349	3,5297146697E-5	3,7557702682E-5
350	3,5360584791E-5	3,7657059024E-5
351	3,5420007676E-5	3,7761263761E-5
352	3,548057427E-5	3,7862207184E-5
353	3,5539283938E-5	3,7963883523E-5
354	3,5597641926E-5	3,8065620283E-5
355	3,5657252889E-5	3,8166037034E-5
356	3,5718521283E-5	3,8265171416E-5
357	3,5778281303E-5	3,8365877398E-5
358	3,5829625738E-5	3,8476822129E-5
359	3,5888097585E-5	3,8578352712E-5
360	3,594827119E-5	3,86797002E-5
361	3,6005521841E-5	3,8782036497E-5
362	3,6062683672E-5	3,8884180589E-5
363	3,6121784955E-5	3,8983862767E-5
364	3,6179515568E-5	3,9086388818E-5
365	3,6238420379E-5	3,9185790065E-5
366	3,6297993208E-5	3,9284144364E-5
367	3,6356270833E-5	3,9384998363E-5
368	3,6415068948E-5	3,9484874117E-5
369	3,6474804892E-5	3,9582191188E-5
370	3,6535270336E-5	3,9679178059E-5
371	3,659403698E-5	3,9777916785E-5
372	3,665401076E-5	3,9875529475E-5
373	3,6714641634E-5	3,9970795699E-5
374	3,6774502717E-5	4,0067258798E-5
375	3,6833570178E-5	4,0164025751E-5
376	3,6893118854E-5	4,0261189598E-5
377	3,6951607391E-5	4,0358283772E-5
378	3,7011348054E-5	4,0454116633E-5
379	3,7069625024E-5	4,0551226348E-5
380	3,7127311037E-5	4,0648735191E-5
381	3,7185696521E-5	4,0744699216E-5
382	3,7245682762E-5	4,084022014E-5
383	3,7303506047E-5	4,0937778277E-5
384	3,7361804219E-5	4,1033124078E-5
385	3,7421517266E-5	4,1126236022E-5
386	3,747997844E-5	4,1220571743E-5
387	3,7538419325E-5	4,1314830639E-5
388	3,7595788221E-5	4,1410661858E-5
389	3,7653752446E-5	4,1505422801E-5
390	3,7710604872E-5	4,1600750217E-5
391	3,7768628519E-5	4,169436172E-5
392	3,7825619615E-5	4,1789190581E-5
393	3,7880776602E-5	4,1885895552E-5
394	3,7937543234E-5	4,1980814204E-5
395	3,7994998242E-5	4,2075001588E-5
396	3,8051502794E-5	4,217150777E-5
397	3,8108319501E-5	4,2265940767E-5
398	3,816555157E-5	4,2358980768E-5
399	3,8222805627E-5	4,2451643023E-5
400	3,8279938051E-5	4,2544456403E-5
401	3,8337091272E-5	4,2637515734E-5
402	3,8394131872E-5	4,2730563039E-5
403	3,8450385973E-5	4,2824355823E-5
404	3,8506962468E-5	4,2917285319E-5
405	3,8563457766E-5	4,3010081471E-5
406	3,8617524416E-5	4,3105189484E-5
407	3,8671568624E-5	4,3201494567E-5
408	3,8726377776E-5	4,3296547836E-5
409	3,8781597355E-5	4,3390270924E-5
410	3,8836771715E-5	4,3483735715E-5
411	3,8891928999E-5	4,3576639511E-5
412	3,8946376358E-5	4,3670909105E-5
413	3,9000186376E-5	4,3765730269E-5
414	3,9053595689E-5	4,3860308913E-5
415	3,9108560814E-5	4,3952393576E-5
416	3,9164731813E-5	4,4041949387E-5
417	3,9219534317E-5	4,4129131594E-5
418	3,9274927014E-5	4,4219000159E-5
419	3,9330336975E-5	4,4310298505E-5
420	3,9383584417E-5	4,4405046E-5
421	3,9438141509E-5	4,4497793368E-5
422	3,9493236523E-5	4,4589215818E-5
423	3,954355239E-5	4,4685578194E-5
424	3,9597763538E-5	4,4778445051E-5
425	3,9651125544E-5	4,4870864926E-5
426	3,9705563084E-5	4,4963171047E-5
427	3,9758822495E-5	4,5056029506E-5
428	3,9813208575E-5	4,5145326873E-5
429	3,9867219851E-5	4,5235232576E-5
430	3,9921500147E-5	4,532425668E-5
431	3,9975723182E-5	4,5414113905E-5
432	4,0030436987E-5	4,5503363359E-5
433	4,0083762087E-5	4,5593222391E-5
434	4,0136819959E-5	4,5683704265E-5
435	4,0189828282E-5	4,5773362357E-5
436	4,0241190678E-5	4,5863923016E-5
437	4,0294410506E-5	4,5953692755E-5
438	4,0348437399E-5	4,6043142199E-5
439	4,0400569573E-5	4,6134091586E-5
440	4,0453811898E-5	4,6222969758E-5
441	4,0506994527E-5	4,6311224803E-5
442	4,0560925537E-5	4,6397785441E-5
443	4,0614190305E-5	4,6486114339E-5
444	4,0665088768E-5	4,6577095645E-5
445	4,0717895719E-5	4,666548482E-5
446	4,0770663045E-5	4,6753806645E-5
447	4,08235391E-5	4,6841737775E-5
448	4,0874884118E-5	4,6930799308E-5
449	4,0926451455E-5	4,7019074703E-5
450	4,0978586634E-5	4,7106117629E-5
451	4,1031922997E-5	4,7192082928E-5
452	4,1083848866E-5	4,7280219714E-5
453	4,1135378222E-5	4,736990762E-5
454	4,11867415E-5	4,7458608104E-5
455	4,1241193664E-5	4,7542339728E-5
456	4,1294000762E-5	4,7627526289E-5
457	4,1344067511E-5	4,7716171956E-5
458	4,1394310763E-5	4,7803239058E-5
459	4,1445216061E-5	4,7890569013E-5
460	4,1496933661E-5	4,7976238063E-5
461	4,1548064426E-5	4,8062945534E-5
462	4,1599343851E-5	4,8149182119E-5
463	4,1650014073E-5	4,8235615046E-5
464	4,1700986062E-5	4,8321689082E-5
465	4,1751939278E-5	4,840719196E-5
466	4,1804746545E-5	4,8489937948E-5
467	4,1856118435E-5	4,8574446874E-5
468	4,1906762683E-5	4,8659670571E-5
469	4,1956556469E-5	4,87450556E-5
470	4,2006853813E-5	4,8829983647E-5
471	4,2057437373E-5	4,8914400591E-5
472	4,2107872933E-5	4,8998578172E-5
473	4,2160830875E-5	4,9079649255E-5
474	4,2212004461E-5	4,9162827129E-5
475	4,2261946641E-5	4,9247900737E-5
476	4,2313961913E-5	4,9332502732E-5
477	4,2365248351E-5	4,9417507484E-5
478	4,2414403992E-5	4,9504588925E-5
479	4,2463539439E-5	4,9592213035E-5
480	4,2512383729E-5	4,9676627355E-5
481	4,2562408866E-5	4,9762873923E-5
482	4,2609575113E-5	4,9849910031E-5
483	4,2654434685E-5	4,9934843775E-5
484	4,2703053475E-5	5,0020214461E-5
485	4,2748210432E-5	5,010200055E-5
486	4,2788103344E-5	5,0184268805E-5
487	4,2828542708E-5	5,026480369E-5
488	4,2875419036E-5	5,0346502599E-5
489	4,2923173052E-5	5,0429909074E-5
490	4,2972875385E-5	5,0512134325E-5
491	4,3026384003E-5	5,0590745639E-5
492	4,3078912573E-5	5,0670557876E-5
493	4,3129318521E-5	5,0756780582E-5
494	4,3175733867E-5	5,0843695921E-5
495	4,3220918581E-5	5,0931832876E-5
496	4,3268867061E-5	5,1013812492E-5
497	4,3315997602E-5	5,1095910536E-5
498	4,336291763E-5	5,1178161383E-5
499	4,3412493876E-5	5,1256558429E-5
500	4,3461205535E-5	5,1336546883E-5
501	4,3507619576E-5	5,1418737927E-5
502	4,355542698E-5	5,149883014E-5
503	4,3604390409E-5	5,1577279064E-5
504	4,3652317273E-5	5,165831071E-5
505	4,3699948511E-5	5,1738545756E-5
506	4,3748017039E-5	5,1817984186E-5
507	4,3795547311E-5	5,1897898366E-5
508	4,3844006141E-5	5,1979925469E-5
509	4,3891507097E-5	5,2060765211E-5
510	4,3940632974E-5	5,2138105502E-5
511	4,3988999289E-5	5,2218400589E-5
512	4,4036043104E-5	5,229918247E-5
513	4,4083557663E-5	5,237896062E-5
514	4,4134202991E-5	5,2453035971E-5
515	4,4182602006E-5	5,2531127412E-5
516	4,422957159E-5	5,2611023388E-5
517	4,4276748407E-5	5,2690151777E-5
518	4,432715878E-5	5,2763506856E-5
519	4,4375323757E-5	5,2841087908E-5
520	4,4422312316E-5	5,2919993162E-5
521	4,4472324511E-5	5,299263499E-5
522	4,4519520372E-5	5,3070020681E-5
523	4,456573072E-5	5,3149289316E-5
524	4,4615590535E-5	5,3221868507E-5
525	4,4662482272E-5	5,3298622836E-5
526	4,4708983696E-5	5,3376824962E-5
527	4,4754441316E-5	5,3454750168E-5
528	4,4799650033E-5	5,3533642589E-5
529	4,484615858E-5	5,3609098765E-5
530	4,4892636555E-5	5,3686373409E-5
531	4,4938489474E-5	5,3762787515E-5
532	4,4984507594E-5	5,3840886589E-5
533	4,5030964385E-5	5,3915722979E-5
534	4,5076666061E-5	5,3993839389E-5
535	4,5121755612E-5	5,4070398009E-5
536	4,5167705384E-5	5,4148456822E-5
537	4,521239726E-5	5,4224647294E-5
538	4,5257296512E-5	5,4301633934E-5
539	4,5301762651E-5	5,4378497694E-5
540	4,5345756938E-5	5,4454964981E-5
541	4,5390231899E-5	5,4531638957E-5
542	4,5434848681E-5	5,4609916094E-5
543	4,5481503153E-5	5,46819944E-5
544	4,5526933953E-5	5,4757134811E-5
545	4,557105159E-5	5,4834282969E-5
546	4,561421806E-5	5,4914354874E-5
547	4,5658612983E-5	5,4991808149E-5
548	4,5701068145E-5	5,5070560718E-5
549	4,5742882405E-5	5,5149538493E-5
550	4,5786305775E-5	5,5226384318E-5
551	4,5829013628E-5	5,5302047651E-5
552	4,5872272555E-5	5,537933447E-5
553	4,5916318088E-5	5,5454984601E-5
554	4,5962496671E-5	5,5527687291E-5
555	4,6007890331E-5	5,5600327561E-5
556	4,6051659051E-5	5,5675504459E-5
557	4,6091187791E-5	5,5755510876E-5
558	4,6133544956E-5	5,5831676079E-5
559	4,6175615316E-5	5,5906915776E-5
560	4,6219636489E-5	5,5980384585E-5
561	4,6263294153E-5	5,6053309618E-5
562	4,6306634716E-5	5,6127773798E-5
563	4,6348524038E-5	5,620342284E-5
564	4,6395895951E-5	5,6270847015E-5
565	4,6439711501E-5	5,634241675E-5
566	4,6482086435E-5	5,6416826271E-5
567	4,6523974777E-5	5,6491489021E-5
568	4,6567495622E-5	5,6562921505E-5
569	4,6607921497E-5	5,66345405E-5
570	4,6650061503E-5	5,670732409E-5
571	4,6690305971E-5	5,6782491563E-5
572	4,672596058E-5	5,6846966206E-5
573	4,6762519884E-5	5,6905853258E-5
574	4,6804157975E-5	5,6974255107E-5
575	4,6846846589E-5	5,7044763896E-5
576	4,6886661937E-5	5,7110411641E-5
577	4,6929180574E-5	5,7181378468E-5
578	4,6970625401E-5	5,7254999751E-5
579	4,7008927605E-5	5,7327068286E-5
580	4,7049941696E-5	5,7399041915E-5
581	4,7089333639E-5	5,7472940033E-5
582	4,7127331818E-5	5,7549049049E-5
583	4,7164820112E-5	5,762574445E-5
584	4,7203548878E-5	5,7700794258E-5
585	4,7247390274E-5	5,776979284E-5
586	4,7289449549E-5	5,7839791265E-5
587	4,7329155454E-5	5,7911868892E-5
588	4,7369752373E-5	5,7983467893E-5
589	4,7409061696E-5	5,8056591044E-5
590	4,7448575062E-5	5,8129787319E-5
591	4,7488512494E-5	5,8200673084E-5
592	4,753122638E-5	5,8270823469E-5
593	4,7573219674E-5	5,8340127542E-5
594	4,7613557253E-5	5,8410331176E-5
595	4,7654731242E-5	5,847835441E-5
596	4,7696184183E-5	5,8546313456E-5
597	4,7740003872E-5	5,8612724573E-5
598	4,7781328456E-5	5,8679589803E-5
599	4,7822019391E-5	5,8749469539E-5
600	4,7864749185E-5	5,8815475407E-5
601	4,7905431593E-5	5,8882387261E-5
602	4,7946266938E-5	5,8950348177E-5
603	4,7990606854E-5	5,9013337889E-5
604	4,803430124E-5	5,9076023937E-5
605	4,8076193429E-5	5,9143848046E-5
606	4,811798112E-5	5,9211178119E-5
607	4,8158495507E-5	5,9279633302E-5
608	4,8199442763E-5	5,9346567842E-5
609	4,8240090808E-5	5,941475882E-5
610	4,827982728E-5	5,9484205063E-5
611	4,8318847522E-5	5,9554471552E-5
612	4,8357434978E-5	5,9624008205E-5
613	4,8398418216E-5	5,9690397662E-5
614	4,8435830459E-5	5,9759576787E-5
615	4,847322985E-5	5,9829550728E-5
616	4,8511859086E-5	5,989824307E-5
617	4,8550994367E-5	5,9965965893E-5
618	4,8586427259E-5	6,0039014187E-5
619	4,8625150143E-5	6,0108677936E-5
620	4,8665795814E-5	6,0175678956E-5
621	4,8706233242E-5	6,024129561E-5
622	4,8744763941E-5	6,0309126316E-5
623	4,8785076631E-5	6,0373919664E-5
624	4,8823269511E-5	6,0440371866E-5
625	4,8862091437E-5	6,0505419673E-5
626	4,8901544882E-5	6,0571387992E-5
627	4,8937916534E-5	6,0639149628E-5
628	4,8976445491E-5	6,0703372749E-5
629	4,9018941843E-5	6,0766462743E-5
630	4,9060462659E-5	6,0828086766E-5
631	4,9100929695E-5	6,0891087782E-5
632	4,9141553297E-5	6,0953561028E-5
633	4,9183680983E-5	6,1014772926E-5
634	4,9225835746E-5	6,1075729455E-5
635	4,9267920963E-5	6,1137310308E-5
636	4,9307845558E-5	6,1201529924E-5
637	4,9347548459E-5	6,1263914161E-5
638	4,9386329559E-5	6,1326008869E-5
639	4,9422638371E-5	6,1390589809E-5
640	4,9459118715E-5	6,1457127116E-5
641	4,9495095042E-5	6,1525025582E-5
642	4,9535323889E-5	6,1589034008E-5
643	4,9575514594E-5	6,1650668589E-5
644	4,9613531107E-5	6,1713883098E-5
645	4,9654813922E-5	6,1771556094E-5
646	4,969502196E-5	6,1829952192E-5
647	4,9737485181E-5	6,188535669E-5
648	4,9780054241E-5	6,1940528566E-5
649	4,9822868732E-5	6,1994946486E-5
650	4,9863760996E-5	6,2051768925E-5
651	4,9900214933E-5	6,2113749735E-5
652	4,9934064559E-5	6,2178495061E-5
653	4,997072195E-5	6,2241759837E-5
654	5,0009374049E-5	6,2301933589E-5
655	5,0046206409E-5	6,2364312582E-5
656	5,0080895205E-5	6,2428067384E-5
657	5,0119912493E-5	6,2488591069E-5
658	5,0159214326E-5	6,254776067E-5
659	5,019407953E-5	6,2612466774E-5
660	5,0227234251E-5	6,2677121626E-5
661	5,0264497618E-5	6,2736957226E-5
662	5,0301587842E-5	6,2798166698E-5
663	5,0340294495E-5	6,2856770705E-5
664	5,0378710324E-5	6,2916400691E-5
665	5,0414312414E-5	6,2978882121E-5
666	5,0448837505E-5	6,3042164099E-5
667	5,0482742493E-5	6,3104900528E-5
668	5,0519370302E-5	6,316528045E-5
669	5,0557109958E-5	6,3225307591E-5
670	5,0592943568E-5	6,3286450746E-5
671	5,0626509106E-5	6,3349598745E-5
672	5,0664473256E-5	6,3407469656E-5
673	5,0703172758E-5	6,3464353189E-5
674	5,0742172825E-5	6,3521665435E-5
675	5,0779713963E-5	6,3577617256E-5
676	5,0810269844E-5	6,3643078197E-5
677	5,0839790429E-5	6,3701904173E-5
678	5,0875215103E-5	6,3760341323E-5
679	5,0907103715E-5	6,382419769E-5
680	5,0937941437E-5	6,3889094325E-5
681	5,0976107751E-5	6,3945534114E-5
682	5,1014830666E-5	6,4001203913E-5
683	5,1053362376E-5	6,4055049274E-5
684	5,1090821682E-5	6,4109581078E-5
685	5,1128148244E-5	6,4163943078E-5
686	5,115946855E-5	6,4228654878E-5
687	5,1195851119E-5	6,4286582368E-5
688	5,1229536401E-5	6,4346402541E-5
689	5,1265611627E-5	6,4403693442E-5
690	5,1302150196E-5	6,4460150144E-5
691	5,1334896683E-5	6,4520807168E-5
692	5,1371910759E-5	6,457587798E-5
693	5,1408421163E-5	6,4631158364E-5
694	5,1444993673E-5	6,4685648882E-5
695	5,1481339594E-5	6,4739503431E-5
696	5,1517378613E-5	6,4793516004E-5
697	5,1553312971E-5	6,4847425742E-5
698	5,158913579E-5	6,4901074632E-5
699	5,1624429783E-5	6,4954921956E-5
700	5,1658934617E-5	6,5010299579E-5
701	5,169419647E-5	6,506583856E-5
702	5,1730509207E-5	6,5119017221E-5
703	5,1766713236E-5	6,517368758E-5
704	5,1801809662E-5	6,522790191E-5
705	5,183489912E-5	6,5284339105E-5
706	5,1871542284E-5	6,5337631054E-5
707	5,1903722597E-5	6,5395032236E-5
708	5,193877668E-5	6,5448324903E-5
709	5,1975615344E-5	6,5501035788E-5
710	5,2012493941E-5	6,5553543315E-5
711	5,2050215046E-5	6,5605187187E-5
712	5,208733349E-5	6,5657107814E-5
713	5,2118120666E-5	6,5714924552E-5
714	5,2154043498E-5	6,5766073093E-5
715	5,2189682728E-5	6,5817694321E-5
716	5,2226070257E-5	6,5868491689E-5
717	5,2262316627E-5	6,5919979184E-5
718	5,2298345616E-5	6,5971377144E-5
719	5,2331122666E-5	6,6026688862E-5
720	5,2361383843E-5	6,6084551236E-5
721	5,2389834224E-5	6,6144628603E-5
722	5,2416639198E-5	6,6206260844E-5
723	5,244327229E-5	6,6268157741E-5
724	5,2470421971E-5	6,6329268553E-5
725	5,2498115828E-5	6,6389662562E-5
726	5,2526501702E-5	6,6448853973E-5
727	5,2555091501E-5	6,650780872E-5
728	5,2583536273E-5	6,6566471112E-5
729	5,2611987219E-5	6,6625100262E-5
730	5,2646186015E-5	6,6676671016E-5
731	5,2678950152E-5	6,6729258263E-5
732	5,2713632121E-5	6,6779931978E-5
733	5,2748135948E-5	6,6831222193E-5
734	5,2777360475E-5	6,6887718713E-5
735	5,2810695264E-5	6,6939978738E-5
736	5,2845876314E-5	6,6989668754E-5
737	5,2881261034E-5	6,7038471067E-5
738	5,2916754344E-5	6,7087131368E-5
739	5,2948838352E-5	6,7138623139E-5
740	5,2982957878E-5	6,7188171677E-5
741	5,3015520588E-5	6,7239769746E-5
742	5,3046984635E-5	6,729264631E-5
743	5,3080702218E-5	6,734244969E-5
744	5,31101428E-5	6,7397113602E-5
745	5,3139137988E-5	6,7451020567E-5
746	5,3170109848E-5	6,7504141834E-5
747	5,3202870838E-5	6,7554058304E-5
748	5,3236234472E-5	6,7603356872E-5
749	5,3269489492E-5	6,7652521209E-5
750	5,330282292E-5	6,7701592983E-5
751	5,3332262273E-5	6,7756118222E-5
752	5,3363888161E-5	6,7807327252E-5
753	5,3393860848E-5	6,7860130898E-5
754	5,3422890763E-5	6,7913784019E-5
755	5,3455740538E-5	6,7961319975E-5
756	5,3485835128E-5	6,8014512005E-5
757	5,3512493459E-5	6,806909646E-5
758	5,3545709097E-5	6,8116591427E-5
759	5,3574966471E-5	6,8167967319E-5
760	5,3606715696E-5	6,8217156741E-5
761	5,3640456838E-5	6,8262382159E-5
762	5,3673580039E-5	6,8309059568E-5
763	5,3706428753E-5	6,8356118317E-5
764	5,3737684816E-5	6,8406261986E-5
765	5,3770998249E-5	6,8452586164E-5
766	5,379908761E-5	6,8504987697E-5
767	5,3832589591E-5	6,8551770392E-5
768	5,3859858657E-5	6,8603878029E-5
769	5,3890183065E-5	6,8651574578E-5
770	5,3920730756E-5	6,8698906178E-5
771	5,3952999798E-5	6,8746478527E-5
772	5,3980530825E-5	6,8797443587E-5
773	5,4010394758E-5	6,884532166E-5
774	5,4039513883E-5	6,8895789391E-5
775	5,4065823694E-5	6,8947789218E-5
776	5,4094742143E-5	6,899806585E-5
777	5,4125992973E-5	6,9044126793E-5
778	5,4153258557E-5	6,9095738346E-5
779	5,4182331634E-5	6,914366128E-5
780	5,4210945932E-5	6,9192919675E-5
781	5,4243882125E-5	6,9237586337E-5
782	5,4277322493E-5	6,9281401883E-5
783	5,4308211207E-5	6,9328643167E-5
784	5,4337536198E-5	6,9376406163E-5
785	5,4368038347E-5	6,9423612273E-5
786	5,4392529003E-5	6,9474849161E-5
787	5,4421975051E-5	6,9520796961E-5
788	5,4452285285E-5	6,9568335603E-5
789	5,4480440377E-5	6,9616604386E-5
790	5,4511473042E-5	6,9662978893E-5
791	5,454079436E-5	6,9710675187E-5
792	5,4569569629E-5	6,9758597178E-5
793	5,4599418922E-5	6,9802627394E-5
794	5,4628334041E-5	6,9848173462E-5
795	5,465913136E-5	6,9891815484E-5
796	5,46880027E-5	6,9938668964E-5
797	5,4717397863E-5	6,9983260511E-5
798	5,4748075332E-5	7,0026357965E-5
799	5,4775359742E-5	7,0073118442E-5
800	5,4805009009E-5	7,0117072453E-5
801	5,4833426454E-5	7,016334153E-5
802	5,4862793068E-5	7,0208730036E-5
803	5,4890777816E-5	7,0255360215E-5
804	5,492165019E-5	7,0297573914E-5
805	5,4947492732E-5	7,0345526162E-5
806	5,4976316731E-5	7,0390439961E-5
807	5,500436208E-5	7,0436177556E-5
808	5,5029774088E-5	7,0485171399E-5
809	5,5051479767E-5	7,053857505E-5
810	5,5077714877E-5	7,0586504829E-5
811	5,5108085677E-5	7,0627222269E-5
812	5,5137251021E-5	7,0670486547E-5
813	5,5164231702E-5	7,0717066695E-5
814	5,5184620182E-5	7,0769529866E-5
815	5,5212352247E-5	7,0813254983E-5
816	5,5243109531E-5	7,0854637901E-5
817	5,5272247086E-5	7,0896943042E-5
818	5,5296056441E-5	7,0944711762E-5
819	5,5323704258E-5	7,0988548769E-5
820	5,5353465185E-5	7,103047316E-5
821	5,5376796964E-5	7,1080234618E-5
822	5,5403437788E-5	7,1125274685E-5
823	5,5430230367E-5	7,1168311018E-5
824	5,5456646436E-5	7,1212788115E-5
825	5,5479379188E-5	7,1260658812E-5
826	5,5501549722E-5	7,1308919742E-5
827	5,5527303713E-5	7,1353327485E-5
828	5,555468343E-5	7,139494999E-5
829	5,5584468509E-5	7,1435704243E-5
830	5,5612365502E-5	7,1476401504E-5
831	5,5638704714E-5	7,1520706573E-5
832	5,5665363294E-5	7,1563804318E-5
833	5,5690887139E-5	7,1608082529E-5
834	5,5718821057E-5	7,1649198652E-5
835	5,5745058744E-5	7,169188289E-5
836	5,5772686554E-5	7,1731705891E-5
837	5,5798063226E-5	7,1773760249E-5
838	5,5824945674E-5	7,1814830829E-5
839	5,5849072441E-5	7,185771654E-5
840	5,5873822617E-5	7,1901523398E-5
841	5,590133951E-5	7,1940532204E-5
842	5,5926177326E-5	7,1982315606E-5
843	5,5953244572E-5	7,2022691676E-5
844	5,5979043504E-5	7,2063149661E-5
845	5,6006707625E-5	7,2102714912E-5
846	5,6033275164E-5	7,2142194275E-5
847	5,6059127712E-5	7,2182255479E-5
848	5,6083924971E-5	7,2222906805E-5
849	5,610977784E-5	7,2263963236E-5
850	5,6137085349E-5	7,2301574984E-5
851	5,6162837326E-5	7,2340545997E-5
852	5,6188874538E-5	7,2379246096E-5
853	5,6215222798E-5	7,2418410631E-5
854	5,6238539272E-5	7,2461155639E-5
855	5,6265421571E-5	7,2498853457E-5
856	5,6292855531E-5	7,253758765E-5
857	5,6317524265E-5	7,2577751026E-5
858	5,6343891466E-5	7,2617752797E-5
859	5,6366511806E-5	7,2660467143E-5
860	5,6394956837E-5	7,2698482308E-5
861	5,6420163843E-5	7,2737755955E-5
862	5,6443299313E-5	7,2779987982E-5
863	5,6467617056E-5	7,2820015827E-5
864	5,6490871117E-5	7,2862039528E-5
865	5,6517625718E-5	7,2900061173E-5
866	5,6542308433E-5	7,2938664096E-5
867	5,6567893153E-5	7,2977926219E-5
868	5,6594301861E-5	7,3014900178E-5
869	5,66212005E-5	7,3053965433E-5
870	5,664854967E-5	7,3090340757E-5
871	5,667111307E-5	7,313100095E-5
872	5,6693759331E-5	7,3172699346E-5
873	5,6719311641E-5	7,3210782447E-5
874	5,6746144855E-5	7,3246692091E-5
875	5,6771109961E-5	7,3285112044E-5
876	5,6796425036E-5	7,332257079E-5
877	5,6817318618E-5	7,3365645872E-5
878	5,6838061529E-5	7,3408105191E-5
879	5,6862183165E-5	7,344536582E-5
880	5,6884835322E-5	7,3485234407E-5
881	5,6909997587E-5	7,3521498424E-5
882	5,6933243993E-5	7,3558806607E-5
883	5,6955739711E-5	7,3597138284E-5
884	5,6978399784E-5	7,3637530059E-5
885	5,6999179876E-5	7,3678492972E-5
886	5,7024064516E-5	7,3714951736E-5
887	5,70504511E-5	7,375069532E-5
888	5,7073637726E-5	7,37895375E-5
889	5,7097815668E-5	7,3829383775E-5
890	5,7115958338E-5	7,3874933204E-5
891	5,7133272478E-5	7,3920079798E-5
892	5,7156876727E-5	7,3956332484E-5
893	5,7182131858E-5	7,3990793103E-5
894	5,7204040475E-5	7,4028929155E-5
895	5,7226506525E-5	7,4066227402E-5
896	5,7247643934E-5	7,4104597922E-5
897	5,7268817012E-5	7,4144397899E-5
898	5,7287114848E-5	7,4187433757E-5
899	5,7309993951E-5	7,4223875561E-5
900	5,7331147919E-5	7,4261554029E-5
901	5,7356962627E-5	7,4294993867E-5
902	5,7381572022E-5	7,4329316536E-5
903	5,7398944155E-5	7,4370536166E-5
904	5,7419079352E-5	7,4410064785E-5
905	5,7444093601E-5	7,4442391804E-5
906	5,7470179134E-5	7,4474891203E-5
907	5,7491050089E-5	7,451364853E-5
908	5,7514530084E-5	7,454753755E-5
909	5,7538052325E-5	7,458057482E-5
910	5,7561590645E-5	7,4615972207E-5
911	5,7582458134E-5	7,4652828608E-5
912	5,7601252965E-5	7,4693113206E-5
913	5,7624405285E-5	7,4728120272E-5
914	5,7643253376E-5	7,4767918179E-5
915	5,7658715098E-5	7,4810578162E-5
916	5,7680666067E-5	7,4844727063E-5
917	5,7703789464E-5	7,4877209872E-5
918	5,7724898522E-5	7,491335442E-5
919	5,7744313867E-5	7,4951385161E-5
920	5,7761466771E-5	7,4991954112E-5
921	5,7780131091E-5	7,5027562187E-5
922	5,7802094769E-5	7,5060221917E-5
923	5,782507148E-5	7,5093747248E-5
924	5,7846902879E-5	7,5127572042E-5
925	5,7868833121E-5	7,5160481653E-5
926	5,7892308491E-5	7,5193008174E-5
927	5,7907716084E-5	7,5234485205E-5
928	5,7930054652E-5	7,5268336277E-5
929	5,7952843504E-5	7,5300041784E-5
930	5,797544249E-5	7,5333051362E-5
931	5,7998152572E-5	7,536698173E-5
932	5,8020458264E-5	7,5399945578E-5
933	5,8040882565E-5	7,5433548694E-5
934	5,8057044119E-5	7,5473018191E-5
935	5,8072046656E-5	7,5514133029E-5
936	5,8093397958E-5	7,5546340756E-5
937	5,8115013156E-5	7,5577794187E-5
938	5,8130836984E-5	7,5616131455E-5
939	5,8152074573E-5	7,5647825718E-5
940	5,8173382903E-5	7,5678932443E-5
941	5,8190426951E-5	7,5714404066E-5
942	5,8211241319E-5	7,5744843602E-5
943	5,8229324902E-5	7,5777944899E-5
944	5,8242886584E-5	7,5816565252E-5
945	5,8257600058E-5	7,5855667801E-5
946	5,82744632E-5	7,5891695408E-5
947	5,8291271509E-5	7,5927560654E-5
948	5,8308047374E-5	7,5963347285E-5
949	5,832506668E-5	7,5998796468E-5
950	5,8341974091E-5	7,6034398484E-5
951	5,8358170934E-5	7,6069489851E-5
952	5,8380393354E-5	7,6099200231E-5
953	5,8400034266E-5	7,6130786936E-5
954	5,8422086509E-5	7,6159935257E-5
955	5,8439273284E-5	7,6195838931E-5
956	5,8453877213E-5	7,623334183E-5
957	5,8469963603E-5	7,6268745561E-5
958	5,848610277E-5	7,63039016E-5
959	5,8502224429E-5	7,6339002402E-5
960	5,8517347428E-5	7,6374459895E-5
961	5,8533553385E-5	7,6408606967E-5
962	5,8550198151E-5	7,6441649288E-5
963	5,8569332504E-5	7,647113573E-5
964	5,8588031918E-5	7,6501384278E-5
965	5,8608560277E-5	7,6529763692E-5
966	5,8622117241E-5	7,6566618116E-5
967	5,8639987615E-5	7,6599494338E-5
968	5,8660370555E-5	7,6628602041E-5
969	5,8676464161E-5	7,666198173E-5
970	5,8692773274E-5	7,6692072181E-5
971	5,8709644687E-5	7,672519981E-5
972	5,87309707E-5	7,6753168016E-5
973	5,8752215638E-5	7,678239949E-5
974	5,8772837047E-5	7,6811038111E-5
975	5,8793606635E-5	7,6838554838E-5
976	5,8815561815E-5	7,6865749756E-5
977	5,8834886977E-5	7,6895859591E-5
978	5,8851063835E-5	7,6929960526E-5
979	5,8870522815E-5	7,6958973955E-5
980	5,8890193866E-5	7,6987207436E-5
981	5,8908373072E-5	7,7019298536E-5
982	5,8928036365E-5	7,7048417947E-5
983	5,8942323075E-5	7,708416342E-5
984	5,8953491494E-5	7,7123870762E-5
985	5,8967103185E-5	7,7160159501E-5
986	5,8985506621E-5	7,7189110076E-5
987	5,9006292588E-5	7,7219215311E-5
988	5,9023272055E-5	7,7249982029E-5
989	5,9037920325E-5	7,7283212125E-5
990	5,9055244969E-5	7,7312222559E-5
991	5,9073753472E-5	7,7341047037E-5
992	5,9087677073E-5	7,7377116692E-5
993	5,9101705053E-5	7,7412157539E-5
994	5,9121509855E-5	7,7439919478E-5
995	5,9141315545E-5	7,746681907E-5
996	5,9160814559E-5	7,7493540368E-5
997	5,9179261685E-5	7,7521018754E-5
998	5,9196331932E-5	7,7549803643E-5
999	5,9213539756E-5	7,7579100987E-5
1000	5,9228700887E-5	7,7610034948E-5
