0 13 14 iMM904.cmd 1E-8
0 13 14 iJN1463.cmd 1E-8
0 9 5 iMM904.cmd 1E-8
0 9 5 iJN1463.cmd 1E-8
0 9 10 iMM904.cmd 1E-8
0 9 10 iJN1463.cmd 1E-8
0 13 4 iMM904.cmd 1E-8
0 13 4 iJN1463.cmd 1E-8
0 3 13 iMM904.cmd 1E-8
0 3 13 iJN1463.cmd 1E-8
0 1 11 iMM904.cmd 1E-8
0 1 11 iJN1463.cmd 1E-8
0 5 12 iMM904.cmd 1E-8
0 5 12 iJN1463.cmd 1E-8
0 4 8 iMM904.cmd 1E-8
0 4 8 iJN1463.cmd 1E-8
0 3 5 iMM904.cmd 1E-8
0 3 5 iJN1463.cmd 1E-8
0 7 6 iMM904.cmd 1E-8
0 7 6 iJN1463.cmd 1E-8
0 1 4 iMM904.cmd 1E-8
0 1 4 iJN1463.cmd 1E-8
0 12 5 iMM904.cmd 1E-8
0 12 5 iJN1463.cmd 1E-8
0 14 3 iMM904.cmd 1E-8
0 14 3 iJN1463.cmd 1E-8
0 10 4 iMM904.cmd 1E-8
0 10 4 iJN1463.cmd 1E-8
0 11 5 iMM904.cmd 1E-8
0 11 5 iJN1463.cmd 1E-8
500 13 14 iMM904.cmd 8,6727596851E-9
500 13 14 iJN1463.cmd 2,2895692184E-8
500 9 5 iMM904.cmd 1,131490511E-7
500 9 5 iJN1463.cmd 5,0511552691E-7
500 9 10 iMM904.cmd 7,75352993E-8
500 9 10 iJN1463.cmd 2,9412820732E-7
500 13 4 iMM904.cmd 1,0957562443E-7
500 13 4 iJN1463.cmd 6,1461007735E-7
500 3 13 iMM904.cmd 3,3006660765E-7
500 3 13 iJN1463.cmd 7,1313061809E-7
500 1 11 iMM904.cmd 3,6977445814E-7
500 1 11 iJN1463.cmd 7,478078211E-7
500 5 12 iMM904.cmd 2,9336566614E-7
500 5 12 iJN1463.cmd 7,1695848094E-7
500 4 8 iMM904.cmd 3,4843534102E-7
500 4 8 iJN1463.cmd 8,5742992206E-7
500 3 5 iMM904.cmd 4,1220521239E-7
500 3 5 iJN1463.cmd 8,9507372811E-7
500 7 6 iMM904.cmd 1,2983448253E-7
500 7 6 iJN1463.cmd 4,4395880463E-7
500 1 4 iMM904.cmd 3,6604448923E-7
500 1 4 iJN1463.cmd 7,7357674545E-7
500 12 5 iMM904.cmd 1,0427817227E-7
500 12 5 iJN1463.cmd 5,6976922796E-7
500 14 3 iMM904.cmd 1,0619949596E-7
500 14 3 iJN1463.cmd 6,0453906201E-7
500 10 4 iMM904.cmd 1,0192027904E-7
500 10 4 iJN1463.cmd 4,9239184327E-7
500 11 5 iMM904.cmd 1,1055288357E-7
500 11 5 iJN1463.cmd 5,8387565208E-7
500 0 4 iMM904.cmd 1,875533382E-7
500 0 4 iJN1463.cmd 4,6535803101E-7
500 0 11 iMM904.cmd 1,8175828676E-7
500 0 11 iJN1463.cmd 4,3842600633E-7
500 1 3 iMM904.cmd 3,3422050262E-7
500 1 3 iJN1463.cmd 6,868103785E-7
500 1 5 iMM904.cmd 3,6647475503E-7
500 1 5 iJN1463.cmd 7,6114323449E-7
500 1 10 iMM904.cmd 3,5413740402E-7
500 1 10 iJN1463.cmd 6,9598925854E-7
500 1 12 iMM904.cmd 3,5677821404E-7
500 1 12 iJN1463.cmd 7,136089186E-7
500 2 4 iMM904.cmd 4,1312894342E-7
500 2 4 iJN1463.cmd 8,7072614371E-7
500 2 5 iMM904.cmd 4,186290898E-7
500 2 5 iJN1463.cmd 8,8046120898E-7
500 2 11 iMM904.cmd 4,101458211E-7
500 2 11 iJN1463.cmd 8,1895828007E-7
500 2 13 iMM904.cmd 3,3831745878E-7
500 2 13 iJN1463.cmd 6,8784041045E-7
500 3 4 iMM904.cmd 4,0385091788E-7
500 3 4 iJN1463.cmd 8,6358107308E-7
500 3 6 iMM904.cmd 3,8621178944E-7
500 3 6 iJN1463.cmd 8,2208099343E-7
500 3 12 iMM904.cmd 3,8613375746E-7
500 3 12 iJN1463.cmd 8,1336235589E-7
500 3 14 iMM904.cmd 1,656592463E-7
500 3 14 iJN1463.cmd 4,2131550187E-7
500 4 5 iMM904.cmd 3,8996554282E-7
500 4 5 iJN1463.cmd 8,7000266231E-7
500 4 7 iMM904.cmd 3,399677092E-7
500 4 7 iJN1463.cmd 7,7366183739E-7
500 4 9 iMM904.cmd 3,0937244591E-7
500 4 9 iJN1463.cmd 6,7880818479E-7
500 4 12 iMM904.cmd 3,4828135235E-7
500 4 12 iJN1463.cmd 7,7804150247E-7
500 4 13 iMM904.cmd 3,0063857143E-7
500 4 13 iJN1463.cmd 6,8689568385E-7
500 5 13 iMM904.cmd 2,696886169E-7
500 5 13 iJN1463.cmd 6,4971785104E-7
500 6 6 iMM904.cmd 1,7148622608E-7
500 6 6 iJN1463.cmd 4,780382094E-7
500 6 12 iMM904.cmd 1,9774004287E-7
500 6 12 iJN1463.cmd 4,9170678397E-7
500 7 5 iMM904.cmd 1,141565234E-7
500 7 5 iJN1463.cmd 3,954415449E-7
500 7 7 iMM904.cmd 1,1679335141E-7
500 7 7 iJN1463.cmd 3,8377626666E-7
500 8 5 iMM904.cmd 1,0833164978E-7
500 8 5 iJN1463.cmd 4,3994665756E-7
500 8 6 iMM904.cmd 1,1646807487E-7
500 8 6 iJN1463.cmd 4,7631345483E-7
500 8 10 iMM904.cmd 9,2056237245E-8
500 8 10 iJN1463.cmd 2,8928299451E-7
500 9 4 iMM904.cmd 9,9762393268E-8
500 9 4 iJN1463.cmd 4,2604655097E-7
500 9 6 iMM904.cmd 1,1162761746E-7
500 9 6 iJN1463.cmd 4,9376747719E-7
500 9 9 iMM904.cmd 7,5146047313E-8
500 9 9 iJN1463.cmd 2,8200475179E-7
500 9 11 iMM904.cmd 7,686746968E-8
500 9 11 iJN1463.cmd 2,8574811236E-7
500 10 3 iMM904.cmd 7,6007179382E-8
500 10 3 iJN1463.cmd 3,3424392784E-7
500 10 5 iMM904.cmd 1,1005339396E-7
500 10 5 iJN1463.cmd 5,4676938039E-7
500 10 10 iMM904.cmd 5,5650157003E-8
500 10 10 iJN1463.cmd 2,2596966022E-7
500 11 4 iMM904.cmd 1,0141881151E-7
500 11 4 iJN1463.cmd 5,2422796292E-7
500 11 6 iMM904.cmd 1,001011962E-7
500 11 6 iJN1463.cmd 5,270951541E-7
500 12 4 iMM904.cmd 1,0112722795E-7
500 12 4 iJN1463.cmd 5,4571146366E-7
500 12 6 iMM904.cmd 9,03477303E-8
500 12 6 iJN1463.cmd 4,9159175775E-7
500 12 14 iMM904.cmd 7,359067216E-9
500 12 14 iJN1463.cmd 2,1564612545E-8
500 13 5 iMM904.cmd 9,2257167491E-8
500 13 5 iJN1463.cmd 5,1519501027E-7
500 13 13 iMM904.cmd 1,4303849503E-8
500 13 13 iJN1463.cmd 3,3976702253E-8
500 14 2 iMM904.cmd 6,407223372E-8
500 14 2 iJN1463.cmd 3,5146410629E-7
500 14 4 iMM904.cmd 1,0762445195E-7
500 14 4 iJN1463.cmd 6,1187873182E-7
500 14 14 iMM904.cmd 8,4090243743E-9
500 14 14 iJN1463.cmd 2,1508489084E-8
500 10 6 iMM904.cmd 9,3318163974E-8
500 10 6 iJN1463.cmd 4,5481995722E-7
500 2 12 iMM904.cmd 4,0265786944E-7
500 2 12 iJN1463.cmd 8,1383563476E-7
500 14 5 iMM904.cmd 8,1870578362E-8
500 14 5 iJN1463.cmd 4,6128453357E-7
500 4 6 iMM904.cmd 3,4545041919E-7
500 4 6 iJN1463.cmd 7,6800665933E-7
500 13 6 iMM904.cmd 6,2033633649E-8
500 13 6 iJN1463.cmd 3,4200603651E-7
500 8 4 iMM904.cmd 9,0131279028E-8
500 8 4 iJN1463.cmd 3,4307551609E-7
500 9 3 iMM904.cmd 7,2357960542E-8
500 9 3 iJN1463.cmd 2,8495383514E-7
500 11 3 iMM904.cmd 7,1438565472E-8
500 11 3 iJN1463.cmd 3,4422400429E-7
500 0 3 iMM904.cmd 1,6728676201E-7
500 0 3 iJN1463.cmd 4,0376747162E-7
500 0 5 iMM904.cmd 1,7987873621E-7
500 0 5 iJN1463.cmd 4,3295480453E-7
500 0 10 iMM904.cmd 1,6854764766E-7
500 0 10 iJN1463.cmd 3,9259942831E-7
500 0 12 iMM904.cmd 1,7037814727E-7
500 0 12 iJN1463.cmd 4,0006061231E-7
500 2 3 iMM904.cmd 3,65567412E-7
500 2 3 iJN1463.cmd 7,4694007805E-7
500 2 6 iMM904.cmd 3,9620048527E-7
500 2 6 iJN1463.cmd 8,0596436402E-7
500 3 7 iMM904.cmd 3,6867301075E-7
500 3 7 iJN1463.cmd 7,7691879684E-7
500 3 11 iMM904.cmd 3,8651685171E-7
500 3 11 iJN1463.cmd 7,8281966336E-7
500 6 5 iMM904.cmd 1,3475831097E-7
500 6 5 iJN1463.cmd 4,1001104575E-7
500 8 9 iMM904.cmd 8,8706592394E-8
500 8 9 iJN1463.cmd 2,7737694596E-7
500 8 11 iMM904.cmd 9,349010418E-8
500 8 11 iJN1463.cmd 2,887276962E-7
500 10 9 iMM904.cmd 5,4101277916E-8
500 10 9 iJN1463.cmd 2,1882984727E-7
500 10 11 iMM904.cmd 5,4761284444E-8
500 10 11 iJN1463.cmd 2,1709913479E-7
500 12 3 iMM904.cmd 6,950535299E-8
500 12 3 iJN1463.cmd 3,5125447684E-7
500 1 13 iMM904.cmd 2,9469961228E-7
500 1 13 iJN1463.cmd 5,7698644738E-7
500 2 10 iMM904.cmd 3,9118793243E-7
500 2 10 iJN1463.cmd 7,6028062577E-7
500 4 14 iMM904.cmd 1,5157085626E-7
500 4 14 iJN1463.cmd 4,0501058193E-7
500 2 14 iMM904.cmd 1,6044305014E-7
500 2 14 iJN1463.cmd 3,7904175973E-7
500 4 11 iMM904.cmd 3,5250641411E-7
500 4 11 iJN1463.cmd 7,3393295278E-7
500 1 6 iMM904.cmd 3,4897033298E-7
500 1 6 iJN1463.cmd 6,9601014295E-7
500 3 3 iMM904.cmd 3,2379676229E-7
500 3 3 iJN1463.cmd 6,6784386148E-7
500 3 9 iMM904.cmd 3,5110987618E-7
500 3 9 iJN1463.cmd 7,0098461427E-7
500 4 10 iMM904.cmd 3,0932629871E-7
500 4 10 iJN1463.cmd 6,3511210693E-7
500 5 6 iMM904.cmd 2,6236818212E-7
500 5 6 iJN1463.cmd 6,0450491999E-7
500 5 7 iMM904.cmd 2,9042343617E-7
500 5 7 iJN1463.cmd 6,4668420839E-7
500 5 9 iMM904.cmd 2,1651900949E-7
500 5 9 iJN1463.cmd 4,5886022241E-7
500 5 14 iMM904.cmd 1,205223485E-7
500 5 14 iJN1463.cmd 3,3419950082E-7
500 6 11 iMM904.cmd 1,5005700676E-7
500 6 11 iJN1463.cmd 3,5668048798E-7
500 7 4 iMM904.cmd 8,9238812265E-8
500 7 4 iJN1463.cmd 2,959977505E-7
500 7 8 iMM904.cmd 1,0386854923E-7
500 7 8 iJN1463.cmd 2,8087446355E-7
500 7 12 iMM904.cmd 1,3188769316E-7
500 7 12 iJN1463.cmd 3,1703314957E-7
500 13 2 iMM904.cmd 4,119670603E-8
500 13 2 iJN1463.cmd 2,084654098E-7
500 14 1 iMM904.cmd 3,3943607955E-8
500 14 1 iJN1463.cmd 1,7613412975E-7
500 1 2 iMM904.cmd 2,8741726249E-7
500 1 2 iJN1463.cmd 5,7246478998E-7
500 1 9 iMM904.cmd 3,2930573122E-7
500 1 9 iJN1463.cmd 6,2479033825E-7
500 7 10 iMM904.cmd 1,113185848E-7
500 7 10 iJN1463.cmd 2,7870111772E-7
500 10 2 iMM904.cmd 5,2344874729E-8
500 10 2 iJN1463.cmd 2,0777159547E-7
500 11 10 iMM904.cmd 3,3649066499E-8
500 11 10 iJN1463.cmd 1,324226535E-7
500 14 6 iMM904.cmd 4,862518319E-8
500 14 6 iJN1463.cmd 2,69055104E-7
500 8 3 iMM904.cmd 6,9360372807E-8
500 8 3 iJN1463.cmd 2,3004760494E-7
500 10 7 iMM904.cmd 5,4458698394E-8
500 10 7 iJN1463.cmd 2,4324333625E-7
500 12 13 iMM904.cmd 1,4794693945E-8
500 12 13 iJN1463.cmd 3,6430247305E-8
500 14 13 iMM904.cmd 1,2757493952E-8
500 14 13 iJN1463.cmd 3,0326781145E-8
500 3 10 iMM904.cmd 3,6285856401E-7
500 3 10 iJN1463.cmd 7,1711471536E-7
500 7 11 iMM904.cmd 1,1839293721E-7
500 7 11 iJN1463.cmd 2,9725654592E-7
500 13 12 iMM904.cmd 1,4447308649E-8
500 13 12 iJN1463.cmd 3,5266159955E-8
500 2 7 iMM904.cmd 3,7854181028E-7
500 2 7 iJN1463.cmd 7,4997731838E-7
500 0 13 iMM904.cmd 1,3213160432E-7
500 0 13 iJN1463.cmd 2,9809445849E-7
500 11 2 iMM904.cmd 4,3883617749E-8
500 11 2 iJN1463.cmd 1,8851571311E-7
500 2 9 iMM904.cmd 3,7073255042E-7
500 2 9 iJN1463.cmd 7,0802860087E-7
500 7 9 iMM904.cmd 1,0533929711E-7
500 7 9 iJN1463.cmd 2,6684663734E-7
500 9 2 iMM904.cmd 5,0149658714E-8
500 9 2 iJN1463.cmd 1,7026434384E-7
500 12 2 iMM904.cmd 4,5067657337E-8
500 12 2 iJN1463.cmd 2,1225546111E-7
500 13 7 iMM904.cmd 2,579651656E-8
500 13 7 iJN1463.cmd 1,3950662049E-7
500 0 6 iMM904.cmd 1,4594768921E-7
500 0 6 iJN1463.cmd 3,326814457E-7
500 2 2 iMM904.cmd 3,0931939336E-7
500 2 2 iJN1463.cmd 6,1889020068E-7
500 11 11 iMM904.cmd 3,3254189766E-8
500 11 11 iJN1463.cmd 1,2594734299E-7
500 0 2 iMM904.cmd 1,3262636923E-7
500 0 2 iJN1463.cmd 3,092104637E-7
500 0 9 iMM904.cmd 1,4360594179E-7
500 0 9 iJN1463.cmd 3,171668764E-7
500 1 14 iMM904.cmd 1,2952010945E-7
500 1 14 iJN1463.cmd 2,8988836845E-7
500 10 8 iMM904.cmd 3,5736195042E-8
500 10 8 iJN1463.cmd 1,4812569108E-7
500 5 10 iMM904.cmd 2,1668030251E-7
500 5 10 iJN1463.cmd 4,4419081289E-7
500 13 1 iMM904.cmd 2,544328157E-8
500 13 1 iJN1463.cmd 1,2531644877E-7
500 6 10 iMM904.cmd 1,4750593766E-7
500 6 10 iJN1463.cmd 3,2302131523E-7
500 7 3 iMM904.cmd 7,4752118366E-8
500 7 3 iJN1463.cmd 2,0765508058E-7
500 3 2 iMM904.cmd 2,6697831738E-7
500 3 2 iJN1463.cmd 5,4415210897E-7
500 6 9 iMM904.cmd 1,3754817299E-7
500 6 9 iJN1463.cmd 3,0069158852E-7
500 4 3 iMM904.cmd 2,2147120306E-7
500 4 3 iJN1463.cmd 4,5797544718E-7
500 6 8 iMM904.cmd 1,0684189188E-7
500 6 8 iJN1463.cmd 2,4416265233E-7
500 7 13 iMM904.cmd 7,7519059338E-8
500 7 13 iJN1463.cmd 1,693151672E-7
500 14 0 iMM904.cmd 1,8588485815E-8
500 14 0 iJN1463.cmd 8,8845220914E-8
500 12 10 iMM904.cmd 1,7418498098E-8
500 12 10 iJN1463.cmd 6,3822182083E-8
500 1 1 iMM904.cmd 2,4263228808E-7
500 1 1 iJN1463.cmd 4,8592773878E-7
500 1 8 iMM904.cmd 3,111617849E-7
500 1 8 iJN1463.cmd 5,8102505317E-7
500 14 7 iMM904.cmd 2,1538342272E-8
500 14 7 iJN1463.cmd 1,1533247361E-7
500 6 14 iMM904.cmd 4,3605688572E-8
500 6 14 iJN1463.cmd 1,305861533E-7
500 8 2 iMM904.cmd 5,0695142158E-8
500 8 2 iJN1463.cmd 1,4742210613E-7
500 2 8 iMM904.cmd 3,6352034663E-7
500 2 8 iJN1463.cmd 6,8944203653E-7
500 12 12 iMM904.cmd 1,6065054765E-8
500 12 12 iJN1463.cmd 4,1769014745E-8
500 14 12 iMM904.cmd 1,055932143E-8
500 14 12 iJN1463.cmd 2,8508636291E-8
500 0 14 iMM904.cmd 7,1933524004E-8
500 0 14 iJN1463.cmd 1,7194362083E-7
500 11 1 iMM904.cmd 1,9757735048E-8
500 11 1 iJN1463.cmd 8,0260550943E-8
500 2 1 iMM904.cmd 2,5846944277E-7
500 2 1 iJN1463.cmd 5,2763292277E-7
500 9 1 iMM904.cmd 3,517311467E-8
500 9 1 iJN1463.cmd 1,0171942744E-7
500 12 11 iMM904.cmd 1,968419905E-8
500 12 11 iJN1463.cmd 6,4800573073E-8
500 13 8 iMM904.cmd 8,8090988024E-9
500 13 8 iJN1463.cmd 4,9232149033E-8
500 13 0 iMM904.cmd 1,333289791E-8
500 13 0 iJN1463.cmd 6,3000592807E-8
500 0 1 iMM904.cmd 9,9264237946E-8
500 0 1 iJN1463.cmd 2,358607781E-7
500 0 8 iMM904.cmd 1,1571247659E-7
500 0 8 iJN1463.cmd 2,505255212E-7
500 11 13 iMM904.cmd 1,51069577E-8
500 11 13 iJN1463.cmd 4,085810359E-8
500 4 2 iMM904.cmd 1,9765503563E-7
500 4 2 iJN1463.cmd 4,1458496002E-7
500 11 8 iMM904.cmd 1,8127224948E-8
500 11 8 iJN1463.cmd 6,9938424255E-8
500 0 7 iMM904.cmd 6,6601124358E-8
500 0 7 iJN1463.cmd 1,6083594503E-7
500 7 2 iMM904.cmd 5,4072912354E-8
500 7 2 iJN1463.cmd 1,4208363927E-7
500 3 1 iMM904.cmd 2,1968274853E-7
500 3 1 iJN1463.cmd 4,634779699E-7
500 6 3 iMM904.cmd 1,0006774716E-7
500 6 3 iJN1463.cmd 2,3067495383E-7
500 5 3 iMM904.cmd 1,4084818192E-7
500 5 3 iJN1463.cmd 3,0759389545E-7
500 7 14 iMM904.cmd 3,1000240652E-8
500 7 14 iJN1463.cmd 8,0722795446E-8
500 8 13 iMM904.cmd 4,7474351085E-8
500 8 13 iJN1463.cmd 1,0035493481E-7
500 1 0 iMM904.cmd 2,1345072706E-7
500 1 0 iJN1463.cmd 4,4218341758E-7
500 8 1 iMM904.cmd 3,9319684218E-8
500 8 1 iJN1463.cmd 1,0660234141E-7
500 14 8 iMM904.cmd 7,3268480198E-9
500 14 8 iJN1463.cmd 4,1958018061E-8
500 13 10 iMM904.cmd 5,6512810703E-9
500 13 10 iJN1463.cmd 2,7189213491E-8
500 2 0 iMM904.cmd 2,2553334787E-7
500 2 0 iJN1463.cmd 4,8174213683E-7
500 4 1 iMM904.cmd 1,632457158E-7
500 4 1 iJN1463.cmd 3,6266804867E-7
500 5 2 iMM904.cmd 1,4421558198E-7
500 5 2 iJN1463.cmd 3,1802155442E-7
500 11 0 iMM904.cmd 9,6336664697E-9
500 11 0 iJN1463.cmd 4,0980219412E-8
500 9 0 iMM904.cmd 2,3752758722E-8
500 9 0 iJN1463.cmd 6,9393640334E-8
500 7 1 iMM904.cmd 4,7441453481E-8
500 7 1 iJN1463.cmd 1,2719730856E-7
500 11 14 iMM904.cmd 5,268440489E-9
500 11 14 iJN1463.cmd 2,0660428851E-8
500 12 0 iMM904.cmd 6,7610126094E-9
500 12 0 iJN1463.cmd 3,4395745971E-8
500 3 0 iMM904.cmd 1,8925818301E-7
500 3 0 iJN1463.cmd 4,2320956099E-7
500 14 11 iMM904.cmd 2,9417806445E-9
500 14 11 iJN1463.cmd 2,0532965722E-8
500 0 0 iMM904.cmd 7,8187535768E-8
500 0 0 iJN1463.cmd 1,987278393E-7
500 5 4 iMM904.cmd 1,1331553068E-7
500 5 4 iJN1463.cmd 2,6378574948E-7
500 8 14 iMM904.cmd 1,8123051736E-8
500 8 14 iJN1463.cmd 4,7203725438E-8
500 10 13 iMM904.cmd 1,7993729268E-8
500 10 13 iJN1463.cmd 5,0790230812E-8
500 13 9 iMM904.cmd 2,9141598095E-9
500 13 9 iJN1463.cmd 2,2767070177E-8
500 8 0 iMM904.cmd 3,1712021313E-8
500 8 0 iJN1463.cmd 8,9432578927E-8
500 9 13 iMM904.cmd 2,8645653277E-8
500 9 13 iJN1463.cmd 6,7330273573E-8
500 5 1 iMM904.cmd 1,110291627E-7
500 5 1 iJN1463.cmd 2,6758841421E-7
500 4 0 iMM904.cmd 1,3903554223E-7
500 4 0 iJN1463.cmd 3,3364830904E-7
500 10 0 iMM904.cmd 1,203885245E-8
500 10 0 iJN1463.cmd 4,3728752836E-8
500 7 0 iMM904.cmd 4,0778954754E-8
500 7 0 iJN1463.cmd 1,1990563787E-7
500 6 1 iMM904.cmd 6,5279862493E-8
500 6 1 iJN1463.cmd 1,779529343E-7
500 14 10 iMM904.cmd 0E0
500 14 10 iJN1463.cmd 1,8503904193E-8
500 5 0 iMM904.cmd 9,1835120367E-8
500 5 0 iJN1463.cmd 2,4597824767E-7
500 14 9 iMM904.cmd 5,2953040859E-10
500 14 9 iJN1463.cmd 1,9691589816E-8
500 9 14 iMM904.cmd 9,2353649422E-9
500 9 14 iJN1463.cmd 3,0009670024E-8
500 10 14 iMM904.cmd 4,9538053857E-9
500 10 14 iJN1463.cmd 2,2846223815E-8
500 6 0 iMM904.cmd 5,6487769283E-8
500 6 0 iJN1463.cmd 1,7166740521E-7
1000 13 14 iMM904.cmd 1,5559400728E-8
1000 13 14 iJN1463.cmd 3,5085765451E-8
1000 9 5 iMM904.cmd 1,0860900581E-7
1000 9 5 iJN1463.cmd 4,1806719923E-7
1000 9 10 iMM904.cmd 9,2275094745E-8
1000 9 10 iJN1463.cmd 2,5686313896E-7
1000 13 4 iMM904.cmd 8,6099304707E-8
1000 13 4 iJN1463.cmd 4,6647862613E-7
1000 3 13 iMM904.cmd 4,489312982E-7
1000 3 13 iJN1463.cmd 8,1116049748E-7
1000 1 11 iMM904.cmd 5,0570828589E-7
1000 1 11 iJN1463.cmd 8,6877415879E-7
1000 5 12 iMM904.cmd 3,7835173163E-7
1000 5 12 iJN1463.cmd 7,1153449523E-7
1000 4 8 iMM904.cmd 4,6405755502E-7
1000 4 8 iJN1463.cmd 8,6074647902E-7
1000 3 5 iMM904.cmd 5,3287887361E-7
1000 3 5 iJN1463.cmd 9,5574418557E-7
1000 7 6 iMM904.cmd 1,6107721091E-7
1000 7 6 iJN1463.cmd 4,3918688293E-7
1000 1 4 iMM904.cmd 4,7061365224E-7
1000 1 4 iJN1463.cmd 8,3133111394E-7
1000 12 5 iMM904.cmd 8,6625754029E-8
1000 12 5 iJN1463.cmd 4,5232461122E-7
1000 14 3 iMM904.cmd 7,5264847368E-8
1000 14 3 iJN1463.cmd 4,1573680208E-7
1000 10 4 iMM904.cmd 9,1120101422E-8
1000 10 4 iJN1463.cmd 3,9473132705E-7
1000 11 5 iMM904.cmd 9,1818410791E-8
1000 11 5 iJN1463.cmd 4,5140244983E-7
1000 0 4 iMM904.cmd 3,576760181E-7
1000 0 4 iJN1463.cmd 6,8043736731E-7
1000 0 11 iMM904.cmd 3,739258972E-7
1000 0 11 iJN1463.cmd 6,8555740593E-7
1000 1 3 iMM904.cmd 4,4724923466E-7
1000 1 3 iJN1463.cmd 7,8155608662E-7
1000 1 5 iMM904.cmd 4,7855319061E-7
1000 1 5 iJN1463.cmd 8,4629798145E-7
1000 1 10 iMM904.cmd 5,0625400391E-7
1000 1 10 iJN1463.cmd 8,6161231055E-7
1000 1 12 iMM904.cmd 4,807851398E-7
1000 1 12 iJN1463.cmd 8,3114280927E-7
1000 2 4 iMM904.cmd 5,1844492441E-7
1000 2 4 iJN1463.cmd 9,0750116886E-7
1000 2 5 iMM904.cmd 5,3245923473E-7
1000 2 5 iJN1463.cmd 9,3811914432E-7
1000 2 11 iMM904.cmd 5,5467222422E-7
1000 2 11 iJN1463.cmd 9,4958748189E-7
1000 2 13 iMM904.cmd 4,5828481678E-7
1000 2 13 iJN1463.cmd 8,0775612987E-7
1000 3 4 iMM904.cmd 5,1889844206E-7
1000 3 4 iJN1463.cmd 9,1496903305E-7
1000 3 6 iMM904.cmd 5,2384777716E-7
1000 3 6 iJN1463.cmd 9,4366993092E-7
1000 3 12 iMM904.cmd 5,154731947E-7
1000 3 12 iJN1463.cmd 9,087813617E-7
1000 3 14 iMM904.cmd 3,2904070066E-7
1000 3 14 iJN1463.cmd 6,437491108E-7
1000 4 5 iMM904.cmd 5,1442156158E-7
1000 4 5 iJN1463.cmd 9,4625480636E-7
1000 4 7 iMM904.cmd 4,7149230158E-7
1000 4 7 iJN1463.cmd 8,7764121864E-7
1000 4 9 iMM904.cmd 4,5016602018E-7
1000 4 9 iJN1463.cmd 8,0920841402E-7
1000 4 12 iMM904.cmd 4,6571978158E-7
1000 4 12 iJN1463.cmd 8,4390194526E-7
1000 4 13 iMM904.cmd 4,0904519654E-7
1000 4 13 iJN1463.cmd 7,6125527782E-7
1000 5 13 iMM904.cmd 3,5981426268E-7
1000 5 13 iJN1463.cmd 6,8664878029E-7
1000 6 6 iMM904.cmd 2,3187684704E-7
1000 6 6 iJN1463.cmd 5,37061225E-7
1000 6 12 iMM904.cmd 2,6956293355E-7
1000 6 12 iJN1463.cmd 5,2436194164E-7
1000 7 5 iMM904.cmd 1,4378815167E-7
1000 7 5 iJN1463.cmd 4,0939508357E-7
1000 7 7 iMM904.cmd 1,5174497412E-7
1000 7 7 iJN1463.cmd 3,8947302504E-7
1000 8 5 iMM904.cmd 1,2495485624E-7
1000 8 5 iJN1463.cmd 4,05136171E-7
1000 8 6 iMM904.cmd 1,34449214E-7
1000 8 6 iJN1463.cmd 4,3101118705E-7
1000 8 10 iMM904.cmd 1,2733640065E-7
1000 8 10 iJN1463.cmd 3,054052159E-7
1000 9 4 iMM904.cmd 9,9662017733E-8
1000 9 4 iJN1463.cmd 3,704509435E-7
1000 9 6 iMM904.cmd 1,1224527484E-7
1000 9 6 iJN1463.cmd 4,3182750571E-7
1000 9 9 iMM904.cmd 9,2308736147E-8
1000 9 9 iJN1463.cmd 2,5965671097E-7
1000 9 11 iMM904.cmd 9,27934289E-8
1000 9 11 iJN1463.cmd 2,564462679E-7
1000 10 3 iMM904.cmd 7,9893064304E-8
1000 10 3 iJN1463.cmd 3,2543995415E-7
1000 10 5 iMM904.cmd 9,6960209307E-8
1000 10 5 iJN1463.cmd 4,3102801353E-7
1000 10 10 iMM904.cmd 6,7883783444E-8
1000 10 10 iJN1463.cmd 2,0759895174E-7
1000 11 4 iMM904.cmd 8,6531382701E-8
1000 11 4 iJN1463.cmd 4,1695297575E-7
1000 11 6 iMM904.cmd 9,0802238946E-8
1000 11 6 iJN1463.cmd 4,4823507937E-7
1000 12 4 iMM904.cmd 8,460716035E-8
1000 12 4 iJN1463.cmd 4,3607529431E-7
1000 12 6 iMM904.cmd 8,2569119253E-8
1000 12 6 iJN1463.cmd 4,3169379087E-7
1000 12 14 iMM904.cmd 1,7968010498E-8
1000 12 14 iJN1463.cmd 4,0241809327E-8
1000 13 5 iMM904.cmd 8,0228113647E-8
1000 13 5 iJN1463.cmd 4,3483283572E-7
1000 13 13 iMM904.cmd 1,9774348826E-8
1000 13 13 iJN1463.cmd 4,1940814844E-8
1000 14 2 iMM904.cmd 5,5649835664E-8
1000 14 2 iJN1463.cmd 2,9775633655E-7
1000 14 4 iMM904.cmd 8,3029199923E-8
1000 14 4 iJN1463.cmd 4,5889652517E-7
1000 14 14 iMM904.cmd 1,4329939677E-8
1000 14 14 iJN1463.cmd 3,2361029254E-8
1000 10 6 iMM904.cmd 9,3228618203E-8
1000 10 6 iJN1463.cmd 4,1308136155E-7
1000 2 12 iMM904.cmd 5,2832602313E-7
1000 2 12 iJN1463.cmd 9,1261401472E-7
1000 14 5 iMM904.cmd 7,6067201928E-8
1000 14 5 iJN1463.cmd 4,1958959272E-7
1000 4 6 iMM904.cmd 4,7350261261E-7
1000 4 6 iJN1463.cmd 8,834033965E-7
1000 13 6 iMM904.cmd 6,5569273627E-8
1000 13 6 iJN1463.cmd 3,5401301108E-7
1000 8 4 iMM904.cmd 1,1111543323E-7
1000 8 4 iJN1463.cmd 3,5031041897E-7
1000 9 3 iMM904.cmd 8,7996755529E-8
1000 9 3 iJN1463.cmd 3,0075627905E-7
1000 11 3 iMM904.cmd 7,4048698235E-8
1000 11 3 iJN1463.cmd 3,4049398996E-7
1000 0 3 iMM904.cmd 3,4086399176E-7
1000 0 3 iJN1463.cmd 6,4323765014E-7
1000 0 5 iMM904.cmd 3,5579065426E-7
1000 0 5 iJN1463.cmd 6,7559146374E-7
1000 0 10 iMM904.cmd 3,7406171635E-7
1000 0 10 iJN1463.cmd 6,7838212093E-7
1000 0 12 iMM904.cmd 3,5094497051E-7
1000 0 12 iJN1463.cmd 6,4825049337E-7
1000 2 3 iMM904.cmd 4,8308379882E-7
1000 2 3 iJN1463.cmd 8,3422975973E-7
1000 2 6 iMM904.cmd 5,3462467051E-7
1000 2 6 iJN1463.cmd 9,3885410811E-7
1000 3 7 iMM904.cmd 5,2313424128E-7
1000 3 7 iJN1463.cmd 9,3968370752E-7
1000 3 11 iMM904.cmd 5,4178481129E-7
1000 3 11 iJN1463.cmd 9,4318308769E-7
1000 6 5 iMM904.cmd 1,780889404E-7
1000 6 5 iJN1463.cmd 4,607331168E-7
1000 8 9 iMM904.cmd 1,2472023618E-7
1000 8 9 iJN1463.cmd 3,024530843E-7
1000 8 11 iMM904.cmd 1,2940725378E-7
1000 8 11 iJN1463.cmd 3,0801925204E-7
1000 10 9 iMM904.cmd 7,2102200336E-8
1000 10 9 iJN1463.cmd 2,2565685898E-7
1000 10 11 iMM904.cmd 6,6132671145E-8
1000 10 11 iJN1463.cmd 2,0364638178E-7
1000 12 3 iMM904.cmd 7,2403882436E-8
1000 12 3 iJN1463.cmd 3,5670140226E-7
1000 1 13 iMM904.cmd 4,1615602465E-7
1000 1 13 iJN1463.cmd 7,3070679897E-7
1000 2 10 iMM904.cmd 5,5395022299E-7
1000 2 10 iJN1463.cmd 9,4054472537E-7
1000 4 14 iMM904.cmd 2,9886432248E-7
1000 4 14 iJN1463.cmd 6,0354052206E-7
1000 2 14 iMM904.cmd 3,2927117163E-7
1000 2 14 iJN1463.cmd 6,272629106E-7
1000 4 11 iMM904.cmd 5,0412249137E-7
1000 4 11 iJN1463.cmd 8,9453673126E-7
1000 1 6 iMM904.cmd 4,7390306423E-7
1000 1 6 iJN1463.cmd 8,3361226815E-7
1000 3 3 iMM904.cmd 4,5464280118E-7
1000 3 3 iJN1463.cmd 7,8866684206E-7
1000 3 9 iMM904.cmd 5,2226841318E-7
1000 3 9 iJN1463.cmd 9,0306311286E-7
1000 4 10 iMM904.cmd 4,6319416173E-7
1000 4 10 iJN1463.cmd 8,2284894097E-7
1000 5 6 iMM904.cmd 3,7287180655E-7
1000 5 6 iJN1463.cmd 7,3786916924E-7
1000 5 7 iMM904.cmd 4,1962883159E-7
1000 5 7 iJN1463.cmd 8,0483502205E-7
1000 5 9 iMM904.cmd 3,3977313757E-7
1000 5 9 iJN1463.cmd 6,2536807534E-7
1000 5 14 iMM904.cmd 2,4079909628E-7
1000 5 14 iJN1463.cmd 5,0164059597E-7
1000 6 11 iMM904.cmd 2,275619627E-7
1000 6 11 iJN1463.cmd 4,5225476911E-7
1000 7 4 iMM904.cmd 1,2002647935E-7
1000 7 4 iJN1463.cmd 3,4442932752E-7
1000 7 8 iMM904.cmd 1,6136712074E-7
1000 7 8 iJN1463.cmd 3,6303142703E-7
1000 7 12 iMM904.cmd 1,9272237216E-7
1000 7 12 iJN1463.cmd 3,8379007967E-7
1000 13 2 iMM904.cmd 4,9251862557E-8
1000 13 2 iJN1463.cmd 2,5067972384E-7
1000 14 1 iMM904.cmd 3,9752274683E-8
1000 14 1 iJN1463.cmd 2,0623943447E-7
1000 1 2 iMM904.cmd 4,1843766774E-7
1000 1 2 iJN1463.cmd 7,1939304171E-7
1000 1 9 iMM904.cmd 4,9688729095E-7
1000 1 9 iJN1463.cmd 8,3626791932E-7
1000 7 10 iMM904.cmd 1,7544304116E-7
1000 7 10 iJN1463.cmd 3,7078538818E-7
1000 10 2 iMM904.cmd 6,9433430033E-8
1000 10 2 iJN1463.cmd 2,6253483112E-7
1000 11 10 iMM904.cmd 4,6294210789E-8
1000 11 10 iJN1463.cmd 1,4688091072E-7
1000 14 6 iMM904.cmd 5,9239683183E-8
1000 14 6 iJN1463.cmd 3,2484696435E-7
1000 8 3 iMM904.cmd 9,8131127892E-8
1000 8 3 iJN1463.cmd 2,861006594E-7
1000 10 7 iMM904.cmd 7,2708708685E-8
1000 10 7 iJN1463.cmd 3,104667509E-7
1000 12 13 iMM904.cmd 2,384669871E-8
1000 12 13 iJN1463.cmd 5,0496751387E-8
1000 14 13 iMM904.cmd 1,744053326E-8
1000 14 13 iJN1463.cmd 3,7237905607E-8
1000 3 10 iMM904.cmd 5,3166204406E-7
1000 3 10 iJN1463.cmd 9,200206501E-7
1000 7 11 iMM904.cmd 1,7917160572E-7
1000 7 11 iJN1463.cmd 3,7497486986E-7
1000 13 12 iMM904.cmd 2,0745433929E-8
1000 13 12 iJN1463.cmd 4,6109280646E-8
1000 2 7 iMM904.cmd 5,5164485137E-7
1000 2 7 iJN1463.cmd 9,5656476406E-7
1000 0 13 iMM904.cmd 3,0089581499E-7
1000 0 13 iJN1463.cmd 5,6475064609E-7
1000 11 2 iMM904.cmd 5,8696314476E-8
1000 11 2 iJN1463.cmd 2,5411081704E-7
1000 2 9 iMM904.cmd 5,4805229613E-7
1000 2 9 iJN1463.cmd 9,238399008E-7
1000 7 9 iMM904.cmd 1,6829112811E-7
1000 7 9 iJN1463.cmd 3,6212570288E-7
1000 9 2 iMM904.cmd 7,5510448454E-8
1000 9 2 iJN1463.cmd 2,3114628539E-7
1000 12 2 iMM904.cmd 5,8543793151E-8
1000 12 2 iJN1463.cmd 2,8143970917E-7
1000 13 7 iMM904.cmd 4,0111063252E-8
1000 13 7 iJN1463.cmd 2,1545240798E-7
1000 0 6 iMM904.cmd 3,2776796806E-7
1000 0 6 iJN1463.cmd 6,1938114691E-7
1000 2 2 iMM904.cmd 4,4902519162E-7
1000 2 2 iJN1463.cmd 7,6324376888E-7
1000 11 11 iMM904.cmd 4,6263947413E-8
1000 11 11 iJN1463.cmd 1,463607443E-7
1000 0 2 iMM904.cmd 3,1513546083E-7
1000 0 2 iJN1463.cmd 5,8606883892E-7
1000 0 9 iMM904.cmd 3,5861860282E-7
1000 0 9 iJN1463.cmd 6,4302664897E-7
1000 1 14 iMM904.cmd 2,9465914317E-7
1000 1 14 iJN1463.cmd 5,5832970591E-7
1000 10 8 iMM904.cmd 5,988251271E-8
1000 10 8 iJN1463.cmd 2,2219897076E-7
1000 5 10 iMM904.cmd 3,4656388009E-7
1000 5 10 iJN1463.cmd 6,3418499593E-7
1000 13 1 iMM904.cmd 3,6925800731E-8
1000 13 1 iJN1463.cmd 1,8614739002E-7
1000 6 10 iMM904.cmd 2,4125829918E-7
1000 6 10 iJN1463.cmd 4,6908393627E-7
1000 7 3 iMM904.cmd 1,22654446E-7
1000 7 3 iJN1463.cmd 2,9708633393E-7
1000 3 2 iMM904.cmd 4,1829548451E-7
1000 3 2 iJN1463.cmd 7,1528716889E-7
1000 6 9 iMM904.cmd 2,2909295865E-7
1000 6 9 iJN1463.cmd 4,4927269855E-7
1000 4 3 iMM904.cmd 3,6032612418E-7
1000 4 3 iJN1463.cmd 6,2676384004E-7
1000 6 8 iMM904.cmd 1,842817286E-7
1000 6 8 iJN1463.cmd 3,8026931032E-7
1000 7 13 iMM904.cmd 1,2748499154E-7
1000 7 13 iJN1463.cmd 2,5012850791E-7
1000 14 0 iMM904.cmd 3,0275912637E-8
1000 14 0 iJN1463.cmd 1,5082304007E-7
1000 12 10 iMM904.cmd 2,9322265878E-8
1000 12 10 iJN1463.cmd 9,5869699514E-8
1000 1 1 iMM904.cmd 3,9288013891E-7
1000 1 1 iJN1463.cmd 6,6583038407E-7
1000 1 8 iMM904.cmd 4,8720631378E-7
1000 1 8 iJN1463.cmd 8,1442323998E-7
1000 14 7 iMM904.cmd 3,8093397229E-8
1000 14 7 iJN1463.cmd 2,0585220398E-7
1000 6 14 iMM904.cmd 1,3538975138E-7
1000 6 14 iJN1463.cmd 3,0258369467E-7
1000 8 2 iMM904.cmd 8,5331719552E-8
1000 8 2 iJN1463.cmd 2,2424881439E-7
1000 2 8 iMM904.cmd 5,5123398879E-7
1000 2 8 iJN1463.cmd 9,2588941618E-7
1000 12 12 iMM904.cmd 2,5171235528E-8
1000 12 12 iJN1463.cmd 6,1702132881E-8
1000 14 12 iMM904.cmd 1,7034383857E-8
1000 14 12 iJN1463.cmd 3,8527576269E-8
1000 0 14 iMM904.cmd 2,3963406298E-7
1000 0 14 iJN1463.cmd 4,6963856956E-7
1000 11 1 iMM904.cmd 3,9669842814E-8
1000 11 1 iJN1463.cmd 1,5587342568E-7
1000 2 1 iMM904.cmd 4,2148470345E-7
1000 2 1 iJN1463.cmd 7,0770139524E-7
1000 9 1 iMM904.cmd 6,6554137369E-8
1000 9 1 iJN1463.cmd 1,6943153787E-7
1000 12 11 iMM904.cmd 3,1737858664E-8
1000 12 11 iJN1463.cmd 9,6558171565E-8
1000 13 8 iMM904.cmd 2,3601058413E-8
1000 13 8 iJN1463.cmd 1,1917933518E-7
1000 13 0 iMM904.cmd 2,7763144424E-8
1000 13 0 iJN1463.cmd 1,2995150187E-7
1000 0 1 iMM904.cmd 2,905601265E-7
1000 0 1 iJN1463.cmd 5,3329951996E-7
1000 0 8 iMM904.cmd 3,2696448771E-7
1000 0 8 iJN1463.cmd 5,8879747072E-7
1000 11 13 iMM904.cmd 3,0643911148E-8
1000 11 13 iJN1463.cmd 5,9660217136E-8
1000 4 2 iMM904.cmd 3,4968146926E-7
1000 4 2 iJN1463.cmd 6,0311580101E-7
1000 11 8 iMM904.cmd 4,5134451214E-8
1000 11 8 iJN1463.cmd 1,650107932E-7
1000 0 7 iMM904.cmd 2,60087229E-7
1000 0 7 iJN1463.cmd 4,9902528007E-7
1000 7 2 iMM904.cmd 1,0167557944E-7
1000 7 2 iJN1463.cmd 2,3473808576E-7
1000 3 1 iMM904.cmd 3,9103685964E-7
1000 3 1 iJN1463.cmd 6,6263368131E-7
1000 6 3 iMM904.cmd 1,8818805246E-7
1000 6 3 iJN1463.cmd 3,670745457E-7
1000 5 3 iMM904.cmd 2,6870567898E-7
1000 5 3 iJN1463.cmd 4,7806928285E-7
1000 7 14 iMM904.cmd 9,4569427418E-8
1000 7 14 iJN1463.cmd 2,0391020361E-7
1000 8 13 iMM904.cmd 8,6471839002E-8
1000 8 13 iJN1463.cmd 1,6420118947E-7
1000 1 0 iMM904.cmd 3,7788775905E-7
1000 1 0 iJN1463.cmd 6,3557017973E-7
1000 8 1 iMM904.cmd 8,2520761494E-8
1000 8 1 iJN1463.cmd 1,8721379067E-7
1000 14 8 iMM904.cmd 2,2701446124E-8
1000 14 8 iJN1463.cmd 1,1517989749E-7
1000 13 10 iMM904.cmd 1,7159477352E-8
1000 13 10 iJN1463.cmd 6,2092567678E-8
1000 2 0 iMM904.cmd 4,058486824E-7
1000 2 0 iJN1463.cmd 6,7741864881E-7
1000 4 1 iMM904.cmd 3,2721691277E-7
1000 4 1 iJN1463.cmd 5,6240792858E-7
1000 5 2 iMM904.cmd 2,8804028596E-7
1000 5 2 iJN1463.cmd 5,0296763529E-7
1000 11 0 iMM904.cmd 2,9969752072E-8
1000 11 0 iJN1463.cmd 1,0031842724E-7
1000 9 0 iMM904.cmd 5,6625495286E-8
1000 9 0 iJN1463.cmd 1,3146655077E-7
1000 7 1 iMM904.cmd 1,1393968304E-7
1000 7 1 iJN1463.cmd 2,3059812792E-7
1000 11 14 iMM904.cmd 2,2365378905E-8
1000 11 14 iJN1463.cmd 4,8105875599E-8
1000 12 0 iMM904.cmd 2,4353027411E-8
1000 12 0 iJN1463.cmd 9,2944698436E-8
1000 3 0 iMM904.cmd 3,7577443044E-7
1000 3 0 iJN1463.cmd 6,3447406394E-7
1000 14 11 iMM904.cmd 1,3361460615E-8
1000 14 11 iJN1463.cmd 3,6611295011E-8
1000 0 0 iMM904.cmd 2,7572467398E-7
1000 0 0 iJN1463.cmd 5,026860349E-7
1000 5 4 iMM904.cmd 2,4906339153E-7
1000 5 4 iJN1463.cmd 4,4051573447E-7
1000 8 14 iMM904.cmd 6,4424198132E-8
1000 8 14 iJN1463.cmd 1,3386330949E-7
1000 10 13 iMM904.cmd 4,1942179969E-8
1000 10 13 iJN1463.cmd 7,8653914372E-8
1000 13 9 iMM904.cmd 1,6421023049E-8
1000 13 9 iJN1463.cmd 7,0065124295E-8
1000 8 0 iMM904.cmd 7,9757801099E-8
1000 8 0 iJN1463.cmd 1,6794030515E-7
1000 9 13 iMM904.cmd 5,964110629E-8
1000 9 13 iJN1463.cmd 1,1098371013E-7
1000 5 1 iMM904.cmd 2,5450331253E-7
1000 5 1 iJN1463.cmd 4,4639764271E-7
1000 4 0 iMM904.cmd 3,1362238337E-7
1000 4 0 iJN1463.cmd 5,3878306825E-7
1000 10 0 iMM904.cmd 3,6907424729E-8
1000 10 0 iJN1463.cmd 9,6028027548E-8
1000 7 0 iMM904.cmd 1,1545973133E-7
1000 7 0 iJN1463.cmd 2,2390077617E-7
1000 6 1 iMM904.cmd 1,7364398791E-7
1000 6 1 iJN1463.cmd 3,1792547974E-7
1000 14 10 iMM904.cmd 1,3023069389E-8
1000 14 10 iJN1463.cmd 4,6583639925E-8
1000 5 0 iMM904.cmd 2,4129775901E-7
1000 5 0 iJN1463.cmd 4,2418896155E-7
1000 14 9 iMM904.cmd 1,5085747367E-8
1000 14 9 iJN1463.cmd 6,5258569237E-8
1000 9 14 iMM904.cmd 4,3706086022E-8
1000 9 14 iJN1463.cmd 8,9367463875E-8
1000 10 14 iMM904.cmd 3,0333349474E-8
1000 10 14 iJN1463.cmd 6,2972946874E-8
1000 6 0 iMM904.cmd 1,7052710715E-7
1000 6 0 iJN1463.cmd 3,1091104838E-7
