0	1,5E-7	1,5E-7
1	1,575269477E-7	1,5745789568E-7
2	1,6544993584E-7	1,6530699528E-7
3	1,7445330754E-7	1,7415716959E-7
4	1,8430970521E-7	1,8374734927E-7
5	1,9492505195E-7	1,9405867554E-7
6	2,063253092E-7	2,051050792E-7
7	2,1855652645E-7	2,1692057412E-7
8	2,3166333024E-7	2,2953498644E-7
9	2,4569297194E-7	2,4298489648E-7
10	2,6068646553E-7	2,5730247305E-7
11	2,7669018785E-7	2,7252216706E-7
12	2,9375718575E-7	2,8868944022E-7
13	3,1194700604E-7	3,0585897709E-7
14	3,3132261158E-7	3,2408849756E-7
15	3,5195213883E-7	3,4343950534E-7
16	3,7391023476E-7	3,6397677415E-7
17	3,9727886775E-7	3,8577086258E-7
18	4,221415884E-7	4,0889573317E-7
19	4,485808572E-7	4,3342998666E-7
20	4,7616094505E-7	4,5938253622E-7
21	5,0428171082E-7	4,8674415686E-7
22	5,3296710148E-7	5,1559821116E-7
23	5,6228254745E-7	5,4603705333E-7
24	5,9230695647E-7	5,7818263532E-7
25	6,2306371498E-7	6,1211573461E-7
26	6,546999764E-7	6,4790029482E-7
27	6,872459629E-7	6,8561949586E-7
28	7,2076012734E-7	7,2534078015E-7
29	7,5531861055E-7	7,6718185018E-7
30	7,9098324345E-7	8,1136354237E-7
31	8,2760920649E-7	8,5795057154E-7
32	8,6510611936E-7	9,0702215405E-7
33	9,0321206771E-7	9,5868812511E-7
34	9,4137432043E-7	1,0130632708E-6
35	9,7927720255E-7	1,0703840974E-6
36	1,0171996744E-6	1,1304009077E-6
37	1,0557074335E-6	1,1931589702E-6
38	1,0946293938E-6	1,2589478954E-6
39	1,1340702043E-6	1,3280017008E-6
40	1,1740940965E-6	1,4004271989E-6
41	1,2147303206E-6	1,4763713408E-6
42	1,2560846439E-6	1,5560425731E-6
43	1,2984609055E-6	1,6399885014E-6
44	1,341972881E-6	1,7281503958E-6
45	1,3867483897E-6	1,8208858892E-6
46	1,4326894303E-6	1,9182756329E-6
47	1,4795042517E-6	2,0204769326E-6
48	1,5273871823E-6	2,127794317E-6
49	1,5763747416E-6	2,240526023E-6
50	1,6265640943E-6	2,3590068587E-6
51	1,6780164361E-6	2,4835277898E-6
52	1,7307981513E-6	2,6144412263E-6
53	1,7851159149E-6	2,7518786909E-6
54	1,8407376681E-6	2,8964764742E-6
55	1,8980540881E-6	3,0484129093E-6
56	1,9571943843E-6	3,2083653618E-6
57	2,0181735569E-6	3,376566911E-6
58	2,0809351932E-6	3,5533452475E-6
59	2,1452212855E-6	3,739107141E-6
60	2,211319676E-6	3,9339561844E-6
61	2,2790953805E-6	4,1381747684E-6
62	2,3486881823E-6	4,3521569433E-6
63	2,4200783754E-6	4,5763407981E-6
64	2,4934103978E-6	4,8105292075E-6
65	2,5688940139E-6	5,0560390807E-6
66	2,6464942425E-6	5,3127292055E-6
67	2,7263104477E-6	5,5806877315E-6
68	2,808349023E-6	5,8598930323E-6
69	2,8926853277E-6	6,1512361012E-6
70	2,9792585184E-6	6,4550217434E-6
71	3,0682273958E-6	6,7718901784E-6
72	3,1597358803E-6	7,1021816129E-6
73	3,2537758586E-6	7,4462425178E-6
74	3,3502126017E-6	7,8046774431E-6
75	3,4496075013E-6	8,1749205696E-6
76	3,5523103213E-6	8,5609334993E-6
77	3,6578319946E-6	8,9649258655E-6
78	3,7661020654E-6	9,3849546326E-6
79	3,8770512497E-6	9,8223869362E-6
80	3,99096721E-6	1,0279302442E-5
81	4,1079877875E-6	1,0754329396E-5
82	4,2281708236E-6	1,1248322742E-5
83	4,3515813027E-6	1,1760140649E-5
84	4,4786467247E-6	1,2292771982E-5
85	4,6083143803E-6	1,2839262895E-5
86	4,7398941344E-6	1,3399437128E-5
87	4,8724873552E-6	1,3971256799E-5
88	5,0057937824E-6	1,4554233659E-5
89	5,1384528515E-6	1,5148941079E-5
90	5,2698677126E-6	1,5753591232E-5
91	5,3983757732E-6	1,6366765065E-5
92	5,5228208805E-6	1,6991746977E-5
93	5,6444204195E-6	1,7632710391E-5
94	5,7619744455E-6	1,8282994048E-5
95	5,8721068833E-6	1,8940300083E-5
96	5,9761454131E-6	1,9603720859E-5
97	6,0744023403E-6	2,0275890894E-5
98	6,1674961307E-6	2,0958281609E-5
99	6,2562231644E-6	2,1654784726E-5
100	6,3418453977E-6	2,2366983311E-5
101	6,4237576657E-6	2,3095700224E-5
102	6,5032898257E-6	2,3841888017E-5
103	6,5813921736E-6	2,4607541237E-5
104	6,6577166715E-6	2,5393269935E-5
105	6,7330559199E-6	2,6199989311E-5
106	6,8073734538E-6	2,7029007425E-5
107	6,8803243538E-6	2,7880745855E-5
108	6,9524479049E-6	2,8756457127E-5
109	7,0241180445E-6	2,965694385E-5
110	7,0940568355E-6	3,0582342846E-5
111	7,1633593244E-6	3,1523838483E-5
112	7,2324337174E-6	3,246662455E-5
113	7,3016097862E-6	3,3398466749E-5
114	7,3697703218E-6	3,4295856846E-5
115	7,4386754584E-6	3,5140968192E-5
116	7,5063197734E-6	3,5930458703E-5
117	7,5757846592E-6	3,6654075324E-5
118	7,6443021421E-6	3,7265045933E-5
119	7,7126049641E-6	3,7763559304E-5
120	7,7783710792E-6	3,8171339647E-5
121	7,8431467188E-6	3,8507351887E-5
122	7,9077072755E-6	3,8778597648E-5
123	7,9768798708E-6	3,8999678594E-5
124	8,0444723523E-6	3,9189023703E-5
125	8,1126021937E-6	3,9357569941E-5
126	8,1790402709E-6	3,9512255992E-5
127	8,2457456258E-6	3,9658327472E-5
128	8,3115025355E-6	3,9800890648E-5
129	8,3773579604E-6	3,99381848E-5
130	8,4457094779E-6	4,0069822597E-5
131	8,5136306238E-6	4,0200457037E-5
132	8,5826191312E-6	4,0328924545E-5
133	8,6511536929E-6	4,0458344913E-5
134	8,7183633363E-6	4,0588708259E-5
135	8,7843523481E-6	4,0719143022E-5
136	8,8476125715E-6	4,0851202398E-5
137	8,9122887593E-6	4,0981561323E-5
138	8,9782697799E-6	4,1109702725E-5
139	9,0452756441E-6	4,1237101828E-5
140	9,111419032E-6	4,1365398164E-5
141	9,1764012942E-6	4,1492868733E-5
142	9,2427367734E-6	4,1617944384E-5
143	9,3065441716E-6	4,1745068496E-5
144	9,3692941228E-6	4,1873474638E-5
145	9,4346692459E-6	4,1999541445E-5
146	9,4982285427E-6	4,2126303765E-5
147	9,5640947717E-6	4,2249969819E-5
148	9,6296938485E-6	4,2374505598E-5
149	9,6945181306E-6	4,2500300573E-5
150	9,7615495271E-6	4,2623004918E-5
151	9,8278882257E-6	4,2746564357E-5
152	9,8926804299E-6	4,2869754676E-5
153	9,9594009594E-6	4,299124902E-5
154	1,0022340585E-5	4,3117837012E-5
155	1,0090237042E-5	4,3238557927E-5
156	1,015596063E-5	4,3361601233E-5
157	1,0221899059E-5	4,3483709434E-5
158	1,0287803101E-5	4,3606170098E-5
159	1,0357423541E-5	4,3725838088E-5
160	1,0426220924E-5	4,3847144765E-5
161	1,0493966807E-5	4,3967845371E-5
162	1,0560041946E-5	4,4090318159E-5
163	1,0626661603E-5	4,4211031338E-5
164	1,0692914658E-5	4,4332345117E-5
165	1,075566178E-5	4,4456905524E-5
166	1,0820501106E-5	4,4579031403E-5
167	1,0886871125E-5	4,4699705764E-5
168	1,0952863051E-5	4,4819437254E-5
169	1,101953973E-5	4,4939186703E-5
170	1,1083151129E-5	4,5061518488E-5
171	1,1148751039E-5	4,5181017935E-5
172	1,1213137274E-5	4,5302059029E-5
173	1,1279460371E-5	4,5420909845E-5
174	1,1341266634E-5	4,554391592E-5
175	1,1401956227E-5	4,5666830956E-5
176	1,1466848195E-5	4,5790221591E-5
177	1,1533497212E-5	4,5907540224E-5
178	1,1597667946E-5	4,6025598715E-5
179	1,1661606188E-5	4,6141001969E-5
180	1,172504155E-5	4,6258611389E-5
181	1,178895258E-5	4,6377789884E-5
182	1,1851908572E-5	4,6500334674E-5
183	1,191547896E-5	4,661831981E-5
184	1,1976906962E-5	4,6738123185E-5
185	1,2041058233E-5	4,6859114224E-5
186	1,2101991575E-5	4,6980516996E-5
187	1,2163769521E-5	4,7097862534E-5
188	1,2227409252E-5	4,7214714043E-5
189	1,2287842971E-5	4,7334399022E-5
190	1,2354229305E-5	4,7445817752E-5
191	1,2414850129E-5	4,7562094036E-5
192	1,2477243156E-5	4,7677705688E-5
193	1,2538270895E-5	4,7795519673E-5
194	1,2597684475E-5	4,79132798E-5
195	1,2657125271E-5	4,8031964621E-5
196	1,2717736515E-5	4,814757087E-5
197	1,2780432972E-5	4,8263331739E-5
198	1,2843929153E-5	4,8377411853E-5
199	1,2909039296E-5	4,8489939085E-5
200	1,2972648828E-5	4,8603053462E-5
201	1,3034097804E-5	4,8718654537E-5
202	1,309801292E-5	4,8831003519E-5
203	1,3161790553E-5	4,8941835438E-5
204	1,3223300313E-5	4,9056981272E-5
205	1,3286648047E-5	4,9167519447E-5
206	1,33477983E-5	4,9282741299E-5
207	1,3406486176E-5	4,939908437E-5
208	1,346685634E-5	4,9513266818E-5
209	1,3527381831E-5	4,9625364383E-5
210	1,3591110163E-5	4,9735605828E-5
211	1,3653225638E-5	4,9846239992E-5
212	1,3713992138E-5	4,9960434958E-5
213	1,3777505953E-5	5,0071147907E-5
214	1,3841323588E-5	5,0181514233E-5
215	1,3902256719E-5	5,0294356487E-5
216	1,3965045379E-5	5,0403909183E-5
217	1,402438381E-5	5,0516003244E-5
218	1,4086548096E-5	5,0625052321E-5
219	1,4148540196E-5	5,0733924855E-5
220	1,420639525E-5	5,0846789923E-5
221	1,4267942401E-5	5,0956513281E-5
222	1,43296439E-5	5,1066339521E-5
223	1,4390517603E-5	5,1176510762E-5
224	1,4448879314E-5	5,1287564029E-5
225	1,4510452519E-5	5,1396321092E-5
226	1,4568373252E-5	5,1508976926E-5
227	1,462817438E-5	5,1620160081E-5
228	1,4689922643E-5	5,1727028883E-5
229	1,4749020578E-5	5,183786857E-5
230	1,4810274351E-5	5,1944244783E-5
231	1,487204035E-5	5,2051254402E-5
232	1,493202434E-5	5,2159859022E-5
233	1,4992374767E-5	5,2268604933E-5
234	1,5048663365E-5	5,2379947898E-5
235	1,5108427046E-5	5,2488890166E-5
236	1,5169573163E-5	5,2595598344E-5
237	1,522716944E-5	5,2707255509E-5
238	1,5290354045E-5	5,2811842896E-5
239	1,5347359359E-5	5,2922792078E-5
240	1,5408057834E-5	5,3027249516E-5
241	1,5470088182E-5	5,3131735465E-5
242	1,5528813223E-5	5,3239272031E-5
243	1,5586400056E-5	5,3344750926E-5
244	1,5643577341E-5	5,3446865671E-5
245	1,5693771827E-5	5,3563163046E-5
246	1,5756440351E-5	5,3665471392E-5
247	1,5811719826E-5	5,3775309058E-5
248	1,5871951559E-5	5,3879459895E-5
249	1,5930357823E-5	5,3983169605E-5
250	1,5987029076E-5	5,4091428494E-5
251	1,6049603016E-5	5,4192640105E-5
252	1,6110870209E-5	5,429433502E-5
253	1,6167599898E-5	5,4400629724E-5
254	1,6226715078E-5	5,450318705E-5
255	1,62838697E-5	5,4608578357E-5
256	1,6341668821E-5	5,4714625866E-5
257	1,6396788806E-5	5,4820356623E-5
258	1,6454632494E-5	5,4922228894E-5
259	1,6517756328E-5	5,5020823401E-5
260	1,6580283212E-5	5,5118988382E-5
261	1,664326797E-5	5,5223303289E-5
262	1,6702289239E-5	5,533090115E-5
263	1,675368204E-5	5,5443379133E-5
264	1,681351054E-5	5,5543890234E-5
265	1,6873612856E-5	5,5645206168E-5
266	1,693262121E-5	5,5745396485E-5
267	1,699113779E-5	5,5846538083E-5
268	1,7050284197E-5	5,5946101199E-5
269	1,7111113192E-5	5,6043954509E-5
270	1,7169191924E-5	5,6150467511E-5
271	1,7226635817E-5	5,625740745E-5
272	1,728470631E-5	5,6358710964E-5
273	1,7343912088E-5	5,645538191E-5
274	1,7399602749E-5	5,6555956809E-5
275	1,7454418332E-5	5,6658317628E-5
276	1,7513989443E-5	5,6757891653E-5
277	1,7576620628E-5	5,6852640975E-5
278	1,7637417955E-5	5,694940092E-5
279	1,7694509345E-5	5,7048730067E-5
280	1,7749970244E-5	5,7148719373E-5
281	1,7810934784E-5	5,7245902224E-5
282	1,7873961544E-5	5,7339690695E-5
283	1,792894369E-5	5,7439857986E-5
284	1,7984746519E-5	5,7539327063E-5
285	1,804256525E-5	5,7637701062E-5
286	1,810311351E-5	5,7738676529E-5
287	1,8160467207E-5	5,7836924514E-5
288	1,8215260144E-5	5,793492939E-5
289	1,8274765807E-5	5,802855771E-5
290	1,8333352726E-5	5,8124825287E-5
291	1,8391353432E-5	5,8220222222E-5
292	1,8448723635E-5	5,8314036859E-5
293	1,8503955315E-5	5,8411758559E-5
294	1,856464522E-5	5,8503555839E-5
295	1,8623933656E-5	5,8595429843E-5
296	1,8685994985E-5	5,8688096429E-5
297	1,8749127626E-5	5,8784516925E-5
298	1,8809531885E-5	5,8878636738E-5
299	1,887141586E-5	5,8973029246E-5
300	1,8932103405E-5	5,9065445716E-5
301	1,8992099967E-5	5,915695586E-5
302	1,9048845137E-5	5,9251130222E-5
303	1,9105589092E-5	5,9340824265E-5
304	1,916529225E-5	5,9431660026E-5
305	1,9227430622E-5	5,9519532941E-5
306	1,9284389531E-5	5,9613114603E-5
307	1,9343976893E-5	5,9701482884E-5
308	1,940194196E-5	5,9796198586E-5
309	1,9458108403E-5	5,9889450049E-5
310	1,9516236206E-5	5,9978813306E-5
311	1,9573045086E-5	6,0070645802E-5
312	1,963323792E-5	6,0158802209E-5
313	1,9690765514E-5	6,0250908409E-5
314	1,9746002143E-5	6,0344477558E-5
315	1,9804152604E-5	6,0434434795E-5
316	1,9860943968E-5	6,0524632951E-5
317	1,9917239098E-5	6,061420532E-5
318	1,9973065369E-5	6,0703353805E-5
319	2,0027378047E-5	6,0794208239E-5
320	2,0082644146E-5	6,0883514783E-5
321	2,014059676E-5	6,0967871481E-5
322	2,0197677513E-5	6,1053667795E-5
323	2,0257184658E-5	6,1141003041E-5
324	2,0314312094E-5	6,1228502984E-5
325	2,0370968998E-5	6,1315181406E-5
326	2,0426983956E-5	6,1403562498E-5
327	2,0481859871E-5	6,1492556246E-5
328	2,053400801E-5	6,1584637443E-5
329	2,0586814245E-5	6,1680235048E-5
330	2,0642443714E-5	6,1769233627E-5
331	2,070225679E-5	6,1850203891E-5
332	2,0760585251E-5	6,1936166337E-5
333	2,0818953111E-5	6,2018855447E-5
334	2,0872717466E-5	6,2105954139E-5
335	2,0927315553E-5	6,2192464516E-5
336	2,0984823745E-5	6,2277187376E-5
337	2,1043877899E-5	6,2360626147E-5
338	2,1101962497E-5	6,2441412489E-5
339	2,1159047065E-5	6,2524685618E-5
340	2,1215650989E-5	6,2608350153E-5
341	2,1269752654E-5	6,2694771609E-5
342	2,1326031637E-5	6,2778819481E-5
343	2,1376552921E-5	6,2868286555E-5
344	2,1431399434E-5	6,2949224909E-5
345	2,1485705063E-5	6,3031257362E-5
346	2,1541583128E-5	6,3113627293E-5
347	2,159711056E-5	6,3195389255E-5
348	2,1649574583E-5	6,3280411777E-5
349	2,1703107848E-5	6,3364209172E-5
350	2,1753590262E-5	6,3438517625E-5
351	2,1808719323E-5	6,3517177847E-5
352	2,1864988102E-5	6,3597942721E-5
353	2,1921522287E-5	6,3680407049E-5
354	2,1981549996E-5	6,3756806889E-5
355	2,2038997276E-5	6,3837056316E-5
356	2,2096162153E-5	6,3925867478E-5
357	2,2153423267E-5	6,4005026647E-5
358	2,2214996728E-5	6,4080843808E-5
359	2,2269799151E-5	6,4159998253E-5
360	2,2324425291E-5	6,4232022536E-5
361	2,2377117552E-5	6,4312730359E-5
362	2,2434327184E-5	6,4384190311E-5
363	2,248824095E-5	6,4462443531E-5
364	2,2542928984E-5	6,4540210894E-5
365	2,2597361947E-5	6,4618227246E-5
366	2,2652084026E-5	6,4694388829E-5
367	2,2707020383E-5	6,4772662513E-5
368	2,275888009E-5	6,4855381901E-5
369	2,2815245482E-5	6,4931942035E-5
370	2,2869154209E-5	6,5011745497E-5
371	2,2923395088E-5	6,5086340392E-5
372	2,2975406744E-5	6,5167444967E-5
373	2,3028584739E-5	6,5245004526E-5
374	2,3082998954E-5	6,5323557582E-5
375	2,3135116476E-5	6,5403783076E-5
376	2,3188908209E-5	6,5482630829E-5
377	2,3242922019E-5	6,5559558418E-5
378	2,3294233146E-5	6,5638205543E-5
379	2,3344515958E-5	6,5718399742E-5
380	2,3399934206E-5	6,5792926755E-5
381	2,3458645208E-5	6,5866735142E-5
382	2,351851229E-5	6,5936660721E-5
383	2,3578077979E-5	6,6005491198E-5
384	2,3636284775E-5	6,6076462658E-5
385	2,3693145622E-5	6,6148931505E-5
386	2,3747374455E-5	6,6219142112E-5
387	2,380345792E-5	6,6292690856E-5
388	2,3858067535E-5	6,6369013882E-5
389	2,3910958752E-5	6,6445461143E-5
390	2,3963661964E-5	6,6521885506E-5
391	2,4016988881E-5	6,6597570094E-5
392	2,406987882E-5	6,6673739993E-5
393	2,4122307561E-5	6,6749146821E-5
394	2,4175858732E-5	6,6824247064E-5
395	2,4228211454E-5	6,6900099253E-5
396	2,4283270586E-5	6,6973389087E-5
397	2,4336886589E-5	6,7045388251E-5
398	2,4390121829E-5	6,7117556169E-5
399	2,4443681856E-5	6,7189270928E-5
400	2,449629139E-5	6,726364183E-5
401	2,4548494125E-5	6,7338311132E-5
402	2,4600453133E-5	6,7412362086E-5
403	2,4652307617E-5	6,7487278064E-5
404	2,4706867548E-5	6,7559396764E-5
405	2,4759374718E-5	6,7632335537E-5
406	2,4811804503E-5	6,7702660626E-5
407	2,486286851E-5	6,7773265384E-5
408	2,4911863383E-5	6,784763376E-5
409	2,4961938581E-5	6,7921857223E-5
410	2,500982462E-5	6,7998602294E-5
411	2,5060801807E-5	6,8072301478E-5
412	2,5109149613E-5	6,8146833247E-5
413	2,5156429498E-5	6,8221083781E-5
414	2,5205214122E-5	6,829436468E-5
415	2,5254486158E-5	6,8367272035E-5
416	2,5304719054E-5	6,8439196245E-5
417	2,5357312165E-5	6,8510178077E-5
418	2,5408595504E-5	6,8581728024E-5
419	2,5459184237E-5	6,8653477743E-5
420	2,5511353343E-5	6,872175177E-5
421	2,5562946672E-5	6,8792709614E-5
422	2,5614452852E-5	6,8863174306E-5
423	2,566036937E-5	6,8926281604E-5
424	2,5705572566E-5	6,8988492444E-5
425	2,5752030645E-5	6,9057801465E-5
426	2,5798574998E-5	6,9129451718E-5
427	2,5844926618E-5	6,920126898E-5
428	2,5892315326E-5	6,927312193E-5
429	2,5942725678E-5	6,9344203322E-5
430	2,5991430072E-5	6,9415781867E-5
431	2,6040883385E-5	6,9486814619E-5
432	2,6088825732E-5	6,9557646463E-5
433	2,6136249391E-5	6,9627253464E-5
434	2,6182226046E-5	6,9697880742E-5
435	2,6229004269E-5	6,9768073166E-5
436	2,6278211122E-5	6,9837973136E-5
437	2,6326596903E-5	6,9907806458E-5
438	2,637467343E-5	6,997710656E-5
439	2,6420209625E-5	7,0047236538E-5
440	2,6465010293E-5	7,0117360491E-5
441	2,651074097E-5	7,0188374829E-5
442	2,6558478704E-5	7,0257057469E-5
443	2,6603991777E-5	7,0326463419E-5
444	2,6648359821E-5	7,0396170878E-5
445	2,6692147606E-5	7,0466240997E-5
446	2,6736838376E-5	7,0536087986E-5
447	2,6781947309E-5	7,0606335498E-5
448	2,682783532E-5	7,0677015309E-5
449	2,6873787809E-5	7,0748084344E-5
450	2,6919224051E-5	7,0818604036E-5
451	2,696480171E-5	7,0889206511E-5
452	2,7010750053E-5	7,0959371038E-5
453	2,7059689472E-5	7,1024987325E-5
454	2,7107403817E-5	7,1090933139E-5
455	2,7151815767E-5	7,1160616999E-5
456	2,7200315032E-5	7,1226681465E-5
457	2,7249623024E-5	7,1290933331E-5
458	2,7297339764E-5	7,1352676793E-5
459	2,7347348096E-5	7,1416402593E-5
460	2,7396516389E-5	7,1479757043E-5
461	2,7444810451E-5	7,1544314455E-5
462	2,7494034146E-5	7,1608850993E-5
463	2,7543249361E-5	7,1672730696E-5
464	2,759188482E-5	7,1736523733E-5
465	2,7640055872E-5	7,1800117929E-5
466	2,7689300102E-5	7,1862847247E-5
467	2,7738572827E-5	7,1925460104E-5
468	2,77867995E-5	7,1991533149E-5
469	2,7833561499E-5	7,2056297129E-5
470	2,7881885888E-5	7,211938267E-5
471	2,7928367749E-5	7,2184038605E-5
472	2,7980357911E-5	7,2244806023E-5
473	2,8030738285E-5	7,2306586838E-5
474	2,8080981208E-5	7,2368371963E-5
475	2,813100319E-5	7,2429883443E-5
476	2,8179063958E-5	7,2492442366E-5
477	2,8227127683E-5	7,2554931801E-5
478	2,8276524768E-5	7,2616309104E-5
479	2,8325286931E-5	7,2677413814E-5
480	2,8373089757E-5	7,2738173952E-5
481	2,8419941361E-5	7,2799594865E-5
482	2,8464835812E-5	7,2862786081E-5
483	2,8506906601E-5	7,2928535457E-5
484	2,8550982588E-5	7,2992398404E-5
485	2,859479785E-5	7,3056226977E-5
486	2,8639049635E-5	7,3121537317E-5
487	2,8683375095E-5	7,3185887686E-5
488	2,8727986964E-5	7,3247644727E-5
489	2,8771554305E-5	7,331308422E-5
490	2,8817200743E-5	7,3375452956E-5
491	2,8863781555E-5	7,343626286E-5
492	2,8912709614E-5	7,3495931968E-5
493	2,8960323504E-5	7,3555098838E-5
494	2,9007240389E-5	7,3615001386E-5
495	2,9054108128E-5	7,3674692257E-5
496	2,9100827872E-5	7,3734261737E-5
497	2,9149523717E-5	7,379244679E-5
498	2,9200452345E-5	7,3846817235E-5
499	2,9248854822E-5	7,3902704287E-5
500	2,9293535631E-5	7,3961335253E-5
501	2,9340183757E-5	7,402020307E-5
502	2,9386924559E-5	7,4079748428E-5
503	2,9433022192E-5	7,4138483843E-5
504	2,947791966E-5	7,4200622513E-5
505	2,9524090654E-5	7,426035331E-5
506	2,9569023127E-5	7,4317679278E-5
507	2,9616475227E-5	7,4375483031E-5
508	2,9662629013E-5	7,4433761104E-5
509	2,9710440166E-5	7,4491380113E-5
510	2,9758098342E-5	7,4547641421E-5
511	2,9805601429E-5	7,4603583919E-5
512	2,9850945996E-5	7,4660440717E-5
513	2,9897199718E-5	7,4715322903E-5
514	2,9939785733E-5	7,4773053854E-5
515	2,9984242663E-5	7,4827008927E-5
516	3,0031601889E-5	7,4884657754E-5
517	3,0076366072E-5	7,4941464969E-5
518	3,0118459238E-5	7,4998534285E-5
519	3,016359458E-5	7,5051400518E-5
520	3,0210486334E-5	7,5101822238E-5
521	3,0255763331E-5	7,5153100552E-5
522	3,030404254E-5	7,5207562122E-5
523	3,0352428499E-5	7,526160709E-5
524	3,0397214283E-5	7,531961042E-5
525	3,0441701894E-5	7,5378261735E-5
526	3,0488002237E-5	7,5434637113E-5
527	3,0533853794E-5	7,549070849E-5
528	3,0581388265E-5	7,5543150143E-5
529	3,0628010784E-5	7,5597958049E-5
530	3,0675228594E-5	7,5652807014E-5
531	3,0720745397E-5	7,5707950217E-5
532	3,07661409E-5	7,5761468778E-5
533	3,0812893453E-5	7,5815241652E-5
534	3,0859499124E-5	7,5868136493E-5
535	3,0905952414E-5	7,5922425726E-5
536	3,0949932934E-5	7,5975390123E-5
537	3,0995870688E-5	7,6029724201E-5
538	3,1041019106E-5	7,6084640807E-5
539	3,1087079604E-5	7,6138782361E-5
540	3,1133344362E-5	7,6192178844E-5
541	3,1179692617E-5	7,6245781935E-5
542	3,1225865063E-5	7,6299615202E-5
543	3,1271730456E-5	7,6353459285E-5
544	3,1317405426E-5	7,6407052975E-5
545	3,1362920382E-5	7,6460287523E-5
546	3,1408120055E-5	7,6512632497E-5
547	3,1453701411E-5	7,6565128772E-5
548	3,1498930044E-5	7,6617620537E-5
549	3,154438641E-5	7,6669844153E-5
550	3,159024522E-5	7,672252512E-5
551	3,1634631892E-5	7,6775010122E-5
552	3,1679381608E-5	7,6827151921E-5
553	3,1725055737E-5	7,6878779015E-5
554	3,1771721938E-5	7,6929133729E-5
555	3,1817195529E-5	7,6981020272E-5
556	3,1862001882E-5	7,7031171752E-5
557	3,1905863008E-5	7,7083618553E-5
558	3,194939542E-5	7,7135021193E-5
559	3,1991741055E-5	7,7185919351E-5
560	3,2033859704E-5	7,7236999949E-5
561	3,2077236826E-5	7,7287413882E-5
562	3,2119063001E-5	7,7337711687E-5
563	3,2160351937E-5	7,7390839582E-5
564	3,2201985205E-5	7,7441566691E-5
565	3,2243276131E-5	7,7491991821E-5
566	3,2285961967E-5	7,7542688505E-5
567	3,2325424278E-5	7,759708913E-5
568	3,2368001397E-5	7,7646824087E-5
569	3,241344585E-5	7,7694487898E-5
570	3,2457861549E-5	7,7742127681E-5
571	3,2498762867E-5	7,7790247246E-5
572	3,2541536103E-5	7,7840796949E-5
573	3,2577919187E-5	7,7895456888E-5
574	3,261777326E-5	7,7949670377E-5
575	3,2659175536E-5	7,8001464935E-5
576	3,2701371842E-5	7,8052539032E-5
577	3,2744068734E-5	7,8102695573E-5
578	3,2786481872E-5	7,8151976946E-5
579	3,2829763068E-5	7,8201105182E-5
580	3,2872260784E-5	7,824959116E-5
581	3,2913433529E-5	7,8297882167E-5
582	3,2954602247E-5	7,8345608418E-5
583	3,2996497506E-5	7,8392147441E-5
584	3,3037131381E-5	7,8440374183E-5
585	3,3078717522E-5	7,8488803347E-5
586	3,3118429948E-5	7,8540291892E-5
587	3,3153875605E-5	7,8593756314E-5
588	3,3194989329E-5	7,8641479821E-5
589	3,3237722589E-5	7,8687786927E-5
590	3,3274736192E-5	7,8735325615E-5
591	3,3313865004E-5	7,878610231E-5
592	3,3354230897E-5	7,8836595607E-5
593	3,3395469224E-5	7,8882431982E-5
594	3,3437826805E-5	7,8925397329E-5
595	3,3479077209E-5	7,896827885E-5
596	3,351617212E-5	7,9019656107E-5
597	3,3550764391E-5	7,9072489702E-5
598	3,3586830205E-5	7,9123641414E-5
599	3,3625601198E-5	7,917259176E-5
600	3,3666572093E-5	7,9218985296E-5
601	3,3706877186E-5	7,9264504309E-5
602	3,3746030755E-5	7,930953745E-5
603	3,3783852174E-5	7,9353866795E-5
604	3,3818503591E-5	7,9403850998E-5
605	3,3848081497E-5	7,945680436E-5
606	3,3880756819E-5	7,9508828435E-5
607	3,3916755395E-5	7,9553754522E-5
608	3,3957603359E-5	7,9598669557E-5
609	3,3997974771E-5	7,9640780858E-5
610	3,4036390072E-5	7,9688300937E-5
611	3,4072378608E-5	7,9737013564E-5
612	3,4108543187E-5	7,9783697849E-5
613	3,4146658092E-5	7,9828939463E-5
614	3,4185388917E-5	7,9873127093E-5
615	3,4224210066E-5	7,991709472E-5
616	3,4261208584E-5	7,9962869245E-5
617	3,4293727548E-5	8,0014315059E-5
618	3,4331376224E-5	8,0059102469E-5
619	3,4367398441E-5	8,0105328079E-5
620	3,4405186311E-5	8,0149420426E-5
621	3,4441927913E-5	8,0194754579E-5
622	3,447992604E-5	8,0238697874E-5
623	3,4516190275E-5	8,0284451026E-5
624	3,4553716433E-5	8,03286415E-5
625	3,4589728223E-5	8,03743498E-5
626	3,4627102843E-5	8,0418369959E-5
627	3,4662985523E-5	8,0463878564E-5
628	3,4699318879E-5	8,0508704056E-5
629	3,4734939001E-5	8,0554163835E-5
630	3,4771138309E-5	8,0598805699E-5
631	3,4806637283E-5	8,0644060622E-5
632	3,4842717013E-5	8,0688491937E-5
633	3,4878097254E-5	8,0733534009E-5
634	3,4914058043E-5	8,077775222E-5
635	3,4949319792E-5	8,0822580746E-5
636	3,4985161868E-5	8,0866586108E-5
637	3,502215516E-5	8,0909164845E-5
638	3,5059936462E-5	8,0950698333E-5
639	3,5097775727E-5	8,0991946555E-5
640	3,5135604674E-5	8,1033061963E-5
641	3,5173376105E-5	8,1074059286E-5
642	3,5211103797E-5	8,1114963227E-5
643	3,5248747735E-5	8,1155759913E-5
644	3,5286345404E-5	8,1196465586E-5
645	3,5323858755E-5	8,1237065254E-5
646	3,5360260553E-5	8,1278322227E-5
647	3,5397667449E-5	8,1319739673E-5
648	3,5434543272E-5	8,1360509967E-5
649	3,5471051594E-5	8,1400922407E-5
650	3,5508004686E-5	8,144120185E-5
651	3,5545176142E-5	8,1481316812E-5
652	3,5582335474E-5	8,1521321203E-5
653	3,5619401349E-5	8,1561209834E-5
654	3,5656413988E-5	8,1601004399E-5
655	3,5693339694E-5	8,1640692893E-5
656	3,5730216915E-5	8,168029103E-5
657	3,5767032758E-5	8,1719793653E-5
658	3,5803760855E-5	8,1759191089E-5
659	3,5836216613E-5	8,1803131754E-5
660	3,587039101E-5	8,184496349E-5
661	3,5904024877E-5	8,188722888E-5
662	3,5937477624E-5	8,1929530172E-5
663	3,5970836997E-5	8,1971771211E-5
664	3,6004126072E-5	8,2013926511E-5
665	3,6037351136E-5	8,2055988906E-5
666	3,6070513994E-5	8,2097956197E-5
667	3,6103615232E-5	8,2139827692E-5
668	3,613665507E-5	8,2181603264E-5
669	3,6169633795E-5	8,2223282717E-5
670	3,6202551353E-5	8,2264865935E-5
671	3,6227468301E-5	8,2296893546E-5
672	3,625882086E-5	8,2331781303E-5
673	3,6289602958E-5	8,2369404088E-5
674	3,6326567177E-5	8,240591649E-5
675	3,6357000116E-5	8,2450451207E-5
676	3,6386959568E-5	8,2496670865E-5
677	3,6419450968E-5	8,2540624852E-5
678	3,6452824825E-5	8,2580851064E-5
679	3,6484937976E-5	8,2617404718E-5
680	3,6520519274E-5	8,2653391128E-5
681	3,6556883354E-5	8,2689573001E-5
682	3,6584606895E-5	8,2733299205E-5
683	3,6613436776E-5	8,2775596806E-5
684	3,6644500584E-5	8,2816473667E-5
685	3,6677364129E-5	8,285197689E-5
686	3,6703771095E-5	8,2895594824E-5
687	3,6727871292E-5	8,2941283894E-5
688	3,6756067865E-5	8,2985483899E-5
689	3,6788883587E-5	8,3027293193E-5
690	3,6816076371E-5	8,3072582375E-5
691	3,6843846891E-5	8,3117885263E-5
692	3,6874642633E-5	8,3160583541E-5
693	3,6907635117E-5	8,3201000431E-5
694	3,6942336898E-5	8,3238198045E-5
695	3,6977676915E-5	8,3273286978E-5
696	3,7013059935E-5	8,3307805083E-5
697	3,704835419E-5	8,3342124635E-5
698	3,7083571602E-5	8,3376322429E-5
699	3,7118581331E-5	8,3410683175E-5
700	3,7153273308E-5	8,34454309E-5
701	3,7187641591E-5	8,3480426435E-5
702	3,7221770634E-5	8,3515570257E-5
703	3,7255761342E-5	8,3550724619E-5
704	3,7289712254E-5	8,3585774271E-5
705	3,7323598164E-5	8,3620739854E-5
706	3,7354884362E-5	8,3658396745E-5
707	3,7383194701E-5	8,3699144402E-5
708	3,7413380274E-5	8,3737663111E-5
709	3,7436032239E-5	8,3765991283E-5
710	3,7467639443E-5	8,3799770762E-5
711	3,7498208127E-5	8,3835768795E-5
712	3,7533351489E-5	8,3870001378E-5
713	3,7568473892E-5	8,390494735E-5
714	3,760306978E-5	8,3938437639E-5
715	3,7637334575E-5	8,3971378564E-5
716	3,767142066E-5	8,4004120788E-5
717	3,7705403232E-5	8,4036748199E-5
718	3,7739158079E-5	8,4069542819E-5
719	3,777264746E-5	8,4102681879E-5
720	3,7805801285E-5	8,4136060306E-5
721	3,7838725654E-5	8,4169577192E-5
722	3,7871558005E-5	8,4203058863E-5
723	3,7904324542E-5	8,4236465852E-5
724	3,7937027808E-5	8,4269791641E-5
725	3,7969667909E-5	8,4303035039E-5
726	3,800224483E-5	8,4336195679E-5
727	3,8034758619E-5	8,4369273648E-5
728	3,8067209357E-5	8,4402269113E-5
729	3,8099597138E-5	8,4435182189E-5
730	3,8131922059E-5	8,4468012941E-5
731	3,8164184223E-5	8,4500761425E-5
732	3,8196383728E-5	8,4533427585E-5
733	3,8228520675E-5	8,4566011467E-5
734	3,826059516E-5	8,4598513349E-5
735	3,8292607284E-5	8,4630933427E-5
736	3,8324557146E-5	8,4663271729E-5
737	3,8356444843E-5	8,4695528316E-5
738	3,8388270474E-5	8,4727703306E-5
739	3,8420034139E-5	8,4759796816E-5
740	3,8451735941E-5	8,4791808931E-5
741	3,8483375982E-5	8,4823739799E-5
742	3,8514954458E-5	8,4855589527E-5
743	3,8546471378E-5	8,4887358246E-5
744	3,8578623364E-5	8,4919934726E-5
745	3,860284657E-5	8,49549414E-5
746	3,8630462497E-5	8,4981495558E-5
747	3,8656573797E-5	8,5006222793E-5
748	3,8687554797E-5	8,5035199281E-5
749	3,8719371968E-5	8,5064803159E-5
750	3,8751023217E-5	8,5094970914E-5
751	3,8782511297E-5	8,5125430335E-5
752	3,881403057E-5	8,5157212906E-5
753	3,8845917737E-5	8,5188136901E-5
754	3,8877663684E-5	8,5218139396E-5
755	3,890923258E-5	8,524787272E-5
756	3,8940701697E-5	8,527747486E-5
757	3,8972091389E-5	8,5306984024E-5
758	3,9003384149E-5	8,5338300059E-5
759	3,9036228875E-5	8,5370840179E-5
760	3,9068059124E-5	8,5400890214E-5
761	3,909938572E-5	8,5430330266E-5
762	3,9130510812E-5	8,5459542265E-5
763	3,9161522408E-5	8,5488635195E-5
764	3,9193609104E-5	8,55197374E-5
765	3,9225954763E-5	8,5549945043E-5
766	3,9257273825E-5	8,557930549E-5
767	3,9288415631E-5	8,5608406016E-5
768	3,9319538031E-5	8,5637429069E-5
769	3,9350699616E-5	8,5666426794E-5
770	3,9381144661E-5	8,569632551E-5
771	3,9412758456E-5	8,5726352499E-5
772	3,9444165141E-5	8,5756138046E-5
773	3,947504963E-5	8,5785069526E-5
774	3,9505781851E-5	8,5813747662E-5
775	3,9536420946E-5	8,5842323758E-5
776	3,9566981869E-5	8,5870821826E-5
777	3,9597117824E-5	8,5899628748E-5
778	3,9617716262E-5	8,5938533837E-5
779	3,9647080795E-5	8,5970011374E-5
780	3,9671409616E-5	8,6005556723E-5
781	3,9696431062E-5	8,603683833E-5
782	3,9725432555E-5	8,6066312369E-5
783	3,9753010458E-5	8,609847731E-5
784	3,9782586604E-5	8,6129354113E-5
785	3,9813082461E-5	8,6159239312E-5
786	3,9843612712E-5	8,6188983291E-5
787	3,9873753013E-5	8,621821666E-5
788	3,9904089465E-5	8,6246703106E-5
789	3,9933936715E-5	8,6274515693E-5
790	3,9963699692E-5	8,6302096024E-5
791	3,999333871E-5	8,6329707888E-5
792	4,0022777372E-5	8,6357758825E-5
793	4,0051376051E-5	8,6387382572E-5
794	4,0079105177E-5	8,6417821285E-5
795	4,0108193524E-5	8,644678592E-5
796	4,0134852429E-5	8,6478158188E-5
797	4,0165166467E-5	8,6507715626E-5
798	4,0194909304E-5	8,6536916499E-5
799	4,0221314167E-5	8,6569658586E-5
800	4,0250420337E-5	8,6598269577E-5
801	4,027966889E-5	8,6625579011E-5
802	4,0308728568E-5	8,6652462455E-5
803	4,0337696623E-5	8,6679190923E-5
804	4,0366586952E-5	8,6705829989E-5
805	4,0395419059E-5	8,673239622E-5
806	4,0423445132E-5	8,6759812308E-5
807	4,0450857085E-5	8,6789496087E-5
808	4,0480323312E-5	8,6817351763E-5
809	4,0507761791E-5	8,6845926544E-5
810	4,0537056288E-5	8,6873673429E-5
811	4,0565603581E-5	8,6900226815E-5
812	4,0595118792E-5	8,6928806801E-5
813	4,0623471146E-5	8,6956246101E-5
814	4,0652091645E-5	8,6984382271E-5
815	4,0680553878E-5	8,7012681552E-5
816	4,0709576602E-5	8,7039962867E-5
817	4,0737843145E-5	8,7066050091E-5
818	4,0765933324E-5	8,7091878342E-5
819	4,0793916064E-5	8,7117609446E-5
820	4,0821821376E-5	8,7143270625E-5
821	4,0849657934E-5	8,7168869028E-5
822	4,0875172863E-5	8,7197325552E-5
823	4,0901529153E-5	8,7226152296E-5
824	4,0930145425E-5	8,725309272E-5
825	4,095737706E-5	8,7281059592E-5
826	4,0984733306E-5	8,7309470339E-5
827	4,1012371071E-5	8,7336143947E-5
828	4,1040063597E-5	8,7361988642E-5
829	4,1060333526E-5	8,739504217E-5
830	4,1087135191E-5	8,7420930717E-5
831	4,1114220097E-5	8,7446014309E-5
832	4,114137544E-5	8,747100824E-5
833	4,1168476335E-5	8,7495924985E-5
834	4,1196187989E-5	8,7521675499E-5
835	4,1215046212E-5	8,7556576543E-5
836	4,1231893345E-5	8,7594711407E-5
837	4,1252023489E-5	8,762662824E-5
838	4,1274092742E-5	8,7648567515E-5
839	4,1297054834E-5	8,7676112493E-5
840	4,1321380944E-5	8,7703379248E-5
841	4,1346190288E-5	8,7730381835E-5
842	4,137172657E-5	8,7755302587E-5
843	4,1398935012E-5	8,7780754944E-5
844	4,1426072109E-5	8,7805862912E-5
845	4,1445967732E-5	8,7838525656E-5
846	4,1472087658E-5	8,7863311566E-5
847	4,1496125763E-5	8,7889282748E-5
848	4,1519371161E-5	8,791861486E-5
849	4,1543555767E-5	8,794656125E-5
850	4,156947378E-5	8,7973717064E-5
851	4,159544782E-5	8,7999394193E-5
852	4,1622391705E-5	8,8024899322E-5
853	4,1646606064E-5	8,8051953864E-5
854	4,1671761122E-5	8,8077815112E-5
855	4,1693912133E-5	8,8104788038E-5
856	4,1719368297E-5	8,812955182E-5
857	4,174007899E-5	8,8152081769E-5
858	4,1766077006E-5	8,8177173603E-5
859	4,1783827574E-5	8,8202904925E-5
860	4,1805874187E-5	8,8230970995E-5
861	4,1822507357E-5	8,8262331737E-5
862	4,1845243691E-5	8,8287655844E-5
863	4,1867646591E-5	8,8309276385E-5
864	4,1893016559E-5	8,8332951884E-5
865	4,191885817E-5	8,8356865781E-5
866	4,19446204E-5	8,83806187E-5
867	4,1970154943E-5	8,8404082891E-5
868	4,1995306515E-5	8,8427092727E-5
869	4,2020319087E-5	8,8449970563E-5
870	4,2045234862E-5	8,847276842E-5
871	4,2070091271E-5	8,8495507239E-5
872	4,209457494E-5	8,8519302737E-5
873	4,210852764E-5	8,8556004859E-5
874	4,21337115E-5	8,8580557686E-5
875	4,2152483309E-5	8,8610250982E-5
876	4,2177707699E-5	8,8634262374E-5
877	4,2196498233E-5	8,8661666357E-5
878	4,2216148127E-5	8,8687462256E-5
879	4,2240751941E-5	8,8711198098E-5
880	4,2259521264E-5	8,8740179054E-5
881	4,2278405E-5	8,8767873001E-5
882	4,2297138753E-5	8,8796383363E-5
883	4,2315810558E-5	8,8823249919E-5
884	4,2335547622E-5	8,8851360825E-5
885	4,2354015172E-5	8,8878461522E-5
886	4,2376485433E-5	8,8904143743E-5
887	4,2396055028E-5	8,8931731816E-5
888	4,2420176048E-5	8,895517979E-5
889	4,2444766373E-5	8,8978140736E-5
890	4,2469186131E-5	8,9000655443E-5
891	4,2493288791E-5	8,902274395E-5
892	4,250783801E-5	8,9048944644E-5
893	4,2530641084E-5	8,9073220573E-5
894	4,2554121761E-5	8,9095260643E-5
895	4,2577641273E-5	8,9116834181E-5
896	4,2601100283E-5	8,913824749E-5
897	4,2627262844E-5	8,9163024943E-5
898	4,2644065358E-5	8,918881049E-5
899	4,2666685507E-5	8,9210673712E-5
900	4,2684544552E-5	8,9231331005E-5
901	4,269928519E-5	8,9253928344E-5
902	4,2712150016E-5	8,9279534064E-5
903	4,2731774267E-5	8,930327331E-5
904	4,2748257316E-5	8,9327548319E-5
905	4,2761314414E-5	8,9354005578E-5
906	4,278099779E-5	8,9379279421E-5
907	4,2802469476E-5	8,9402775405E-5
908	4,2824019468E-5	8,942433333E-5
909	4,2844507351E-5	8,9445824656E-5
910	4,2862708636E-5	8,94687535E-5
911	4,2882128013E-5	8,949114057E-5
912	4,2904134919E-5	8,9512668101E-5
913	4,292517057E-5	8,9533575691E-5
914	4,2944796396E-5	8,9559127575E-5
915	4,2967549498E-5	8,9580939759E-5
916	4,2990575962E-5	8,9602323737E-5
917	4,3013685761E-5	8,962361071E-5
918	4,3036593954E-5	8,9644606866E-5
919	4,3053671697E-5	8,9665882561E-5
920	4,3071280793E-5	8,9691991553E-5
921	4,309364812E-5	8,9713517012E-5
922	4,310924349E-5	8,9737711749E-5
923	4,3129155761E-5	8,9761101311E-5
924	4,315173025E-5	8,9782402068E-5
925	4,3166275144E-5	8,9808659018E-5
926	4,3183404177E-5	8,9832860629E-5
927	4,3201754332E-5	8,985442208E-5
928	4,3220597119E-5	8,9877885342E-5
929	4,3234583825E-5	8,9905521962E-5
930	4,3248416962E-5	8,9934394536E-5
931	4,3268605802E-5	8,9956723121E-5
932	4,3288262296E-5	8,9980411531E-5
933	4,3309810098E-5	9,0001618309E-5
934	4,332991719E-5	9,0024541263E-5
935	4,3351749037E-5	9,0045104581E-5
936	4,336809112E-5	9,0067366604E-5
937	4,3383583395E-5	9,00933732E-5
938	4,3404682408E-5	9,0113039449E-5
939	4,3425859509E-5	9,0132321146E-5
940	4,3447018457E-5	9,0151462193E-5
941	4,3467533466E-5	9,0171638389E-5
942	4,3477989042E-5	9,0200177798E-5
943	4,3495382679E-5	9,0220986466E-5
944	4,3511881696E-5	9,0238250441E-5
945	4,3525615258E-5	9,0257365658E-5
946	4,3535851397E-5	9,0283156373E-5
947	4,3553582908E-5	9,0304028499E-5
948	4,3573399276E-5	9,0323398104E-5
949	4,3593561689E-5	9,0342593035E-5
950	4,3609046058E-5	9,0366891297E-5
951	4,3627434143E-5	9,0387931341E-5
952	4,3647288671E-5	9,0407279777E-5
953	4,3666898455E-5	9,0427535025E-5
954	4,3686682512E-5	9,0445985579E-5
955	4,3707854479E-5	9,0465692348E-5
956	4,3728322199E-5	9,0486679758E-5
957	4,3745987491E-5	9,0504416437E-5
958	4,3766490971E-5	9,0523510813E-5
959	4,3783435072E-5	9,0547674232E-5
960	4,3802567056E-5	9,0569714587E-5
961	4,3820597436E-5	9,0592797202E-5
962	4,3836813362E-5	9,0615578972E-5
963	4,3854884638E-5	9,0637407977E-5
964	4,3874409393E-5	9,0657237613E-5
965	4,3894953011E-5	9,0676610753E-5
966	4,3915661276E-5	9,0695742559E-5
967	4,3937342632E-5	9,071724192E-5
968	4,3957674479E-5	9,0737147526E-5
969	4,3978249276E-5	9,0756167447E-5
970	4,3993961264E-5	9,0777311528E-5
971	4,4012641403E-5	9,0797120792E-5
972	4,4032861196E-5	9,0816056894E-5
973	4,4053232529E-5	9,0834650363E-5
974	4,4070595124E-5	9,0851334784E-5
975	4,4086472019E-5	9,0872567243E-5
976	4,410560512E-5	9,0891532896E-5
977	4,4121832152E-5	9,0912686076E-5
978	4,4140935705E-5	9,0932398562E-5
979	4,4160848132E-5	9,0950973558E-5
980	4,4180984788E-5	9,0969397833E-5
981	4,4197910611E-5	9,0986607966E-5
982	4,4211324058E-5	9,1011337967E-5
983	4,4228315286E-5	9,1028687515E-5
984	4,4247570807E-5	9,1046771412E-5
985	4,4262286175E-5	9,1070522582E-5
986	4,4279222821E-5	9,1090278009E-5
987	4,4298582992E-5	9,1108667262E-5
988	4,4318099987E-5	9,1126620022E-5
989	4,4337771041E-5	9,1144473915E-5
990	4,4353682157E-5	9,116010227E-5
991	4,4372677792E-5	9,1177394997E-5
992	4,4388308637E-5	9,119655125E-5
993	4,4405900289E-5	9,1213940186E-5
994	4,4411595556E-5	9,1222864785E-5
995	4,4424305268E-5	9,1234792847E-5
996	4,44392753E-5	9,1253799174E-5
997	4,4457906065E-5	9,1271002025E-5
998	4,4476998746E-5	9,1288356375E-5
999	4,4492868143E-5	9,1309317385E-5
1000	4,4511665604E-5	9,1326295031E-5
