0 11 9 iAF1260.cmd 1E-8
0 11 9 iJN1463.cmd 1E-6
0 3 12 iAF1260.cmd 1E-8
0 3 12 iJN1463.cmd 1E-6
0 3 11 iAF1260.cmd 1E-8
0 3 11 iJN1463.cmd 1E-6
0 8 8 iAF1260.cmd 1E-8
0 8 8 iJN1463.cmd 1E-6
0 11 1 iAF1260.cmd 1E-8
0 11 1 iJN1463.cmd 1E-6
0 2 1 iAF1260.cmd 1E-8
0 2 1 iJN1463.cmd 1E-6
0 12 9 iAF1260.cmd 1E-8
0 12 9 iJN1463.cmd 1E-6
0 9 9 iAF1260.cmd 1E-8
0 9 9 iJN1463.cmd 1E-6
0 13 14 iAF1260.cmd 1E-8
0 13 14 iJN1463.cmd 1E-6
0 5 14 iAF1260.cmd 1E-8
0 5 14 iJN1463.cmd 1E-6
0 12 4 iAF1260.cmd 1E-8
0 12 4 iJN1463.cmd 1E-6
0 4 12 iAF1260.cmd 1E-8
0 4 12 iJN1463.cmd 1E-6
0 12 3 iAF1260.cmd 1E-8
0 12 3 iJN1463.cmd 1E-6
0 7 1 iAF1260.cmd 1E-8
0 7 1 iJN1463.cmd 1E-6
0 8 4 iAF1260.cmd 1E-8
0 8 4 iJN1463.cmd 1E-6
500 11 9 iAF1260.cmd 5,901800668E-8
500 11 9 iJN1463.cmd 3,170647392E-7
500 3 12 iAF1260.cmd 5,9331215326E-7
500 3 12 iJN1463.cmd 1,0774696857E-6
500 3 11 iAF1260.cmd 5,7813527537E-7
500 3 11 iJN1463.cmd 1,0742072044E-6
500 8 8 iAF1260.cmd 1,2986639652E-7
500 8 8 iJN1463.cmd 4,3460741856E-7
500 11 1 iAF1260.cmd 3,2500354892E-8
500 11 1 iJN1463.cmd 2,3162959436E-7
500 2 1 iAF1260.cmd 5,9146460231E-7
500 2 1 iJN1463.cmd 9,0906197281E-7
500 12 9 iAF1260.cmd 4,5328569132E-8
500 12 9 iJN1463.cmd 2,8740259733E-7
500 9 9 iAF1260.cmd 8,9557066717E-8
500 9 9 iJN1463.cmd 3,6827643949E-7
500 13 14 iAF1260.cmd 7,7832366363E-9
500 13 14 iJN1463.cmd 1,7204959563E-7
500 5 14 iAF1260.cmd 6,8763802903E-8
500 5 14 iJN1463.cmd 3,8585059306E-7
500 12 4 iAF1260.cmd 2,9840299404E-8
500 12 4 iJN1463.cmd 2,8926699803E-7
500 4 12 iAF1260.cmd 5,1916860982E-7
500 4 12 iJN1463.cmd 9,6995557317E-7
500 12 3 iAF1260.cmd 2,9156960001E-8
500 12 3 iJN1463.cmd 2,7886244566E-7
500 7 1 iAF1260.cmd 1,5327241319E-7
500 7 1 iJN1463.cmd 3,936092339E-7
500 8 4 iAF1260.cmd 1,1196353388E-7
500 8 4 iJN1463.cmd 3,2037730676E-7
500 1 1 iAF1260.cmd 5,0598148045E-7
500 1 1 iJN1463.cmd 7,7505286646E-7
500 2 0 iAF1260.cmd 5,8382621606E-7
500 2 0 iJN1463.cmd 8,9458670437E-7
500 2 2 iAF1260.cmd 5,6078399187E-7
500 2 2 iJN1463.cmd 8,607633172E-7
500 2 12 iAF1260.cmd 6,3416891737E-7
500 2 12 iJN1463.cmd 1,0913155645E-6
500 3 1 iAF1260.cmd 5,7453035651E-7
500 3 1 iJN1463.cmd 8,9545792521E-7
500 3 10 iAF1260.cmd 5,2896633429E-7
500 3 10 iJN1463.cmd 9,3828706953E-7
500 3 13 iAF1260.cmd 4,9954186074E-7
500 3 13 iJN1463.cmd 8,9728990729E-7
500 4 11 iAF1260.cmd 5,1241397959E-7
500 4 11 iJN1463.cmd 9,5520990993E-7
500 4 13 iAF1260.cmd 4,6202489988E-7
500 4 13 iJN1463.cmd 8,7757002435E-7
500 4 14 iAF1260.cmd 1,8495521094E-7
500 4 14 iJN1463.cmd 5,4847827028E-7
500 5 12 iAF1260.cmd 4,0616998719E-7
500 5 12 iJN1463.cmd 7,6468236064E-7
500 6 1 iAF1260.cmd 1,9906963849E-7
500 6 1 iJN1463.cmd 4,251062928E-7
500 6 14 iAF1260.cmd 5,6373370158E-8
500 6 14 iJN1463.cmd 2,6662049634E-7
500 7 0 iAF1260.cmd 1,5221195643E-7
500 7 0 iJN1463.cmd 3,7200243096E-7
500 7 4 iAF1260.cmd 1,5759881312E-7
500 7 4 iJN1463.cmd 3,7079698693E-7
500 7 8 iAF1260.cmd 1,7908596133E-7
500 7 8 iJN1463.cmd 4,4059959567E-7
500 8 1 iAF1260.cmd 1,0892187266E-7
500 8 1 iJN1463.cmd 3,1891497942E-7
500 8 3 iAF1260.cmd 8,1743136418E-8
500 8 3 iJN1463.cmd 2,7419934837E-7
500 8 5 iAF1260.cmd 1,2992245368E-7
500 8 5 iJN1463.cmd 3,3031604214E-7
500 8 9 iAF1260.cmd 1,1076506431E-7
500 8 9 iJN1463.cmd 4,0026740325E-7
500 9 4 iAF1260.cmd 7,1318346053E-8
500 9 4 iJN1463.cmd 2,5948612602E-7
500 9 8 iAF1260.cmd 8,6971145893E-8
500 9 8 iJN1463.cmd 3,5087305382E-7
500 9 10 iAF1260.cmd 8,4561681487E-8
500 9 10 iJN1463.cmd 3,0040151683E-7
500 10 1 iAF1260.cmd 3,7878171572E-8
500 10 1 iJN1463.cmd 2,1392912219E-7
500 10 9 iAF1260.cmd 7,5750195857E-8
500 10 9 iJN1463.cmd 3,4003517213E-7
500 11 0 iAF1260.cmd 3,1580162481E-8
500 11 0 iJN1463.cmd 2,0008890436E-7
500 11 2 iAF1260.cmd 3,4184446254E-8
500 11 2 iJN1463.cmd 2,4636457253E-7
500 11 3 iAF1260.cmd 3,6258127455E-8
500 11 3 iJN1463.cmd 2,5931191952E-7
500 11 4 iAF1260.cmd 3,564859735E-8
500 11 4 iJN1463.cmd 2,4149307332E-7
500 11 8 iAF1260.cmd 5,2495692133E-8
500 11 8 iJN1463.cmd 2,7543997242E-7
500 11 10 iAF1260.cmd 5,4076371451E-8
500 11 10 iJN1463.cmd 2,7271171479E-7
500 12 1 iAF1260.cmd 2,6860952142E-8
500 12 1 iJN1463.cmd 2,2687888485E-7
500 12 2 iAF1260.cmd 2,7096485999E-8
500 12 2 iJN1463.cmd 2,4704944817E-7
500 12 8 iAF1260.cmd 4,242131267E-8
500 12 8 iJN1463.cmd 2,6963595476E-7
500 12 10 iAF1260.cmd 4,4624288503E-8
500 12 10 iJN1463.cmd 2,5786643742E-7
500 12 14 iAF1260.cmd 6,4568548767E-9
500 12 14 iJN1463.cmd 1,391150526E-7
500 13 3 iAF1260.cmd 1,9304860241E-8
500 13 3 iJN1463.cmd 2,1024029151E-7
500 13 4 iAF1260.cmd 1,7843233973E-8
500 13 4 iJN1463.cmd 1,9815475222E-7
500 13 9 iAF1260.cmd 3,0111975811E-8
500 13 9 iJN1463.cmd 2,1248073449E-7
500 13 13 iAF1260.cmd 1,3714535476E-8
500 13 13 iJN1463.cmd 1,4110097523E-7
500 14 14 iAF1260.cmd 7,4734649005E-9
500 14 14 iJN1463.cmd 1,714763485E-7
500 4 10 iAF1260.cmd 4,591321312E-7
500 4 10 iJN1463.cmd 8,271693874E-7
500 5 11 iAF1260.cmd 4,3270868165E-7
500 5 11 iJN1463.cmd 8,030286099E-7
500 8 10 iAF1260.cmd 1,0624545399E-7
500 8 10 iJN1463.cmd 3,0643666398E-7
500 10 8 iAF1260.cmd 6,783817923E-8
500 10 8 iJN1463.cmd 2,9795278271E-7
500 10 10 iAF1260.cmd 7,2439444852E-8
500 10 10 iJN1463.cmd 3,0985192262E-7
500 1 0 iAF1260.cmd 5,0730886388E-7
500 1 0 iJN1463.cmd 7,7507762762E-7
500 1 2 iAF1260.cmd 4,8068222752E-7
500 1 2 iJN1463.cmd 7,355471334E-7
500 2 13 iAF1260.cmd 5,080790786E-7
500 2 13 iJN1463.cmd 8,4283337773E-7
500 3 0 iAF1260.cmd 5,3032058165E-7
500 3 0 iJN1463.cmd 8,2605226989E-7
500 3 2 iAF1260.cmd 5,2998782167E-7
500 3 2 iJN1463.cmd 8,2620533734E-7
500 3 14 iAF1260.cmd 2,175457419E-7
500 3 14 iJN1463.cmd 5,4857026678E-7
500 6 0 iAF1260.cmd 2,057896065E-7
500 6 0 iJN1463.cmd 4,1778748115E-7
500 7 5 iAF1260.cmd 1,5817142246E-7
500 7 5 iJN1463.cmd 3,5771312439E-7
500 8 0 iAF1260.cmd 1,0386251233E-7
500 8 0 iJN1463.cmd 2,8882653231E-7
500 8 2 iAF1260.cmd 7,7505891426E-8
500 8 2 iJN1463.cmd 2,6038405741E-7
500 9 3 iAF1260.cmd 6,1413291682E-8
500 9 3 iJN1463.cmd 2,3580562492E-7
500 9 7 iAF1260.cmd 6,2467414935E-8
500 9 7 iJN1463.cmd 2,3996747876E-7
500 10 0 iAF1260.cmd 4,288914843E-8
500 10 0 iJN1463.cmd 1,9492356542E-7
500 10 2 iAF1260.cmd 4,1924477509E-8
500 10 2 iJN1463.cmd 2,17339656E-7
500 10 4 iAF1260.cmd 4,6447669972E-8
500 10 4 iJN1463.cmd 2,1397811025E-7
500 12 0 iAF1260.cmd 2,1566777439E-8
500 12 0 iJN1463.cmd 1,6638718137E-7
500 12 13 iAF1260.cmd 1,4678165048E-8
500 12 13 iJN1463.cmd 1,4233832541E-7
500 13 2 iAF1260.cmd 1,7737772002E-8
500 13 2 iJN1463.cmd 1,865045026E-7
500 13 8 iAF1260.cmd 2,8192241084E-8
500 13 8 iJN1463.cmd 1,9584481124E-7
500 14 13 iAF1260.cmd 1,2565120427E-8
500 14 13 iJN1463.cmd 1,3297131129E-7
500 0 1 iAF1260.cmd 2,2111864967E-7
500 0 1 iJN1463.cmd 4,6998738079E-7
500 2 3 iAF1260.cmd 5,0684033555E-7
500 2 3 iJN1463.cmd 7,8984596542E-7
500 2 10 iAF1260.cmd 5,3283884895E-7
500 2 10 iJN1463.cmd 9,0284461872E-7
500 3 9 iAF1260.cmd 4,6215316915E-7
500 3 9 iJN1463.cmd 8,0697335293E-7
500 6 2 iAF1260.cmd 2,4250012207E-7
500 6 2 iJN1463.cmd 4,4668941794E-7
500 6 4 iAF1260.cmd 1,8757191571E-7
500 6 4 iJN1463.cmd 3,9006358714E-7
500 6 8 iAF1260.cmd 2,1708116928E-7
500 6 8 iJN1463.cmd 4,4912986303E-7
500 6 12 iAF1260.cmd 2,3339380308E-7
500 6 12 iJN1463.cmd 4,530181539E-7
500 7 7 iAF1260.cmd 1,7843307282E-7
500 7 7 iJN1463.cmd 3,9247615205E-7
500 8 6 iAF1260.cmd 1,1488292098E-7
500 8 6 iJN1463.cmd 2,8288681522E-7
500 9 11 iAF1260.cmd 7,8088604435E-8
500 9 11 iJN1463.cmd 2,1614797125E-7
500 10 3 iAF1260.cmd 4,5635804303E-8
500 10 3 iJN1463.cmd 2,2439228074E-7
500 11 5 iAF1260.cmd 2,9316523727E-8
500 11 5 iJN1463.cmd 1,581041077E-7
500 11 7 iAF1260.cmd 3,9169701161E-8
500 11 7 iJN1463.cmd 1,843362982E-7
500 11 11 iAF1260.cmd 3,50524016E-8
500 11 11 iJN1463.cmd 1,7222961099E-7
500 12 11 iAF1260.cmd 3,1013867526E-8
500 12 11 iJN1463.cmd 1,6660007545E-7
500 13 5 iAF1260.cmd 9,2531443814E-9
500 13 5 iJN1463.cmd 1,0826851159E-7
500 13 12 iAF1260.cmd 1,1552075952E-8
500 13 12 iJN1463.cmd 1,0069452311E-7
500 14 3 iAF1260.cmd 1,2140767506E-8
500 14 3 iJN1463.cmd 1,4054838593E-7
500 14 4 iAF1260.cmd 1,1380990458E-8
500 14 4 iJN1463.cmd 1,3343264314E-7
500 14 9 iAF1260.cmd 1,6737932279E-8
500 14 9 iJN1463.cmd 1,2174394154E-7
500 6 13 iAF1260.cmd 1,4637313875E-7
500 6 13 iJN1463.cmd 3,2346617116E-7
500 7 14 iAF1260.cmd 3,8803801801E-8
500 7 14 iJN1463.cmd 1,6349895194E-7
500 11 14 iAF1260.cmd 3,5585624281E-10
500 11 14 iJN1463.cmd 8,0863944005E-8
500 10 7 iAF1260.cmd 4,8567495247E-8
500 10 7 iJN1463.cmd 2,0423998928E-7
500 5 10 iAF1260.cmd 3,6356576079E-7
500 5 10 iJN1463.cmd 6,5947367406E-7
500 9 2 iAF1260.cmd 5,5843893384E-8
500 9 2 iJN1463.cmd 2,1672343454E-7
500 4 9 iAF1260.cmd 3,9988214788E-7
500 4 9 iJN1463.cmd 7,0919066903E-7
500 7 6 iAF1260.cmd 1,5721367354E-7
500 7 6 iJN1463.cmd 3,447420206E-7
500 8 11 iAF1260.cmd 9,4906789689E-8
500 8 11 iJN1463.cmd 2,3025040247E-7
500 9 0 iAF1260.cmd 6,3249263675E-8
500 9 0 iJN1463.cmd 2,050928744E-7
500 2 14 iAF1260.cmd 2,0915581107E-7
500 2 14 iJN1463.cmd 4,7153645884E-7
500 0 0 iAF1260.cmd 2,2443303558E-7
500 0 0 iJN1463.cmd 4,7585600324E-7
500 0 2 iAF1260.cmd 2,0217393766E-7
500 0 2 iJN1463.cmd 4,3276474301E-7
500 1 3 iAF1260.cmd 4,3247174516E-7
500 1 3 iJN1463.cmd 6,7184343375E-7
500 6 5 iAF1260.cmd 1,8335263507E-7
500 6 5 iJN1463.cmd 3,7799849318E-7
500 7 10 iAF1260.cmd 1,4416884877E-7
500 7 10 iJN1463.cmd 3,0835230037E-7
500 9 6 iAF1260.cmd 6,6089818121E-8
500 9 6 iJN1463.cmd 2,020603075E-7
500 10 5 iAF1260.cmd 3,3663643123E-8
500 10 5 iJN1463.cmd 1,5172050895E-7
500 14 2 iAF1260.cmd 8,9483016718E-9
500 14 2 iJN1463.cmd 1,0879115171E-7
500 14 8 iAF1260.cmd 1,481821644E-8
500 14 8 iJN1463.cmd 1,0897688404E-7
500 14 12 iAF1260.cmd 9,4534760295E-9
500 14 12 iJN1463.cmd 8,9536437737E-8
500 1 13 iAF1260.cmd 4,0814317453E-7
500 1 13 iJN1463.cmd 6,2010904529E-7
500 2 9 iAF1260.cmd 4,7996832263E-7
500 2 9 iJN1463.cmd 8,2299712357E-7
500 4 0 iAF1260.cmd 3,9168891043E-7
500 4 0 iJN1463.cmd 6,2440885018E-7
500 4 2 iAF1260.cmd 4,0627302061E-7
500 4 2 iJN1463.cmd 6,4736028638E-7
500 5 0 iAF1260.cmd 2,8115921829E-7
500 5 0 iJN1463.cmd 4,8145364686E-7
500 6 7 iAF1260.cmd 2,0030084297E-7
500 6 7 iJN1463.cmd 4,0792109007E-7
500 11 6 iAF1260.cmd 2,5778146695E-8
500 11 6 iJN1463.cmd 1,2276549996E-7
500 13 0 iAF1260.cmd 9,2102990125E-9
500 13 0 iJN1463.cmd 8,2107280994E-8
500 13 11 iAF1260.cmd 1,4341668533E-8
500 13 11 iJN1463.cmd 9,7399187063E-8
500 14 5 iAF1260.cmd 6,6792388484E-9
500 14 5 iJN1463.cmd 8,3505737433E-8
500 1 10 iAF1260.cmd 4,4580053822E-7
500 1 10 iJN1463.cmd 7,55483709E-7
500 2 4 iAF1260.cmd 3,9714872153E-7
500 2 4 iJN1463.cmd 6,7196586306E-7
500 3 8 iAF1260.cmd 3,8342026773E-7
500 3 8 iJN1463.cmd 6,9363438851E-7
500 5 2 iAF1260.cmd 3,0604490401E-7
500 5 2 iJN1463.cmd 5,1152474683E-7
500 5 4 iAF1260.cmd 2,1169935202E-7
500 5 4 iJN1463.cmd 4,2095894843E-7
500 5 8 iAF1260.cmd 2,7512789144E-7
500 5 8 iJN1463.cmd 5,1747618245E-7
500 7 12 iAF1260.cmd 1,3544803542E-7
500 7 12 iJN1463.cmd 2,7282433438E-7
500 11 12 iAF1260.cmd 3,0645602087E-8
500 11 12 iJN1463.cmd 1,1198309117E-7
500 9 12 iAF1260.cmd 6,4674923582E-8
500 9 12 iJN1463.cmd 1,566534038E-7
500 13 6 iAF1260.cmd 5,3737771884E-9
500 13 6 iJN1463.cmd 6,025060673E-8
500 14 10 iAF1260.cmd 8,8979009305E-9
500 14 10 iJN1463.cmd 7,2452886964E-8
500 7 13 iAF1260.cmd 1,0559363881E-7
500 7 13 iJN1463.cmd 2,3037327047E-7
500 10 6 iAF1260.cmd 3,830240008E-8
500 10 6 iJN1463.cmd 1,5040657176E-7
500 5 9 iAF1260.cmd 3,3900378963E-7
500 5 9 iJN1463.cmd 6,0932513462E-7
500 6 10 iAF1260.cmd 2,3485758793E-7
500 6 10 iJN1463.cmd 4,3915969467E-7
500 6 6 iAF1260.cmd 1,8381694677E-7
500 6 6 iJN1463.cmd 3,758493815E-7
500 7 11 iAF1260.cmd 1,1788946267E-7
500 7 11 iJN1463.cmd 2,491659414E-7
500 4 8 iAF1260.cmd 3,3031793131E-7
500 4 8 iJN1463.cmd 6,0458689955E-7
500 0 3 iAF1260.cmd 1,6889021474E-7
500 0 3 iJN1463.cmd 3,7440922295E-7
500 8 12 iAF1260.cmd 9,0864239384E-8
500 8 12 iJN1463.cmd 1,9683441211E-7
500 14 11 iAF1260.cmd 8,2705998553E-9
500 14 11 iJN1463.cmd 7,0379661974E-8
500 1 4 iAF1260.cmd 3,6478868968E-7
500 1 4 iJN1463.cmd 5,9767212536E-7
500 1 14 iAF1260.cmd 1,5612382325E-7
500 1 14 iJN1463.cmd 3,3228381541E-7
500 5 5 iAF1260.cmd 2,0521135689E-7
500 5 5 iJN1463.cmd 4,1396045469E-7
500 1 9 iAF1260.cmd 4,0885300494E-7
500 1 9 iJN1463.cmd 7,0439010922E-7
500 2 8 iAF1260.cmd 4,0428282493E-7
500 2 8 iJN1463.cmd 7,3062990073E-7
500 5 7 iAF1260.cmd 2,3238909711E-7
500 5 7 iJN1463.cmd 4,5529908433E-7
500 12 6 iAF1260.cmd 9,7556534088E-9
500 12 6 iJN1463.cmd 6,4325883987E-8
500 14 7 iAF1260.cmd 5,059395729E-9
500 14 7 iJN1463.cmd 5,4194487276E-8
500 0 13 iAF1260.cmd 1,1932473783E-7
500 0 13 iJN1463.cmd 2,4717243523E-7
500 14 6 iAF1260.cmd 3,1289919764E-9
500 14 6 iJN1463.cmd 5,0249932993E-8
500 14 1 iAF1260.cmd 0E0
500 14 1 iJN1463.cmd 4,9415489931E-8
500 8 14 iAF1260.cmd 2,3692732682E-8
500 8 14 iJN1463.cmd 9,409054391E-8
500 10 14 iAF1260.cmd 3,5021849397E-9
500 10 14 iJN1463.cmd 4,7734338039E-8
500 10 12 iAF1260.cmd 3,5828167367E-8
500 10 12 iJN1463.cmd 1,0017328555E-7
500 0 10 iAF1260.cmd 1,4383203576E-7
500 0 10 iJN1463.cmd 3,5991697073E-7
500 1 11 iAF1260.cmd 4,3068105638E-7
500 1 11 iJN1463.cmd 7,4261288077E-7
500 2 5 iAF1260.cmd 3,3128705774E-7
500 2 5 iJN1463.cmd 6,1937465153E-7
500 3 4 iAF1260.cmd 3,0652879126E-7
500 3 4 iJN1463.cmd 5,7601995545E-7
500 3 7 iAF1260.cmd 3,1215998538E-7
500 3 7 iJN1463.cmd 6,107808854E-7
500 4 4 iAF1260.cmd 2,4416710341E-7
500 4 4 iJN1463.cmd 4,840679571E-7
500 14 0 iAF1260.cmd 0E0
500 14 0 iJN1463.cmd 4,2162164846E-8
500 8 13 iAF1260.cmd 7,7484832827E-8
500 8 13 iJN1463.cmd 1,686585722E-7
500 5 6 iAF1260.cmd 2,0744037822E-7
500 5 6 iJN1463.cmd 4,1974593169E-7
500 4 7 iAF1260.cmd 2,7060937552E-7
500 4 7 iJN1463.cmd 5,2915761204E-7
500 0 4 iAF1260.cmd 1,2876110589E-7
500 0 4 iJN1463.cmd 3,1058906128E-7
500 1 8 iAF1260.cmd 3,5003162985E-7
500 1 8 iJN1463.cmd 6,3896432945E-7
500 1 5 iAF1260.cmd 3,1610232103E-7
500 1 5 iJN1463.cmd 5,523477431E-7
500 4 5 iAF1260.cmd 2,3236459634E-7
500 4 5 iJN1463.cmd 4,7779494361E-7
500 2 7 iAF1260.cmd 3,3493250674E-7
500 2 7 iJN1463.cmd 6,5766411941E-7
500 0 9 iAF1260.cmd 1,31589386E-7
500 0 9 iJN1463.cmd 3,4072378086E-7
500 0 14 iAF1260.cmd 6,6786664192E-8
500 0 14 iJN1463.cmd 1,7305051732E-7
500 3 5 iAF1260.cmd 2,7877539579E-7
500 3 5 iJN1463.cmd 5,5935352855E-7
500 0 11 iAF1260.cmd 1,2356885109E-7
500 0 11 iJN1463.cmd 3,2068960887E-7
500 10 13 iAF1260.cmd 2,0293845938E-8
500 10 13 iJN1463.cmd 6,7598636233E-8
500 4 6 iAF1260.cmd 2,3467117274E-7
500 4 6 iJN1463.cmd 4,8728865741E-7
500 2 6 iAF1260.cmd 3,0314190582E-7
500 2 6 iJN1463.cmd 6,2210834821E-7
500 3 6 iAF1260.cmd 2,7130884568E-7
500 3 6 iJN1463.cmd 5,6574607564E-7
500 0 12 iAF1260.cmd 5,2804822099E-8
500 0 12 iJN1463.cmd 1,6200424828E-7
500 1 7 iAF1260.cmd 3,00405112E-7
500 1 7 iJN1463.cmd 5,8902457962E-7
500 0 5 iAF1260.cmd 9,0878304465E-8
500 0 5 iJN1463.cmd 2,445527443E-7
500 0 8 iAF1260.cmd 1,0442093624E-7
500 0 8 iJN1463.cmd 2,9884821191E-7
500 9 14 iAF1260.cmd 4,5064591489E-9
500 9 14 iJN1463.cmd 4,0208073304E-8
500 0 7 iAF1260.cmd 7,5571785612E-8
500 0 7 iJN1463.cmd 2,4268957492E-7
500 0 6 iAF1260.cmd 2,9524787258E-8
500 0 6 iJN1463.cmd 1,261298267E-7
1000 11 9 iAF1260.cmd 8,5133735105E-8
1000 11 9 iJN1463.cmd 2,5455604982E-7
1000 3 12 iAF1260.cmd 8,7382970763E-7
1000 3 12 iJN1463.cmd 1,0025360606E-6
1000 3 11 iAF1260.cmd 8,7496105741E-7
1000 3 11 iJN1463.cmd 9,9187328987E-7
1000 8 8 iAF1260.cmd 2,1044781576E-7
1000 8 8 iJN1463.cmd 3,6547402212E-7
1000 11 1 iAF1260.cmd 4,62102128E-8
1000 11 1 iJN1463.cmd 2,1060009336E-7
1000 2 1 iAF1260.cmd 7,7381199781E-7
1000 2 1 iJN1463.cmd 8,195058414E-7
1000 12 9 iAF1260.cmd 6,3510336881E-8
1000 12 9 iJN1463.cmd 2,2735956871E-7
1000 9 9 iAF1260.cmd 1,5001693291E-7
1000 9 9 iJN1463.cmd 3,1058751194E-7
1000 13 14 iAF1260.cmd 1,7650478026E-8
1000 13 14 iJN1463.cmd 1,3410058886E-7
1000 5 14 iAF1260.cmd 2,4181996694E-7
1000 5 14 iJN1463.cmd 4,8605995997E-7
1000 12 4 iAF1260.cmd 3,6144970916E-8
1000 12 4 iJN1463.cmd 2,0156089256E-7
1000 4 12 iAF1260.cmd 7,844440774E-7
1000 4 12 iJN1463.cmd 9,2016104347E-7
1000 12 3 iAF1260.cmd 3,5742650646E-8
1000 12 3 iJN1463.cmd 2,0680883979E-7
1000 7 1 iAF1260.cmd 2,4542604175E-7
1000 7 1 iJN1463.cmd 3,7440821338E-7
1000 8 4 iAF1260.cmd 1,8190700994E-7
1000 8 4 iJN1463.cmd 3,0763299891E-7
1000 1 1 iAF1260.cmd 6,8242787341E-7
1000 1 1 iJN1463.cmd 7,6080642181E-7
1000 2 0 iAF1260.cmd 7,6667668586E-7
1000 2 0 iJN1463.cmd 8,1717198759E-7
1000 2 2 iAF1260.cmd 7,566195468E-7
1000 2 2 iJN1463.cmd 7,9671491822E-7
1000 2 12 iAF1260.cmd 9,2415881117E-7
1000 2 12 iJN1463.cmd 1,0375806085E-6
1000 3 1 iAF1260.cmd 7,8377920991E-7
1000 3 1 iJN1463.cmd 8,2759135118E-7
1000 3 10 iAF1260.cmd 8,4699328085E-7
1000 3 10 iJN1463.cmd 9,3488370258E-7
1000 3 13 iAF1260.cmd 7,5731594989E-7
1000 3 13 iJN1463.cmd 9,1360965069E-7
1000 4 11 iAF1260.cmd 8,019772257E-7
1000 4 11 iJN1463.cmd 9,231643513E-7
1000 4 13 iAF1260.cmd 7,049019083E-7
1000 4 13 iJN1463.cmd 8,7738364449E-7
1000 4 14 iAF1260.cmd 4,3180541259E-7
1000 4 14 iJN1463.cmd 6,8456764999E-7
1000 5 12 iAF1260.cmd 6,5122875138E-7
1000 5 12 iJN1463.cmd 7,7138282382E-7
1000 6 1 iAF1260.cmd 3,247854472E-7
1000 6 1 iJN1463.cmd 4,3785648965E-7
1000 6 14 iAF1260.cmd 1,8762583908E-7
1000 6 14 iJN1463.cmd 3,6129655129E-7
1000 7 0 iAF1260.cmd 2,4844946834E-7
1000 7 0 iJN1463.cmd 3,752146289E-7
1000 7 4 iAF1260.cmd 2,5750081847E-7
1000 7 4 iJN1463.cmd 3,6863153893E-7
1000 7 8 iAF1260.cmd 3,0455770443E-7
1000 7 8 iJN1463.cmd 4,3423579406E-7
1000 8 1 iAF1260.cmd 1,8120303826E-7
1000 8 1 iJN1463.cmd 3,1902549431E-7
1000 8 3 iAF1260.cmd 1,3899255378E-7
1000 8 3 iJN1463.cmd 2,7802564135E-7
1000 8 5 iAF1260.cmd 2,1423714492E-7
1000 8 5 iJN1463.cmd 3,3051239812E-7
1000 8 9 iAF1260.cmd 1,8547714204E-7
1000 8 9 iJN1463.cmd 3,3953233772E-7
1000 9 4 iAF1260.cmd 1,1992649426E-7
1000 9 4 iJN1463.cmd 2,6058675144E-7
1000 9 8 iAF1260.cmd 1,4662604406E-7
1000 9 8 iJN1463.cmd 3,0625026081E-7
1000 9 10 iAF1260.cmd 1,5581952312E-7
1000 9 10 iJN1463.cmd 2,9454420625E-7
1000 10 1 iAF1260.cmd 5,9124477158E-8
1000 10 1 iJN1463.cmd 2,1961687829E-7
1000 10 9 iAF1260.cmd 1,147538487E-7
1000 10 9 iJN1463.cmd 2,8414559418E-7
1000 11 0 iAF1260.cmd 4,7550138432E-8
1000 11 0 iJN1463.cmd 2,0024639834E-7
1000 11 2 iAF1260.cmd 4,8686039662E-8
1000 11 2 iJN1463.cmd 2,1923926596E-7
1000 11 3 iAF1260.cmd 5,1533721792E-8
1000 11 3 iJN1463.cmd 2,2094989483E-7
1000 11 4 iAF1260.cmd 5,3971967823E-8
1000 11 4 iJN1463.cmd 2,1187960231E-7
1000 11 8 iAF1260.cmd 8,0886457798E-8
1000 11 8 iJN1463.cmd 2,4537639788E-7
1000 11 10 iAF1260.cmd 8,4865558375E-8
1000 11 10 iJN1463.cmd 2,3985563569E-7
1000 12 1 iAF1260.cmd 3,6075966186E-8
1000 12 1 iJN1463.cmd 1,9875201511E-7
1000 12 2 iAF1260.cmd 3,4997278168E-8
1000 12 2 iJN1463.cmd 2,0450083374E-7
1000 12 8 iAF1260.cmd 6,0868983067E-8
1000 12 8 iJN1463.cmd 2,2571843488E-7
1000 12 10 iAF1260.cmd 6,7521909869E-8
1000 12 10 iJN1463.cmd 2,206584387E-7
1000 12 14 iAF1260.cmd 1,6752967736E-8
1000 12 14 iJN1463.cmd 1,2387725534E-7
1000 13 3 iAF1260.cmd 2,4274272125E-8
1000 13 3 iJN1463.cmd 1,7857690938E-7
1000 13 4 iAF1260.cmd 2,2863011638E-8
1000 13 4 iJN1463.cmd 1,6444423965E-7
1000 13 9 iAF1260.cmd 4,4587799354E-8
1000 13 9 iJN1463.cmd 1,8917248972E-7
1000 13 13 iAF1260.cmd 2,7335243765E-8
1000 13 13 iJN1463.cmd 1,3021522586E-7
1000 14 14 iAF1260.cmd 1,7820510835E-8
1000 14 14 iJN1463.cmd 1,3800102148E-7
1000 4 10 iAF1260.cmd 7,6572729524E-7
1000 4 10 iJN1463.cmd 8,664697892E-7
1000 5 11 iAF1260.cmd 7,130288487E-7
1000 5 11 iJN1463.cmd 8,3113351492E-7
1000 8 10 iAF1260.cmd 2,0198518802E-7
1000 8 10 iJN1463.cmd 3,2759756897E-7
1000 10 8 iAF1260.cmd 1,081631965E-7
1000 10 8 iJN1463.cmd 2,7150790218E-7
1000 10 10 iAF1260.cmd 1,1783140987E-7
1000 10 10 iJN1463.cmd 2,7835541251E-7
1000 1 0 iAF1260.cmd 6,8621205526E-7
1000 1 0 iJN1463.cmd 7,676710178E-7
1000 1 2 iAF1260.cmd 6,6623920236E-7
1000 1 2 iJN1463.cmd 7,3830543128E-7
1000 2 13 iAF1260.cmd 7,6175000776E-7
1000 2 13 iJN1463.cmd 8,8795436036E-7
1000 3 0 iAF1260.cmd 7,4277847292E-7
1000 3 0 iJN1463.cmd 7,9415983781E-7
1000 3 2 iAF1260.cmd 7,5177043801E-7
1000 3 2 iJN1463.cmd 7,9520627403E-7
1000 3 14 iAF1260.cmd 5,0713699796E-7
1000 3 14 iJN1463.cmd 7,4660678615E-7
1000 6 0 iAF1260.cmd 3,4056080542E-7
1000 6 0 iJN1463.cmd 4,5110888251E-7
1000 7 5 iAF1260.cmd 2,7027230938E-7
1000 7 5 iJN1463.cmd 3,7795184769E-7
1000 8 0 iAF1260.cmd 1,7718760957E-7
1000 8 0 iJN1463.cmd 3,1220809549E-7
1000 8 2 iAF1260.cmd 1,3624879496E-7
1000 8 2 iJN1463.cmd 2,7971939115E-7
1000 9 3 iAF1260.cmd 1,061565622E-7
1000 9 3 iJN1463.cmd 2,5411368611E-7
1000 9 7 iAF1260.cmd 1,2225567971E-7
1000 9 7 iJN1463.cmd 2,6433917478E-7
1000 10 0 iAF1260.cmd 7,1470685288E-8
1000 10 0 iJN1463.cmd 2,2160856363E-7
1000 10 2 iAF1260.cmd 6,8249525026E-8
1000 10 2 iJN1463.cmd 2,3044828162E-7
1000 10 4 iAF1260.cmd 7,7450631865E-8
1000 10 4 iJN1463.cmd 2,2583982723E-7
1000 12 0 iAF1260.cmd 3,2168126237E-8
1000 12 0 iJN1463.cmd 1,7240519815E-7
1000 12 13 iAF1260.cmd 2,6765365242E-8
1000 12 13 iJN1463.cmd 1,3008534009E-7
1000 13 2 iAF1260.cmd 2,3860514204E-8
1000 13 2 iJN1463.cmd 1,7731552022E-7
1000 13 8 iAF1260.cmd 4,3172933691E-8
1000 13 8 iJN1463.cmd 1,8730481814E-7
1000 14 13 iAF1260.cmd 2,6529208266E-8
1000 14 13 iJN1463.cmd 1,2960405044E-7
1000 0 1 iAF1260.cmd 5,1724159045E-7
1000 0 1 iJN1463.cmd 6,7933236439E-7
1000 2 3 iAF1260.cmd 7,2298467039E-7
1000 2 3 iJN1463.cmd 7,6085601035E-7
1000 2 10 iAF1260.cmd 8,5765301869E-7
1000 2 10 iJN1463.cmd 9,1857422856E-7
1000 3 9 iAF1260.cmd 7,9701893486E-7
1000 3 9 iJN1463.cmd 8,6903557084E-7
1000 6 2 iAF1260.cmd 4,067210183E-7
1000 6 2 iJN1463.cmd 5,0451904012E-7
1000 6 4 iAF1260.cmd 3,3752603818E-7
1000 6 4 iJN1463.cmd 4,3110443811E-7
1000 6 8 iAF1260.cmd 4,0443887852E-7
1000 6 8 iJN1463.cmd 5,1059912462E-7
1000 6 12 iAF1260.cmd 4,0547587557E-7
1000 6 12 iJN1463.cmd 5,0793430104E-7
1000 7 7 iAF1260.cmd 3,1870057028E-7
1000 7 7 iJN1463.cmd 4,3094966137E-7
1000 8 6 iAF1260.cmd 2,0482860891E-7
1000 8 6 iJN1463.cmd 3,1892521724E-7
1000 9 11 iAF1260.cmd 1,5679340479E-7
1000 9 11 iJN1463.cmd 2,6044279899E-7
1000 10 3 iAF1260.cmd 7,3857609555E-8
1000 10 3 iJN1463.cmd 2,327701713E-7
1000 11 5 iAF1260.cmd 5,8001684968E-8
1000 11 5 iJN1463.cmd 1,9319552973E-7
1000 11 7 iAF1260.cmd 7,5510124315E-8
1000 11 7 iJN1463.cmd 2,177379392E-7
1000 11 11 iAF1260.cmd 7,1697777509E-8
1000 11 11 iJN1463.cmd 1,9175090422E-7
1000 12 11 iAF1260.cmd 5,7975111139E-8
1000 12 11 iJN1463.cmd 1,8109612191E-7
1000 13 5 iAF1260.cmd 1,7471841981E-8
1000 13 5 iJN1463.cmd 1,2591373195E-7
1000 13 12 iAF1260.cmd 3,2065619796E-8
1000 13 12 iJN1463.cmd 1,2434867219E-7
1000 14 3 iAF1260.cmd 1,7991697221E-8
1000 14 3 iJN1463.cmd 1,5412836631E-7
1000 14 4 iAF1260.cmd 1,73416501E-8
1000 14 4 iJN1463.cmd 1,4418887198E-7
1000 14 9 iAF1260.cmd 3,206287706E-8
1000 14 9 iJN1463.cmd 1,4605188266E-7
1000 6 13 iAF1260.cmd 2,7767792699E-7
1000 6 13 iJN1463.cmd 3,9195301319E-7
1000 7 14 iAF1260.cmd 1,4274098492E-7
1000 7 14 iJN1463.cmd 2,6797267319E-7
1000 11 14 iAF1260.cmd 1,6728895839E-8
1000 11 14 iJN1463.cmd 1,0461328561E-7
1000 10 7 iAF1260.cmd 9,5608875384E-8
1000 10 7 iJN1463.cmd 2,3894267379E-7
1000 5 10 iAF1260.cmd 6,479743447E-7
1000 5 10 iJN1463.cmd 7,501227024E-7
1000 9 2 iAF1260.cmd 9,9961537269E-8
1000 9 2 iJN1463.cmd 2,5170550998E-7
1000 4 9 iAF1260.cmd 7,1946085545E-7
1000 4 9 iJN1463.cmd 8,0430438404E-7
1000 7 6 iAF1260.cmd 2,8355141299E-7
1000 7 6 iJN1463.cmd 3,9035451847E-7
1000 8 11 iAF1260.cmd 1,9406119387E-7
1000 8 11 iJN1463.cmd 2,9129225389E-7
1000 9 0 iAF1260.cmd 1,1768905365E-7
1000 9 0 iJN1463.cmd 2,5684552055E-7
1000 2 14 iAF1260.cmd 5,0519629056E-7
1000 2 14 iJN1463.cmd 7,0939242694E-7
1000 0 0 iAF1260.cmd 5,2461475675E-7
1000 0 0 iJN1463.cmd 6,9134709281E-7
1000 0 2 iAF1260.cmd 4,9813895927E-7
1000 0 2 iJN1463.cmd 6,514368711E-7
1000 1 3 iAF1260.cmd 6,3693990872E-7
1000 1 3 iJN1463.cmd 7,022527576E-7
1000 6 5 iAF1260.cmd 3,4589794004E-7
1000 6 5 iJN1463.cmd 4,3844877086E-7
1000 7 10 iAF1260.cmd 2,9511494041E-7
1000 7 10 iJN1463.cmd 3,9717171056E-7
1000 9 6 iAF1260.cmd 1,3391495312E-7
1000 9 6 iJN1463.cmd 2,5755514924E-7
1000 10 5 iAF1260.cmd 7,0328380916E-8
1000 10 5 iJN1463.cmd 2,0381482412E-7
1000 14 2 iAF1260.cmd 1,5993698922E-8
1000 14 2 iJN1463.cmd 1,4172555095E-7
1000 14 8 iAF1260.cmd 2,931368483E-8
1000 14 8 iJN1463.cmd 1,4210013805E-7
1000 14 12 iAF1260.cmd 2,9673834635E-8
1000 14 12 iJN1463.cmd 1,1908560138E-7
1000 1 13 iAF1260.cmd 6,1461039637E-7
1000 1 13 iJN1463.cmd 7,1826051608E-7
1000 2 9 iAF1260.cmd 8,161003391E-7
1000 2 9 iJN1463.cmd 8,7348240118E-7
1000 4 0 iAF1260.cmd 6,1166558914E-7
1000 4 0 iJN1463.cmd 6,8096276541E-7
1000 4 2 iAF1260.cmd 6,4475939036E-7
1000 4 2 iJN1463.cmd 7,0189204878E-7
1000 5 0 iAF1260.cmd 4,664068666E-7
1000 5 0 iJN1463.cmd 5,5773394968E-7
1000 6 7 iAF1260.cmd 3,8755520656E-7
1000 6 7 iJN1463.cmd 4,8595687477E-7
1000 11 6 iAF1260.cmd 6,074421726E-8
1000 11 6 iJN1463.cmd 1,810968405E-7
1000 13 0 iAF1260.cmd 1,869899805E-8
1000 13 0 iJN1463.cmd 1,2360003691E-7
1000 13 11 iAF1260.cmd 3,8973940565E-8
1000 13 11 iJN1463.cmd 1,3523753809E-7
1000 14 5 iAF1260.cmd 1,5057381172E-8
1000 14 5 iJN1463.cmd 1,1806461502E-7
1000 1 10 iAF1260.cmd 7,5385540644E-7
1000 1 10 iJN1463.cmd 8,2182155171E-7
1000 2 4 iAF1260.cmd 6,634102726E-7
1000 2 4 iJN1463.cmd 7,0695214144E-7
1000 3 8 iAF1260.cmd 7,3045895495E-7
1000 3 8 iJN1463.cmd 7,9521823951E-7
1000 5 2 iAF1260.cmd 5,1925658236E-7
1000 5 2 iJN1463.cmd 5,9480862952E-7
1000 5 4 iAF1260.cmd 4,2389284972E-7
1000 5 4 iJN1463.cmd 5,0314163683E-7
1000 5 8 iAF1260.cmd 5,4208850784E-7
1000 5 8 iJN1463.cmd 6,3023291927E-7
1000 7 12 iAF1260.cmd 2,6511514437E-7
1000 7 12 iJN1463.cmd 3,5097317825E-7
1000 11 12 iAF1260.cmd 7,4617971029E-8
1000 11 12 iJN1463.cmd 1,607462423E-7
1000 9 12 iAF1260.cmd 1,4101517423E-7
1000 9 12 iJN1463.cmd 2,1794254851E-7
1000 13 6 iAF1260.cmd 1,9939052371E-8
1000 13 6 iJN1463.cmd 1,0831919438E-7
1000 14 10 iAF1260.cmd 2,832119551E-8
1000 14 10 iJN1463.cmd 1,1938024137E-7
1000 7 13 iAF1260.cmd 2,1703319841E-7
1000 7 13 iJN1463.cmd 3,104405269E-7
1000 10 6 iAF1260.cmd 8,6947921301E-8
1000 10 6 iJN1463.cmd 2,1384036684E-7
1000 5 9 iAF1260.cmd 6,3778993745E-7
1000 5 9 iJN1463.cmd 7,2845552435E-7
1000 6 10 iAF1260.cmd 4,6269578015E-7
1000 6 10 iJN1463.cmd 5,6056396961E-7
1000 6 6 iAF1260.cmd 3,616193794E-7
1000 6 6 iJN1463.cmd 4,5523780427E-7
1000 7 11 iAF1260.cmd 2,4584562932E-7
1000 7 11 iJN1463.cmd 3,3539390453E-7
1000 4 8 iAF1260.cmd 6,4790479276E-7
1000 4 8 iJN1463.cmd 7,2465529273E-7
1000 0 3 iAF1260.cmd 4,6569163327E-7
1000 0 3 iJN1463.cmd 6,0840784292E-7
1000 8 12 iAF1260.cmd 1,9109848554E-7
1000 8 12 iJN1463.cmd 2,7003289163E-7
1000 14 11 iAF1260.cmd 3,0824869333E-8
1000 14 11 iJN1463.cmd 1,1695838798E-7
1000 1 4 iAF1260.cmd 5,9496968997E-7
1000 1 4 iJN1463.cmd 6,5735201078E-7
1000 1 14 iAF1260.cmd 4,1813702166E-7
1000 1 14 iJN1463.cmd 5,8444366551E-7
1000 5 5 iAF1260.cmd 4,3160088839E-7
1000 5 5 iJN1463.cmd 5,1118934714E-7
1000 1 9 iAF1260.cmd 7,2137193667E-7
1000 1 9 iJN1463.cmd 7,9352604565E-7
1000 2 8 iAF1260.cmd 7,551329951E-7
1000 2 8 iJN1463.cmd 8,1054951317E-7
1000 5 7 iAF1260.cmd 4,876001217E-7
1000 5 7 iJN1463.cmd 5,715379604E-7
1000 12 6 iAF1260.cmd 3,477635243E-8
1000 12 6 iJN1463.cmd 1,267116372E-7
1000 14 7 iAF1260.cmd 1,8972746596E-8
1000 14 7 iJN1463.cmd 1,0752618766E-7
1000 0 13 iAF1260.cmd 3,5101991234E-7
1000 0 13 iJN1463.cmd 4,9207864105E-7
1000 14 6 iAF1260.cmd 1,5661383005E-8
1000 14 6 iJN1463.cmd 1,01610391E-7
1000 14 1 iAF1260.cmd 1,060076038E-8
1000 14 1 iJN1463.cmd 1,0494986629E-7
1000 8 14 iAF1260.cmd 1,0071770177E-7
1000 8 14 iJN1463.cmd 1,929316938E-7
1000 10 14 iAF1260.cmd 3,2597618003E-8
1000 10 14 iJN1463.cmd 1,0148265073E-7
1000 10 12 iAF1260.cmd 8,8371830143E-8
1000 10 12 iJN1463.cmd 1,5428141648E-7
1000 0 10 iAF1260.cmd 4,9433485045E-7
1000 0 10 iJN1463.cmd 6,4532508914E-7
1000 1 11 iAF1260.cmd 7,3547295137E-7
1000 1 11 iJN1463.cmd 7,938257421E-7
1000 2 5 iAF1260.cmd 6,4326612956E-7
1000 2 5 iJN1463.cmd 6,9228478342E-7
1000 3 4 iAF1260.cmd 6,065392788E-7
1000 3 4 iJN1463.cmd 6,6001578115E-7
1000 3 7 iAF1260.cmd 6,6889685403E-7
1000 3 7 iJN1463.cmd 7,3161977896E-7
1000 4 4 iAF1260.cmd 5,1753575036E-7
1000 4 4 iJN1463.cmd 5,8402019374E-7
1000 14 0 iAF1260.cmd 1,1338032969E-8
1000 14 0 iJN1463.cmd 9,7823048329E-8
1000 8 13 iAF1260.cmd 1,7115729511E-7
1000 8 13 iJN1463.cmd 2,49018382E-7
1000 5 6 iAF1260.cmd 4,5118861388E-7
1000 5 6 iJN1463.cmd 5,3234875523E-7
1000 4 7 iAF1260.cmd 5,8699805164E-7
1000 4 7 iJN1463.cmd 6,5997556467E-7
1000 0 4 iAF1260.cmd 4,2006512873E-7
1000 0 4 iJN1463.cmd 5,5405683444E-7
1000 1 8 iAF1260.cmd 6,6873918052E-7
1000 1 8 iJN1463.cmd 7,4100893316E-7
1000 1 5 iAF1260.cmd 5,6457115482E-7
1000 1 5 iJN1463.cmd 6,2656959739E-7
1000 4 5 iAF1260.cmd 5,2341746025E-7
1000 4 5 iJN1463.cmd 5,9186744689E-7
1000 2 7 iAF1260.cmd 6,9933877495E-7
1000 2 7 iJN1463.cmd 7,5481621453E-7
1000 0 9 iAF1260.cmd 4,8318762006E-7
1000 0 9 iJN1463.cmd 6,3720678168E-7
1000 0 14 iAF1260.cmd 2,970941591E-7
1000 0 14 iJN1463.cmd 4,5273610662E-7
1000 3 5 iAF1260.cmd 6,0592318261E-7
1000 3 5 iJN1463.cmd 6,6327199152E-7
1000 0 11 iAF1260.cmd 4,4809008182E-7
1000 0 11 iJN1463.cmd 5,9036664991E-7
1000 10 13 iAF1260.cmd 5,9721248438E-8
1000 10 13 iJN1463.cmd 1,1472329782E-7
1000 4 6 iAF1260.cmd 5,4500909569E-7
1000 4 6 iJN1463.cmd 6,159372454E-7
1000 2 6 iAF1260.cmd 6,7272262636E-7
1000 2 6 iJN1463.cmd 7,2626019758E-7
1000 3 6 iAF1260.cmd 6,2732168327E-7
1000 3 6 iJN1463.cmd 6,8876460324E-7
1000 0 12 iAF1260.cmd 3,0277275217E-7
1000 0 12 iJN1463.cmd 4,5404348394E-7
1000 1 7 iAF1260.cmd 6,2178579879E-7
1000 1 7 iJN1463.cmd 6,9296830452E-7
1000 0 5 iAF1260.cmd 3,622885134E-7
1000 0 5 iJN1463.cmd 4,9385856488E-7
1000 0 8 iAF1260.cmd 4,4221916628E-7
1000 0 8 iJN1463.cmd 5,9180200481E-7
1000 9 14 iAF1260.cmd 4,6884455029E-8
1000 9 14 iJN1463.cmd 1,2049805713E-7
1000 0 7 iAF1260.cmd 3,7976697928E-7
1000 0 7 iJN1463.cmd 5,2305186264E-7
1000 0 6 iAF1260.cmd 2,7133745057E-7
1000 0 6 iJN1463.cmd 4,213489039E-7
