0	1,5E-7	1,5E-5
1	1,5792461044E-7	1,5280718991E-5
2	1,6624742334E-7	1,5543007283E-5
3	1,7576623364E-7	1,5800335708E-5
4	1,8625574739E-7	1,6056819724E-5
5	1,9769304691E-7	1,6314025576E-5
6	2,10091814E-7	1,6572719379E-5
7	2,234583487E-7	1,6833700047E-5
8	2,3770189583E-7	1,7098177337E-5
9	2,5273466184E-7	1,7366836331E-5
10	2,6843534754E-7	1,764017876E-5
11	2,8464352594E-7	1,7918135164E-5
12	3,0113041297E-7	1,8201655886E-5
13	3,1771454029E-7	1,8491559381E-5
14	3,343104317E-7	1,8788004937E-5
15	3,5085572457E-7	1,9089680694E-5
16	3,6737031573E-7	1,9396356146E-5
17	3,8385720257E-7	1,9707380266E-5
18	4,0029618282E-7	2,0021381271E-5
19	4,1673319067E-7	2,0336791896E-5
20	4,331399635E-7	2,0654944002E-5
21	4,4947775649E-7	2,0976737495E-5
22	4,6585887932E-7	2,1300121891E-5
23	4,8234447709E-7	2,1625816616E-5
24	4,9900549112E-7	2,1953584521E-5
25	5,1584111897E-7	2,2281519711E-5
26	5,3285536029E-7	2,2607201907E-5
27	5,5010572581E-7	2,2925892137E-5
28	5,6760386017E-7	2,3236647697E-5
29	5,8540440576E-7	2,3538600602E-5
30	6,0360076678E-7	2,3831983397E-5
31	6,2221025175E-7	2,4117158122E-5
32	6,4123857501E-7	2,4394611554E-5
33	6,6069439864E-7	2,4665239547E-5
34	6,8058951484E-7	2,4928618429E-5
35	7,0075809101E-7	2,5184803869E-5
36	7,2120389396E-7	2,5432813604E-5
37	7,4200595852E-7	2,567280449E-5
38	7,6327597295E-7	2,5905650765E-5
39	7,8477767608E-7	2,6132629388E-5
40	8,0660880999E-7	2,6355080495E-5
41	8,286535482E-7	2,657386683E-5
42	8,5104110492E-7	2,6789674238E-5
43	8,7379780775E-7	2,7003133557E-5
44	8,9685665491E-7	2,721464735E-5
45	9,2026615485E-7	2,742428309E-5
46	9,4407822628E-7	2,7635355947E-5
47	9,6821067403E-7	2,7845478187E-5
48	9,9245353748E-7	2,8054149421E-5
49	1,0174043797E-6	2,8258627684E-5
50	1,0429005683E-6	2,8462668598E-5
51	1,0688617918E-6	2,8663692166E-5
52	1,0953801633E-6	2,8863803975E-5
53	1,122383131E-6	2,9063590177E-5
54	1,1499140797E-6	2,9267943579E-5
55	1,1780982343E-6	2,9465098966E-5
56	1,2066823314E-6	2,9662155135E-5
57	1,2354769858E-6	2,9859061479E-5
58	1,2647218342E-6	3,0055722137E-5
59	1,2942325636E-6	3,0251977854E-5
60	1,3242807289E-6	3,0447391457E-5
61	1,3548387848E-6	3,0641786272E-5
62	1,3860153063E-6	3,0834912536E-5
63	1,4175237519E-6	3,1027003709E-5
64	1,4492709294E-6	3,1217897763E-5
65	1,4815160055E-6	3,1407775458E-5
66	1,514291522E-6	3,1596573335E-5
67	1,5474613072E-6	3,1787202682E-5
68	1,580821251E-6	3,1976177578E-5
69	1,614574261E-6	3,2163007163E-5
70	1,6488783557E-6	3,2351316507E-5
71	1,6838280843E-6	3,2539103996E-5
72	1,7193892895E-6	3,2725235512E-5
73	1,7553457588E-6	3,291094E-5
74	1,7916105341E-6	3,3095578977E-5
75	1,8277184951E-6	3,3280445431E-5
76	1,8638373065E-6	3,3464809746E-5
77	1,9002607156E-6	3,3647432625E-5
78	1,9365866749E-6	3,383002905E-5
79	1,9741986331E-6	3,4012150619E-5
80	2,0124292644E-6	3,4191243835E-5
81	2,0509326824E-6	3,4372470063E-5
82	2,0901954324E-6	3,4550735825E-5
83	2,1299536342E-6	3,4728120686E-5
84	2,1704503217E-6	3,4903401804E-5
85	2,2115569244E-6	3,5079501278E-5
86	2,2530956542E-6	3,5255696558E-5
87	2,2948767364E-6	3,5432075201E-5
88	2,3370737077E-6	3,5608422197E-5
89	2,3798943016E-6	3,5783899702E-5
90	2,4231838484E-6	3,5959171405E-5
91	2,4669629888E-6	3,6133601415E-5
92	2,5112133539E-6	3,6307753185E-5
93	2,5556253079E-6	3,648130092E-5
94	2,6004857765E-6	3,6654404072E-5
95	2,6456633315E-6	3,6827096307E-5
96	2,6911226127E-6	3,6999730278E-5
97	2,7365395575E-6	3,7172608051E-5
98	2,7829703425E-6	3,7343795103E-5
99	2,8297781242E-6	3,7514540414E-5
100	2,877022736E-6	3,7689094354E-5
101	2,9244882983E-6	3,7857533603E-5
102	2,9721616775E-6	3,8027468827E-5
103	3,0206654352E-6	3,8195987174E-5
104	3,0692959497E-6	3,8364597844E-5
105	3,1177837498E-6	3,8533599987E-5
106	3,1658888185E-6	3,8703132791E-5
107	3,2143921282E-6	3,8872323342E-5
108	3,263228374E-6	3,9043619586E-5
109	3,3124361669E-6	3,9212335482E-5
110	3,361319995E-6	3,9379731985E-5
111	3,4107089021E-6	3,9546582164E-5
112	3,4607360506E-6	3,9712582012E-5
113	3,5112693799E-6	3,9883198758E-5
114	3,5619749972E-6	4,0048154348E-5
115	3,612658447E-6	4,0211375315E-5
116	3,6640102419E-6	4,0378031693E-5
117	3,715435148E-6	4,0539957417E-5
118	3,767473575E-6	4,0702408621E-5
119	3,8189537824E-6	4,0870086183E-5
120	3,8701252478E-6	4,1035826763E-5
121	3,9222128803E-6	4,1197193471E-5
122	3,9740804027E-6	4,1359818516E-5
123	4,0260316711E-6	4,1521374168E-5
124	4,0779271208E-6	4,1687140979E-5
125	4,1307302405E-6	4,1847923513E-5
126	4,1843960062E-6	4,2008962911E-5
127	4,2374852129E-6	4,2170469734E-5
128	4,2917195392E-6	4,2329887187E-5
129	4,3453712083E-6	4,2490876035E-5
130	4,3990720675E-6	4,2652320009E-5
131	4,4541226161E-6	4,2812231362E-5
132	4,5089261169E-6	4,2971299716E-5
133	4,5646259912E-6	4,3130028334E-5
134	4,6203934641E-6	4,3287542546E-5
135	4,6765721407E-6	4,3447131036E-5
136	4,7324841277E-6	4,3606097279E-5
137	4,7887906442E-6	4,3763759013E-5
138	4,845360928E-6	4,3921399391E-5
139	4,9034139489E-6	4,4077837406E-5
140	4,9626374636E-6	4,4232389023E-5
141	5,0236339767E-6	4,4384132599E-5
142	5,0856084702E-6	4,4535552467E-5
143	5,1480517669E-6	4,4689756208E-5
144	5,2107033429E-6	4,484199252E-5
145	5,2726504167E-6	4,4991641662E-5
146	5,3335534392E-6	4,5143804802E-5
147	5,3964057918E-6	4,5294832295E-5
148	5,4589489132E-6	4,5445431218E-5
149	5,5184450908E-6	4,5598838038E-5
150	5,5816959477E-6	4,5747334979E-5
151	5,6433128014E-6	4,5899256554E-5
152	5,7052742808E-6	4,605026116E-5
153	5,7688750437E-6	4,6199399206E-5
154	5,8330915076E-6	4,6349531265E-5
155	5,8970719834E-6	4,649886461E-5
156	5,9611416004E-6	4,6646783961E-5
157	6,025290918E-6	4,6792551159E-5
158	6,0870806139E-6	4,6942815637E-5
159	6,1486374353E-6	4,7096162111E-5
160	6,2127721914E-6	4,7244869122E-5
161	6,2764038102E-6	4,7391160301E-5
162	6,3384148629E-6	4,7540182396E-5
163	6,4054038492E-6	4,7682106094E-5
164	6,469676759E-6	4,7829366359E-5
165	6,5326974191E-6	4,7977374819E-5
166	6,5956724425E-6	4,8124862373E-5
167	6,6599476629E-6	4,8270548534E-5
168	6,7237314582E-6	4,8416778691E-5
169	6,7875666036E-6	4,8562856131E-5
170	6,8517167169E-6	4,8708577376E-5
171	6,9162746578E-6	4,8853749915E-5
172	6,9811562328E-6	4,8998225839E-5
173	7,0449748176E-6	4,9143481651E-5
174	7,1088820295E-6	4,929242806E-5
175	7,1727581908E-6	4,9435208393E-5
176	7,2388008654E-6	4,9577562154E-5
177	7,306651614E-6	4,9718219504E-5
178	7,3746598084E-6	4,9859054012E-5
179	7,4424548511E-6	5,0000152814E-5
180	7,515376948E-6	5,0134227573E-5
181	7,5843256317E-6	5,0274834867E-5
182	7,6540411884E-6	5,0416021947E-5
183	7,7260238858E-6	5,0549504545E-5
184	7,7955493799E-6	5,0687645448E-5
185	7,8634388196E-6	5,0827043384E-5
186	7,9337682682E-6	5,0962919978E-5
187	8,004097268E-6	5,109918821E-5
188	8,0750213251E-6	5,1234960518E-5
189	8,1452845954E-6	5,1371728929E-5
190	8,215214337E-6	5,1508754765E-5
191	8,2884698505E-6	5,164192436E-5
192	8,3650668135E-6	5,1774713736E-5
193	8,4419361613E-6	5,1903402446E-5
194	8,5189143654E-6	5,2031005612E-5
195	8,5971113936E-6	5,2157901908E-5
196	8,6744874591E-6	5,2286452743E-5
197	8,7480247561E-6	5,241862361E-5
198	8,8259253487E-6	5,2546027857E-5
199	8,9057466077E-6	5,2670755222E-5
200	8,9836077765E-6	5,2798396286E-5
201	9,0577781249E-6	5,2929440529E-5
202	9,1310903396E-6	5,3060739138E-5
203	9,2043425193E-6	5,3191818328E-5
204	9,2776303776E-6	5,3322492047E-5
205	9,3511786657E-6	5,3452719965E-5
206	9,4249974123E-6	5,358252281E-5
207	9,499149311E-6	5,3711912983E-5
208	9,5734588229E-6	5,3840844818E-5
209	9,6480850024E-6	5,3969338038E-5
210	9,7230002027E-6	5,4097441279E-5
211	9,7981244916E-6	5,4225046254E-5
212	9,873460682E-6	5,4352173227E-5
213	9,9491314639E-6	5,4478829478E-5
214	1,0025114785E-5	5,4605018698E-5
215	1,0101404244E-5	5,4730738865E-5
216	1,0177984764E-5	5,4855989294E-5
217	1,025479349E-5	5,4980722846E-5
218	1,0331810469E-5	5,5104997441E-5
219	1,0409047645E-5	5,5228775626E-5
220	1,0486761657E-5	5,5352053107E-5
221	1,0564779618E-5	5,5474780632E-5
222	1,0642937236E-5	5,5597010046E-5
223	1,0721365308E-5	5,5718739962E-5
224	1,0800116167E-5	5,5839931955E-5
225	1,087905569E-5	5,5960633894E-5
226	1,0958074356E-5	5,608087632E-5
227	1,1037319465E-5	5,6200687319E-5
228	1,1116832405E-5	5,6320072756E-5
229	1,1196825833E-5	5,6439039097E-5
230	1,1276981291E-5	5,6557536359E-5
231	1,1357407838E-5	5,6675572842E-5
232	1,1438115969E-5	5,6793161571E-5
233	1,1518896373E-5	5,6910325559E-5
234	1,1599922609E-5	5,7027111979E-5
235	1,1681096265E-5	5,7143462116E-5
236	1,1762508767E-5	5,7259412881E-5
237	1,1844156786E-5	5,7374975319E-5
238	1,1925981782E-5	5,7490108327E-5
239	1,2007919703E-5	5,7604832912E-5
240	1,2090693252E-5	5,7718251102E-5
241	1,2173993909E-5	5,7831148027E-5
242	1,2257624482E-5	5,7943561456E-5
243	1,2341341491E-5	5,8055628468E-5
244	1,2424905749E-5	5,8167789276E-5
245	1,250821403E-5	5,8279799407E-5
246	1,2592074441E-5	5,8390819794E-5
247	1,267637981E-5	5,8501404439E-5
248	1,2760155806E-5	5,8612351347E-5
249	1,2843615961E-5	5,8723043672E-5
250	1,2927219633E-5	5,8833306351E-5
251	1,3011032078E-5	5,8943182526E-5
252	1,3095052285E-5	5,905268769E-5
253	1,3179482453E-5	5,9161474214E-5
254	1,3264185376E-5	5,9269859918E-5
255	1,334882879E-5	5,9378089767E-5
256	1,3433559673E-5	5,9486095477E-5
257	1,3518752605E-5	5,9593554777E-5
258	1,3604108053E-5	5,9700688202E-5
259	1,3689480993E-5	5,9807529438E-5
260	1,3775047352E-5	5,9913935445E-5
261	1,3860811376E-5	6,0019944136E-5
262	1,3946859009E-5	6,0125548128E-5
263	1,4033114509E-5	6,023072989E-5
264	1,4119594477E-5	6,0335498188E-5
265	1,4206336086E-5	6,0439857383E-5
266	1,4293612295E-5	6,0543840761E-5
267	1,4384270853E-5	6,0644607745E-5
268	1,4476860432E-5	6,0743705674E-5
269	1,4578332895E-5	6,0833214707E-5
270	1,4683616792E-5	6,0920237087E-5
271	1,4774536273E-5	6,1021299162E-5
272	1,4863412182E-5	6,1122458397E-5
273	1,4952033889E-5	6,1223443653E-5
274	1,5040597406E-5	6,1324097319E-5
275	1,5129247402E-5	6,1424376673E-5
276	1,5218030399E-5	6,1524262616E-5
277	1,5307074347E-5	6,1623717004E-5
278	1,5396362476E-5	6,1722766189E-5
279	1,5486014878E-5	6,1821442527E-5
280	1,5577033087E-5	6,1919084712E-5
281	1,5670218642E-5	6,2014999975E-5
282	1,5770509161E-5	6,2104045239E-5
283	1,5861374594E-5	6,2200891125E-5
284	1,595143851E-5	6,2297659395E-5
285	1,6041539745E-5	6,2394133182E-5
286	1,6131718042E-5	6,2490269218E-5
287	1,6222042072E-5	6,258603887E-5
288	1,631254287E-5	6,2681436226E-5
289	1,6403216175E-5	6,2776463918E-5
290	1,6493752812E-5	6,28710956E-5
291	1,6584857229E-5	6,2965373253E-5
292	1,6678416224E-5	6,3057547984E-5
293	1,677430424E-5	6,3147590138E-5
294	1,6879855596E-5	6,3228879728E-5
295	1,6988591526E-5	6,3307362402E-5
296	1,7082390858E-5	6,3397660906E-5
297	1,7174293381E-5	6,348894371E-5
298	1,7265831072E-5	6,3580241508E-5
299	1,7357643858E-5	6,3671114299E-5
300	1,7449398942E-5	6,3761784021E-5
301	1,7541229304E-5	6,3852149841E-5
302	1,7633179656E-5	6,394215624E-5
303	1,7725185249E-5	6,4031771622E-5
304	1,781751832E-5	6,4121043341E-5
305	1,7910125086E-5	6,4210041476E-5
306	1,8004764204E-5	6,4297367773E-5
307	1,8101842866E-5	6,4382491484E-5
308	1,8194748384E-5	6,4469942627E-5
309	1,8287515395E-5	6,4557151041E-5
310	1,8380351001E-5	6,464401077E-5
311	1,8473305009E-5	6,4730488152E-5
312	1,8566699636E-5	6,4816642358E-5
313	1,8660511669E-5	6,4902455861E-5
314	1,8757990712E-5	6,4985164534E-5
315	1,8861084371E-5	6,5063070145E-5
316	1,8955574468E-5	6,5146993666E-5
317	1,9049264935E-5	6,5230991648E-5
318	1,9142903003E-5	6,5314756408E-5
319	1,923659445E-5	6,539819985E-5
320	1,9330365309E-5	6,5481297705E-5
321	1,9424560769E-5	6,5564085732E-5
322	1,9518983448E-5	6,5646527893E-5
323	1,9616792062E-5	6,5726260835E-5
324	1,9720023081E-5	6,5801396371E-5
325	1,9815105921E-5	6,5881867006E-5
326	1,9909651541E-5	6,5962405041E-5
327	2,0004111657E-5	6,6042703674E-5
328	2,0098623517E-5	6,6122657201E-5
329	2,0193514688E-5	6,6202382544E-5
330	2,0288656539E-5	6,6281686419E-5
331	2,0383988894E-5	6,6360650218E-5
332	2,0482504765E-5	6,6437102705E-5
333	2,0586788213E-5	6,650888748E-5
334	2,069453177E-5	6,6577902187E-5
335	2,0804073926E-5	6,664537921E-5
336	2,0914012226E-5	6,6712360329E-5
337	2,1023851938E-5	6,6779260964E-5
338	2,1131824791E-5	6,6847243735E-5
339	2,1238081258E-5	6,6915727805E-5
340	2,1342851213E-5	6,6985061473E-5
341	2,1441969785E-5	6,7058981073E-5
342	2,1538384737E-5	6,7135005525E-5
343	2,1633926523E-5	6,7211364524E-5
344	2,1729115804E-5	6,7287689909E-5
345	2,1824098813E-5	6,736388839E-5
346	2,1918916303E-5	6,7439933469E-5
347	2,2013579201E-5	6,7515816671E-5
348	2,2108089892E-5	6,7591534918E-5
349	2,2202444457E-5	6,7667079551E-5
350	2,229662829E-5	6,7742452559E-5
351	2,2390657641E-5	6,7817655035E-5
352	2,2484552259E-5	6,789266955E-5
353	2,2578370836E-5	6,7967437351E-5
354	2,2672089179E-5	6,8041976711E-5
355	2,2765697145E-5	6,8116295933E-5
356	2,285919217E-5	6,8190398063E-5
357	2,2952568562E-5	6,8264284943E-5
358	2,3045865963E-5	6,8337927066E-5
359	2,3139097521E-5	6,8411314334E-5
360	2,3232263455E-5	6,8484444416E-5
361	2,3325362908E-5	6,8557316155E-5
362	2,3418306805E-5	6,8630005296E-5
363	2,3511073283E-5	6,8702533776E-5
364	2,3603649619E-5	6,8774909917E-5
365	2,3696034292E-5	6,8847129849E-5
366	2,3788216597E-5	6,8919195602E-5
367	2,3880211208E-5	6,8991106884E-5
368	2,3972005104E-5	6,9062867273E-5
369	2,4063613283E-5	6,9134487737E-5
370	2,4155045625E-5	6,9205969912E-5
371	2,4246301264E-5	6,9277316205E-5
372	2,4337369466E-5	6,9348524278E-5
373	2,4428258653E-5	6,9419595231E-5
374	2,4518984757E-5	6,9490498315E-5
375	2,4609601629E-5	6,9561200419E-5
376	2,4700120079E-5	6,9631673105E-5
377	2,4790566211E-5	6,9701885577E-5
378	2,4880966153E-5	6,9771830913E-5
379	2,4971293222E-5	6,9841515293E-5
380	2,5061548316E-5	6,9910950658E-5
381	2,5151637147E-5	6,9980190816E-5
382	2,524154936E-5	7,0049239095E-5
383	2,5331300136E-5	7,0118081156E-5
384	2,5420892924E-5	7,0186712799E-5
385	2,5510329564E-5	7,0255131502E-5
386	2,5599608868E-5	7,0323336601E-5
387	2,5688727712E-5	7,0391328217E-5
388	2,5777683198E-5	7,0459106562E-5
389	2,5866480881E-5	7,0526674508E-5
390	2,5955105871E-5	7,0594029247E-5
391	2,6043569273E-5	7,0661173378E-5
392	2,6131856704E-5	7,0728104204E-5
393	2,6219980794E-5	7,0794823941E-5
394	2,6307953118E-5	7,0861330963E-5
395	2,6395791467E-5	7,0927603059E-5
396	2,6483517483E-5	7,0993616647E-5
397	2,6571133482E-5	7,1059368331E-5
398	2,6658639467E-5	7,1124857336E-5
399	2,6746059005E-5	7,11900836E-5
400	2,6833362535E-5	7,1255051396E-5
401	2,6920537416E-5	7,1319770012E-5
402	2,7007581822E-5	7,1384240678E-5
403	2,7094413401E-5	7,1448526367E-5
404	2,7181043309E-5	7,1512671085E-5
405	2,7267478394E-5	7,1576698421E-5
406	2,7353731706E-5	7,164061066E-5
407	2,7439813825E-5	7,1704420808E-5
408	2,7525729015E-5	7,1768132451E-5
409	2,7611461296E-5	7,1831760045E-5
410	2,7697002344E-5	7,189530986E-5
411	2,7782352873E-5	7,195878006E-5
412	2,7867512491E-5	7,2022170099E-5
413	2,795248107E-5	7,2085479647E-5
414	2,8037262636E-5	7,2148710058E-5
415	2,8121857409E-5	7,2211853405E-5
416	2,8206289059E-5	7,2274865678E-5
417	2,8290611233E-5	7,2337699048E-5
418	2,8374852508E-5	7,2400332612E-5
419	2,8459017147E-5	7,2462760712E-5
420	2,8543106167E-5	7,2524981763E-5
421	2,8627119791E-5	7,2586995304E-5
422	2,871112648E-5	7,2648801559E-5
423	2,8795006205E-5	7,2710424522E-5
424	2,8878898768E-5	7,2771847034E-5
425	2,8962735786E-5	7,2833089462E-5
426	2,9046517326E-5	7,2894144927E-5
427	2,9130242407E-5	7,2955011996E-5
428	2,9213913971E-5	7,3015692663E-5
429	2,9297544286E-5	7,3076195332E-5
430	2,9381160702E-5	7,3136478779E-5
431	2,9464771033E-5	7,319652984E-5
432	2,954837717E-5	7,3256344899E-5
433	2,963198761E-5	7,3315918591E-5
434	2,9715641767E-5	7,3375231854E-5
435	2,9799343757E-5	7,3434282657E-5
436	2,9883093997E-5	7,3493070698E-5
437	2,996690464E-5	7,3551604685E-5
438	3,0050829026E-5	7,3609877211E-5
439	3,0134818324E-5	7,3667887948E-5
440	3,0218930075E-5	7,3725635957E-5
441	3,0303104584E-5	7,3783124852E-5
442	3,0387385736E-5	7,3840364242E-5
443	3,0471712214E-5	7,3897358848E-5
444	3,0556159142E-5	7,3954075003E-5
445	3,0640707424E-5	7,401049717E-5
446	3,0725348034E-5	7,4066629974E-5
447	3,0810063075E-5	7,4122486466E-5
448	3,089484752E-5	7,4178070189E-5
449	3,0979699618E-5	7,4233382385E-5
450	3,1064618543E-5	7,4288424187E-5
451	3,1149603776E-5	7,4343196048E-5
452	3,1234701282E-5	7,4397695139E-5
453	3,1319847149E-5	7,4451918028E-5
454	3,1405071061E-5	7,4505860656E-5
455	3,149033938E-5	7,455952581E-5
456	3,1575636108E-5	7,4612901747E-5
457	3,1660944341E-5	7,4665996616E-5
458	3,1746244502E-5	7,4718824661E-5
459	3,1831513157E-5	7,4771404168E-5
460	3,1916751828E-5	7,4823754497E-5
461	3,2001964998E-5	7,4875881668E-5
462	3,2087154411E-5	7,4927787402E-5
463	3,2172333993E-5	7,4979472395E-5
464	3,2257476407E-5	7,5030937969E-5
465	3,2342659155E-5	7,5082153863E-5
466	3,2427799621E-5	7,5133104037E-5
467	3,2512992291E-5	7,5183782997E-5
468	3,2598157684E-5	7,5234191969E-5
469	3,2683355272E-5	7,5284329771E-5
470	3,2768583495E-5	7,533420471E-5
471	3,2853767589E-5	7,5383824417E-5
472	3,293897081E-5	7,5433189473E-5
473	3,3024150398E-5	7,5482314321E-5
474	3,3109319336E-5	7,5531203806E-5
475	3,3194395745E-5	7,5579895955E-5
476	3,3279321363E-5	7,5628406277E-5
477	3,3364139462E-5	7,5676750763E-5
478	3,3448865415E-5	7,5724936467E-5
479	3,35334387E-5	7,5772970237E-5
480	3,3617854944E-5	7,5820847998E-5
481	3,3702104712E-5	7,5868563752E-5
482	3,3786186711E-5	7,5916116514E-5
483	3,3870104031E-5	7,5963508531E-5
484	3,3953878004E-5	7,6010755402E-5
485	3,4037512703E-5	7,6057859684E-5
486	3,4121008982E-5	7,6104821896E-5
487	3,4204392054E-5	7,6151642234E-5
488	3,4287636915E-5	7,619832075E-5
489	3,4370742684E-5	7,6244857537E-5
490	3,4453709189E-5	7,629125258E-5
491	3,4536561682E-5	7,6337487081E-5
492	3,461933513E-5	7,6383529175E-5
493	3,4702038106E-5	7,6429371237E-5
494	3,4784668386E-5	7,6475014719E-5
495	3,4867189688E-5	7,6520488145E-5
496	3,4949597453E-5	7,6565794909E-5
497	3,5031890728E-5	7,6610936016E-5
498	3,5114081811E-5	7,6655919778E-5
499	3,5196173944E-5	7,6700749133E-5
500	3,5278167791E-5	7,6745424751E-5
501	3,536006762E-5	7,6789940296E-5
502	3,5441889356E-5	7,6834269341E-5
503	3,5523633543E-5	7,6878409433E-5
504	3,5605313807E-5	7,6922360545E-5
505	3,5686941358E-5	7,6966123669E-5
506	3,5768513228E-5	7,7009698712E-5
507	3,5849985196E-5	7,7053086741E-5
508	3,5931400349E-5	7,7096285987E-5
509	3,6012737045E-5	7,7139297563E-5
510	3,6093995201E-5	7,7182121449E-5
511	3,6175175203E-5	7,7224757379E-5
512	3,6256302396E-5	7,7267205353E-5
513	3,6337404521E-5	7,7309473182E-5
514	3,6418444782E-5	7,7351568938E-5
515	3,6499424882E-5	7,7393492362E-5
516	3,6580345125E-5	7,7435243191E-5
517	3,6661227461E-5	7,7476786329E-5
518	3,6742072719E-5	7,7518116947E-5
519	3,6822877883E-5	7,7559236318E-5
520	3,6903631811E-5	7,7600153258E-5
521	3,6984333189E-5	7,764086833E-5
522	3,7064981699E-5	7,7681381686E-5
523	3,7145582833E-5	7,7721697456E-5
524	3,722624266E-5	7,7761828288E-5
525	3,7306863845E-5	7,7801775579E-5
526	3,7387443612E-5	7,7841533968E-5
527	3,7467978286E-5	7,7881100743E-5
528	3,7548468321E-5	7,7920476021E-5
529	3,7628914539E-5	7,7959660621E-5
530	3,7709317598E-5	7,7998655537E-5
531	3,77896722E-5	7,803746642E-5
532	3,7869912438E-5	7,80761405E-5
533	3,7950125206E-5	7,8114675542E-5
534	3,8030215323E-5	7,8153077278E-5
535	3,8110182256E-5	7,8191341637E-5
536	3,8190025718E-5	7,8229467954E-5
537	3,8269767999E-5	7,8267472747E-5
538	3,834941494E-5	7,8305360277E-5
539	3,8427276985E-5	7,834192029E-5
540	3,8504767156E-5	7,8378149063E-5
541	3,8582075385E-5	7,8414218577E-5
542	3,8659293682E-5	7,8450160547E-5
543	3,8736384749E-5	7,848598255E-5
544	3,8813397855E-5	7,8521685465E-5
545	3,889030467E-5	7,8557277752E-5
546	3,8967116522E-5	7,8592780131E-5
547	3,9043835854E-5	7,8628195515E-5
548	3,9120463139E-5	7,8663524383E-5
549	3,9197035421E-5	7,8698740355E-5
550	3,9272099313E-5	7,8732690171E-5
551	3,9346891204E-5	7,8766356843E-5
552	3,9421596535E-5	7,8799871546E-5
553	3,9496247133E-5	7,8833256998E-5
554	3,9570910493E-5	7,8866517933E-5
555	3,9645527576E-5	7,8899656536E-5
556	3,9720124153E-5	7,8932688376E-5
557	3,9794660758E-5	7,8965640586E-5
558	3,9869141089E-5	7,8998516312E-5
559	3,9943566367E-5	7,9031316338E-5
560	4,0017937047E-5	7,9064040854E-5
561	4,0092253338E-5	7,9096689975E-5
562	4,0166515351E-5	7,9129263742E-5
563	4,0240723256E-5	7,9161762194E-5
564	4,0315080942E-5	7,9194352275E-5
565	4,0389409054E-5	7,9226881903E-5
566	4,0463684966E-5	7,9259319621E-5
567	4,0537867953E-5	7,9291665146E-5
568	4,0611998846E-5	7,9323923076E-5
569	4,0686029845E-5	7,9356091693E-5
570	4,076000358E-5	7,9388228467E-5
571	4,0833807466E-5	7,9420144868E-5
572	4,0907663766E-5	7,9452094235E-5
573	4,0981320779E-5	7,9483852582E-5
574	4,1055040385E-5	7,9515668562E-5
575	4,1128559094E-5	7,9547297385E-5
576	4,1202155562E-5	7,9578996372E-5
577	4,1275569443E-5	7,9610509121E-5
578	4,1349040897E-5	7,9642092497E-5
579	4,1422335377E-5	7,9673495156E-5
580	4,1495657238E-5	7,9704951246E-5
581	4,1568797646E-5	7,9736220984E-5
582	4,1641971019E-5	7,9767534046E-5
583	4,171497551E-5	7,9798650549E-5
584	4,1788020898E-5	7,9829807299E-5
585	4,186084377E-5	7,986076599E-5
586	4,1933697173E-5	7,9891766773E-5
587	4,200630578E-5	7,9922567494E-5
588	4,2078970101E-5	7,9953415402E-5
589	4,2151399874E-5	7,9984061857E-5
590	4,2223868183E-5	8,0014755755E-5
591	4,2296096517E-5	8,004524623E-5
592	4,2368369394E-5	8,0075786708E-5
593	4,2440395683E-5	8,0106121538E-5
594	4,2512475043E-5	8,0136509482E-5
595	4,2584300196E-5	8,0166690008E-5
596	4,2656167198E-5	8,01969155E-5
597	4,2727787009E-5	8,0226938541E-5
598	4,2799428147E-5	8,0256993558E-5
599	4,2870834537E-5	8,0286853417E-5
600	4,2942247799E-5	8,0316736516E-5
601	4,3013417587E-5	8,0346418453E-5
602	4,3084597908E-5	8,0376124652E-5
603	4,3154174823E-5	8,0404635791E-5
604	4,3223603859E-5	8,0433005059E-5
605	4,329273795E-5	8,0461144683E-5
606	4,3361872779E-5	8,0489307238E-5
607	4,3430784813E-5	8,0517245779E-5
608	4,3499726742E-5	8,0545195073E-5
609	4,3568454006E-5	8,0572916295E-5
610	4,3637211256E-5	8,0600646593E-5
611	4,370575096E-5	8,0628146108E-5
612	4,3774326084E-5	8,0655657906E-5
613	4,3842680417E-5	8,0682938625E-5
614	4,3911073476E-5	8,0710232237E-5
615	4,3979236757E-5	8,073730144E-5
616	4,4047403697E-5	8,0764375589E-5
617	4,4115340082E-5	8,0791227305E-5
618	4,4183270555E-5	8,0818079877E-5
619	4,4250968953E-5	8,0844708197E-5
620	4,4318748611E-5	8,0871341026E-5
621	4,4386293286E-5	8,0897751162E-5
622	4,4453829381E-5	8,0924165142E-5
623	4,4521130489E-5	8,0950354873E-5
624	4,458846123E-5	8,0976577036E-5
625	4,4655559898E-5	8,1002575502E-5
626	4,4722714371E-5	8,1028626219E-5
627	4,4789623984E-5	8,1054442175E-5
628	4,4856605889E-5	8,1080323696E-5
629	4,4923330845E-5	8,1105960269E-5
630	4,4990138944E-5	8,1131672876E-5
631	4,5056689384E-5	8,1157138977E-5
632	4,5123323955E-5	8,1182685447E-5
633	4,5190843213E-5	8,1209023379E-5
634	4,5257359444E-5	8,1231961515E-5
635	4,5324144269E-5	8,1255124062E-5
636	4,5391499584E-5	8,1279055078E-5
637	4,5461080856E-5	8,1305492448E-5
638	4,5532500607E-5	8,1334071276E-5
639	4,5604355985E-5	8,1363135549E-5
640	4,5670503998E-5	8,1385275561E-5
641	4,573591301E-5	8,1406423067E-5
642	4,5801116542E-5	8,1427345983E-5
643	4,5865740034E-5	8,1447865134E-5
644	4,5928286495E-5	8,1467221743E-5
645	4,599142224E-5	8,1487021165E-5
646	4,6055020069E-5	8,1509024376E-5
647	4,6120041579E-5	8,1532215239E-5
648	4,6187918092E-5	8,1558703475E-5
649	4,6253621158E-5	8,1581094098E-5
650	4,6319396649E-5	8,1603852688E-5
651	4,6386823917E-5	8,1628534983E-5
652	4,6455282625E-5	8,1654581234E-5
653	4,6524838745E-5	8,1681899357E-5
654	4,6594807237E-5	8,1709688175E-5
655	4,6664749432E-5	8,1737507056E-5
656	4,6734688238E-5	8,176533364E-5
657	4,6804449753E-5	8,1793029369E-5
658	4,6874154295E-5	8,1820683458E-5
659	4,6943661298E-5	8,1848182974E-5
660	4,7011855838E-5	8,1876373745E-5
661	4,7079766031E-5	8,1904444271E-5
662	4,7147566026E-5	8,1932456908E-5
663	4,7216581308E-5	8,1959519481E-5
664	4,7285497517E-5	8,1986572582E-5
665	4,7354216859E-5	8,2013470356E-5
666	4,742284968E-5	8,2040318122E-5
667	4,749148507E-5	8,2067069583E-5
668	4,7559906596E-5	8,2093737535E-5
669	4,7628113579E-5	8,2120238726E-5
670	4,7696217645E-5	8,2146685819E-5
671	4,7764151596E-5	8,2172984908E-5
672	4,7831987005E-5	8,2199231681E-5
673	4,7899659126E-5	8,2225331724E-5
674	4,7967416935E-5	8,2251433319E-5
675	4,8034882778E-5	8,2277356613E-5
676	4,8102197377E-5	8,230320921E-5
677	4,8169351143E-5	8,2328916766E-5
678	4,8236393316E-5	8,2354572962E-5
679	4,8303285692E-5	8,2380085181E-5
680	4,8370063941E-5	8,2405546624E-5
681	4,8436697851E-5	8,2430864406E-5
682	4,8503213183E-5	8,2456131232E-5
683	4,8569589836E-5	8,2481255491E-5
684	4,8635837415E-5	8,2506259958E-5
685	4,8701959178E-5	8,2531160848E-5
686	4,876795473E-5	8,2555963211E-5
687	4,8833823705E-5	8,258066913E-5
688	4,8899756239E-5	8,2605332823E-5
689	4,8965425987E-5	8,2629867196E-5
690	4,903093768E-5	8,265428816E-5
691	4,9096313676E-5	8,2678607349E-5
692	4,9161751391E-5	8,2702883114E-5
693	4,9226910585E-5	8,2727027564E-5
694	4,9291986916E-5	8,2751063004E-5
695	4,93573639E-5	8,2775382616E-5
696	4,9422248509E-5	8,2799341387E-5
697	4,9487138159E-5	8,2823178338E-5
698	4,9551992537E-5	8,2847192895E-5
699	4,9616453423E-5	8,2870853113E-5
700	4,9681209479E-5	8,2894737861E-5
701	4,9745632676E-5	8,2918272209E-5
702	4,9809977704E-5	8,2941930053E-5
703	4,9874143377E-5	8,2965278283E-5
704	4,9938245001E-5	8,2988748327E-5
705	5,0002156016E-5	8,3011902756E-5
706	5,0066159146E-5	8,3035226344E-5
707	5,0129844754E-5	8,3058202531E-5
708	5,0193605956E-5	8,3081337723E-5
709	5,0257287688E-5	8,3104168996E-5
710	5,0320744722E-5	8,3127095735E-5
711	5,0384242037E-5	8,315003934E-5
712	5,044737759E-5	8,3172576292E-5
713	5,0510421337E-5	8,3195217542E-5
714	5,0573530192E-5	8,3217880799E-5
715	5,0636537328E-5	8,32404837E-5
716	5,0699253892E-5	8,3262963713E-5
717	5,0761813932E-5	8,3285340431E-5
718	5,0824417373E-5	8,3307674993E-5
719	5,0886765889E-5	8,3329883322E-5
720	5,0948958684E-5	8,3351981763E-5
721	5,1010970935E-5	8,3373970446E-5
722	5,107308019E-5	8,3395939554E-5
723	5,1134911649E-5	8,3417778039E-5
724	5,1196755304E-5	8,3439561652E-5
725	5,125832329E-5	8,3461220303E-5
726	5,1319719108E-5	8,3482769492E-5
727	5,1381125737E-5	8,3504267341E-5
728	5,1442331506E-5	8,3525654974E-5
729	5,1503500809E-5	8,354697102E-5
730	5,1564647037E-5	8,3568227536E-5
731	5,162566926E-5	8,3589388647E-5
732	5,168654107E-5	8,3610455633E-5
733	5,1747279081E-5	8,3631427503E-5
734	5,1808218203E-5	8,3652389762E-5
735	5,1868911349E-5	8,367321347E-5
736	5,1929355282E-5	8,3693919517E-5
737	5,1989430481E-5	8,3714483632E-5
738	5,2049672429E-5	8,3735037054E-5
739	5,2109904686E-5	8,3755527639E-5
740	5,2169777854E-5	8,3775875963E-5
741	5,2229473858E-5	8,3796101502E-5
742	5,2289226633E-5	8,3816281088E-5
743	5,2348708136E-5	8,383633102E-5
744	5,2407920248E-5	8,3856260658E-5
745	5,2467139733E-5	8,3876147568E-5
746	5,252607319E-5	8,3895911276E-5
747	5,2584975343E-5	8,3915608109E-5
748	5,2643682929E-5	8,3935198736E-5
749	5,2702347847E-5	8,3954718183E-5
750	5,2760811567E-5	8,3974130996E-5
751	5,2819230523E-5	8,399347327E-5
752	5,2877450958E-5	8,4012711644E-5
753	5,2935486077E-5	8,4031841799E-5
754	5,2993382225E-5	8,4050883588E-5
755	5,3051154658E-5	8,4069842159E-5
756	5,3108954209E-5	8,4088760024E-5
757	5,3166582598E-5	8,4107585151E-5
758	5,3224034116E-5	8,4126305242E-5
759	5,328134968E-5	8,4144939564E-5
760	5,3338543461E-5	8,4163492071E-5
761	5,3395619334E-5	8,4181963218E-5
762	5,3452574783E-5	8,4200350707E-5
763	5,3509409421E-5	8,4218653993E-5
764	5,3566122568E-5	8,4236873113E-5
765	5,3622778898E-5	8,4255008007E-5
766	5,3679314144E-5	8,4273059514E-5
767	5,37357287E-5	8,4291027525E-5
768	5,3792010552E-5	8,4308904459E-5
769	5,3848168575E-5	8,4326696153E-5
770	5,3904205229E-5	8,4344404284E-5
771	5,3960121523E-5	8,4362029035E-5
772	5,401591808E-5	8,4379570628E-5
773	5,407159461E-5	8,4397029265E-5
774	5,4127151336E-5	8,4414404914E-5
775	5,4182588544E-5	8,4431697746E-5
776	5,4237906315E-5	8,4448908093E-5
777	5,4293104832E-5	8,446603583E-5
778	5,4348184726E-5	8,4483081189E-5
779	5,4403145693E-5	8,4500044523E-5
780	5,4457992352E-5	8,4516928512E-5
781	5,4512725579E-5	8,4533734508E-5
782	5,4567379315E-5	8,4550462427E-5
783	5,4621887787E-5	8,4567113411E-5
784	5,4676283574E-5	8,4583687047E-5
785	5,4730599436E-5	8,4600181969E-5
786	5,4784766144E-5	8,4616597283E-5
787	5,4838949014E-5	8,4632931701E-5
788	5,4892981979E-5	8,4649186017E-5
789	5,4946930299E-5	8,4665359739E-5
790	5,5000729171E-5	8,4681454092E-5
791	5,5054443772E-5	8,4697468554E-5
792	5,5108041446E-5	8,4713403984E-5
793	5,5161712423E-5	8,4729315353E-5
794	5,5215118052E-5	8,4745108544E-5
795	5,5268372343E-5	8,4760809919E-5
796	5,5321506537E-5	8,4776433571E-5
797	5,5374523325E-5	8,479197951E-5
798	5,5427423804E-5	8,4807448136E-5
799	5,5480212802E-5	8,4822844757E-5
800	5,553288645E-5	8,4838164634E-5
801	5,5585700408E-5	8,4853453173E-5
802	5,5638312227E-5	8,4868636787E-5
803	5,5690743787E-5	8,4883717726E-5
804	5,5743212083E-5	8,4898772516E-5
805	5,5795476734E-5	8,4913724938E-5
806	5,5847562529E-5	8,4928576318E-5
807	5,5899516579E-5	8,4943348159E-5
808	5,5951350227E-5	8,4958043402E-5
809	5,6003068264E-5	8,4972663076E-5
810	5,6054671575E-5	8,498720696E-5
811	5,610616056E-5	8,5001675195E-5
812	5,6157534935E-5	8,5016067872E-5
813	5,6208795775E-5	8,5030385345E-5
814	5,6259942109E-5	8,50446274E-5
815	5,6310974952E-5	8,5058794552E-5
816	5,6361894334E-5	8,5072886718E-5
817	5,6412699881E-5	8,5086904597E-5
818	5,6463392957E-5	8,5100848488E-5
819	5,65139728E-5	8,5114718574E-5
820	5,6564439816E-5	8,5128515025E-5
821	5,6614793697E-5	8,5142238153E-5
822	5,6665206454E-5	8,5155942766E-5
823	5,6715421264E-5	8,516954824E-5
824	5,6765629286E-5	8,5183108061E-5
825	5,6815765048E-5	8,5196600689E-5
826	5,6865654652E-5	8,5209982503E-5
827	5,6915361065E-5	8,5223268968E-5
828	5,6965108421E-5	8,5236534817E-5
829	5,7014793487E-5	8,5249736512E-5
830	5,7064234246E-5	8,5262828028E-5
831	5,7113493524E-5	8,5275825093E-5
832	5,7162623662E-5	8,5288749133E-5
833	5,7211637056E-5	8,5301602605E-5
834	5,726071037E-5	8,5314440129E-5
835	5,7309729772E-5	8,5327217879E-5
836	5,7358653232E-5	8,5339925362E-5
837	5,7407335741E-5	8,5352534367E-5
838	5,7455828542E-5	8,536504357E-5
839	5,7504186916E-5	8,5377476287E-5
840	5,7552600445E-5	8,5389892239E-5
841	5,7600827666E-5	8,5402225098E-5
842	5,7648876783E-5	8,5414457469E-5
843	5,7696968252E-5	8,5426666333E-5
844	5,7744866294E-5	8,5438791028E-5
845	5,7792592983E-5	8,5450821705E-5
846	5,7840365931E-5	8,5462832218E-5
847	5,7888176507E-5	8,5474790223E-5
848	5,7935893387E-5	8,5486684552E-5
849	5,7983452818E-5	8,5498483302E-5
850	5,8030844686E-5	8,5510198296E-5
851	5,8078116674E-5	8,5521847095E-5
852	5,8125523252E-5	8,5533488664E-5
853	5,817281811E-5	8,5545086582E-5
854	5,8220015467E-5	8,555661308E-5
855	5,8266969536E-5	8,5568040589E-5
856	5,8313755374E-5	8,5579383805E-5
857	5,8360424867E-5	8,559066703E-5
858	5,8407230368E-5	8,560193932E-5
859	5,8453752902E-5	8,5613120359E-5
860	5,8500368311E-5	8,5624273724E-5
861	5,8546692324E-5	8,5635333339E-5
862	5,8592864176E-5	8,5646309974E-5
863	5,8638925756E-5	8,5657222673E-5
864	5,8684883372E-5	8,5668073867E-5
865	5,8730740392E-5	8,567886433E-5
866	5,8776677039E-5	8,5689648773E-5
867	5,8822564073E-5	8,5700381685E-5
868	5,8868211753E-5	8,5711019451E-5
869	5,8913871965E-5	8,572162668E-5
870	5,8959466804E-5	8,5732180491E-5
871	5,9005200371E-5	8,5742719009E-5
872	5,9050742023E-5	8,5753181918E-5
873	5,9096016015E-5	8,5763535842E-5
874	5,914111919E-5	8,5773808133E-5
875	5,9186110403E-5	8,5784020108E-5
876	5,9231254845E-5	8,5794228951E-5
877	5,9276126188E-5	8,580435927E-5
878	5,9321103506E-5	8,5814464944E-5
879	5,9365796157E-5	8,5824488237E-5
880	5,941033747E-5	8,5834432329E-5
881	5,9454850489E-5	8,5844317182E-5
882	5,9499524055E-5	8,5854202146E-5
883	5,9543921863E-5	8,5864009945E-5
884	5,9588172165E-5	8,5873741898E-5
885	5,9632319868E-5	8,5883416586E-5
886	5,9676373151E-5	8,5893036843E-5
887	5,9720334511E-5	8,5902604073E-5
888	5,9764463096E-5	8,5912170768E-5
889	5,9808314688E-5	8,5921661138E-5
890	5,985213413E-5	8,593107687E-5
891	5,9896111009E-5	8,5940488311E-5
892	5,9939805937E-5	8,5949822261E-5
893	5,9983614127E-5	8,5959133416E-5
894	6,0027125229E-5	8,5968361945E-5
895	6,0070754474E-5	8,5977568804E-5
896	6,0114085276E-5	8,5986693312E-5
897	6,0157272133E-5	8,5995744062E-5
898	6,0200357013E-5	8,6004738681E-5
899	6,0243611343E-5	8,6013732552E-5
900	6,0286819313E-5	8,6022688372E-5
901	6,0329706329E-5	8,6031555744E-5
902	6,0372442001E-5	8,6040347025E-5
903	6,0415337621E-5	8,6049133889E-5
904	6,0458189302E-5	8,60578841E-5
905	6,050071814E-5	8,6066546141E-5
906	6,0543211733E-5	8,6075133481E-5
907	6,0585601663E-5	8,6083665577E-5
908	6,0627898202E-5	8,6092145882E-5
909	6,0670104528E-5	8,6100575618E-5
910	6,0712221373E-5	8,6108955099E-5
911	6,0754249413E-5	8,6117284684E-5
912	6,0796188836E-5	8,6125564339E-5
913	6,0838039598E-5	8,6133794257E-5
914	6,0879801959E-5	8,6141974684E-5
915	6,0921476335E-5	8,6150105693E-5
916	6,0963062117E-5	8,6158187722E-5
917	6,1004560471E-5	8,6166221394E-5
918	6,1045970459E-5	8,6174206694E-5
919	6,1087292845E-5	8,6182143537E-5
920	6,1128527297E-5	8,6190031937E-5
921	6,1169673953E-5	8,6197871931E-5
922	6,1210733874E-5	8,6205663761E-5
923	6,1251706169E-5	8,6213407466E-5
924	6,1292591243E-5	8,6221103506E-5
925	6,1333388903E-5	8,6228752167E-5
926	6,1374099452E-5	8,6236353418E-5
927	6,1414723222E-5	8,6243907401E-5
928	6,1455260367E-5	8,6251414552E-5
929	6,1495710581E-5	8,6258874696E-5
930	6,1536074822E-5	8,6266287798E-5
931	6,1576352252E-5	8,6273653865E-5
932	6,1616544145E-5	8,6280973047E-5
933	6,1656854158E-5	8,6288298314E-5
934	6,1696952031E-5	8,6295554341E-5
935	6,1736909778E-5	8,6302743527E-5
936	6,1776764043E-5	8,630988052E-5
937	6,1816526269E-5	8,631696971E-5
938	6,1856201975E-5	8,6324013375E-5
939	6,1895793314E-5	8,633101192E-5
940	6,1935300384E-5	8,6337965322E-5
941	6,1974809862E-5	8,6344873694E-5
942	6,2014238475E-5	8,6351739194E-5
943	6,2053588652E-5	8,6358562077E-5
944	6,2092860573E-5	8,6365342469E-5
945	6,2132138121E-5	8,6372081011E-5
946	6,2171337807E-5	8,6378778866E-5
947	6,2210459533E-5	8,6385435393E-5
948	6,2249503153E-5	8,6392050791E-5
949	6,2288469263E-5	8,6398625733E-5
950	6,2327358186E-5	8,640516063E-5
951	6,236616975E-5	8,6411655321E-5
952	6,2404903981E-5	8,6418109837E-5
953	6,2443560688E-5	8,6424524236E-5
954	6,2482140393E-5	8,6430898618E-5
955	6,2520643132E-5	8,643723326E-5
956	6,2559069521E-5	8,6443528161E-5
957	6,2597418844E-5	8,6449783355E-5
958	6,2635692016E-5	8,6455998921E-5
959	6,267388816E-5	8,6462175559E-5
960	6,2712008529E-5	8,6468313342E-5
961	6,2750328454E-5	8,6474458173E-5
962	6,2788379384E-5	8,6480547232E-5
963	6,2826293827E-5	8,6486575874E-5
964	6,2864117005E-5	8,6492560576E-5
965	6,2901859269E-5	8,6498505093E-5
966	6,2939525066E-5	8,6504410635E-5
967	6,2977114635E-5	8,6510277775E-5
968	6,3014628841E-5	8,6516106536E-5
969	6,3052067337E-5	8,6521897535E-5
970	6,3089431106E-5	8,6527650721E-5
971	6,3126721106E-5	8,6533366326E-5
972	6,3163937482E-5	8,6539044649E-5
973	6,3201080844E-5	8,6544685988E-5
974	6,323816363E-5	8,655023121E-5
975	6,3270777912E-5	8,6552780511E-5
976	6,3301384952E-5	8,6554718704E-5
977	6,3331985939E-5	8,6556509525E-5
978	6,3362371099E-5	8,6558252323E-5
979	6,3392563227E-5	8,655997116E-5
980	6,3422362889E-5	8,6561710427E-5
981	6,3457342791E-5	8,656497222E-5
982	6,3493768459E-5	8,6569249434E-5
983	6,3529256866E-5	8,6573667064E-5
984	6,3565225977E-5	8,6578609559E-5
985	6,3601359606E-5	8,6583730777E-5
986	6,3637520336E-5	8,658888586E-5
987	6,3673641933E-5	8,659402752E-5
988	6,3709703601E-5	8,6599141269E-5
989	6,3745698074E-5	8,660422295E-5
990	6,3781700349E-5	8,6609201067E-5
991	6,3813505038E-5	8,6611469555E-5
992	6,3843356592E-5	8,6613183814E-5
993	6,3872977462E-5	8,661475962E-5
994	6,3902392624E-5	8,6616290841E-5
995	6,3931714814E-5	8,661780947E-5
996	6,3960198416E-5	8,6619352395E-5
997	6,3989240744E-5	8,6620988255E-5
998	6,4017040928E-5	8,6622384994E-5
999	6,4044460817E-5	8,662381984E-5
1000	6,4072036256E-5	8,6625329506E-5
