0 10 2 iMM904.cmd 1E-9
0 10 2 iJN1463.cmd 1E-8
0 2 2 iMM904.cmd 1E-9
0 2 2 iJN1463.cmd 1E-8
0 4 3 iMM904.cmd 1E-9
0 4 3 iJN1463.cmd 1E-8
0 14 4 iMM904.cmd 1E-9
0 14 4 iJN1463.cmd 1E-8
0 5 5 iMM904.cmd 1E-9
0 5 5 iJN1463.cmd 1E-8
0 2 12 iMM904.cmd 1E-9
0 2 12 iJN1463.cmd 1E-8
0 14 6 iMM904.cmd 1E-9
0 14 6 iJN1463.cmd 1E-8
0 11 14 iMM904.cmd 1E-9
0 11 14 iJN1463.cmd 1E-8
0 8 7 iMM904.cmd 1E-9
0 8 7 iJN1463.cmd 1E-8
0 11 4 iMM904.cmd 1E-9
0 11 4 iJN1463.cmd 1E-8
0 3 7 iMM904.cmd 1E-9
0 3 7 iJN1463.cmd 1E-8
0 11 13 iMM904.cmd 1E-9
0 11 13 iJN1463.cmd 1E-8
0 2 4 iMM904.cmd 1E-9
0 2 4 iJN1463.cmd 1E-8
0 10 8 iMM904.cmd 1E-9
0 10 8 iJN1463.cmd 1E-8
0 14 8 iMM904.cmd 1E-9
0 14 8 iJN1463.cmd 1E-8
500 10 2 iMM904.cmd 2,7361750079E-8
500 10 2 iJN1463.cmd 3,1925829289E-7
500 2 2 iMM904.cmd 3,8803720303E-7
500 2 2 iJN1463.cmd 1,0287170812E-6
500 4 3 iMM904.cmd 2,5903028837E-7
500 4 3 iJN1463.cmd 8,2986436017E-7
500 14 4 iMM904.cmd 1,662924019E-8
500 14 4 iJN1463.cmd 3,2588041128E-7
500 5 5 iMM904.cmd 1,5044511423E-7
500 5 5 iJN1463.cmd 6,0928836668E-7
500 2 12 iMM904.cmd 3,2218575652E-7
500 2 12 iJN1463.cmd 8,3141589535E-7
500 14 6 iMM904.cmd 2,8146657808E-8
500 14 6 iJN1463.cmd 5,1186523179E-7
500 11 14 iMM904.cmd 1,4494294092E-8
500 11 14 iJN1463.cmd 1,4628248195E-7
500 8 7 iMM904.cmd 4,6120896254E-8
500 8 7 iJN1463.cmd 2,9285103644E-7
500 11 4 iMM904.cmd 1,3770919189E-8
500 11 4 iJN1463.cmd 2,1861952162E-7
500 3 7 iMM904.cmd 2,1311178938E-7
500 3 7 iJN1463.cmd 6,9211700901E-7
500 11 13 iMM904.cmd 2,4050667111E-8
500 11 13 iJN1463.cmd 1,7735289383E-7
500 2 4 iMM904.cmd 4,129235532E-7
500 2 4 iJN1463.cmd 1,1085936504E-6
500 10 8 iMM904.cmd 2,9062184604E-8
500 10 8 iJN1463.cmd 2,2450271204E-7
500 14 8 iMM904.cmd 2,5533265184E-8
500 14 8 iJN1463.cmd 4,3564444763E-7
500 1 2 iMM904.cmd 3,6426001534E-7
500 1 2 iJN1463.cmd 9,2931935611E-7
500 1 4 iMM904.cmd 3,7814483576E-7
500 1 4 iJN1463.cmd 9,7765469355E-7
500 1 12 iMM904.cmd 2,9113138226E-7
500 1 12 iJN1463.cmd 7,3861558704E-7
500 2 1 iMM904.cmd 3,3512711202E-7
500 2 1 iJN1463.cmd 9,1229802795E-7
500 2 3 iMM904.cmd 4,3481726878E-7
500 2 3 iJN1463.cmd 1,1406251776E-6
500 2 11 iMM904.cmd 3,1847580642E-7
500 2 11 iJN1463.cmd 8,4496269521E-7
500 2 13 iMM904.cmd 2,6843274983E-7
500 2 13 iJN1463.cmd 6,8352175937E-7
500 3 2 iMM904.cmd 3,260856471E-7
500 3 2 iJN1463.cmd 9,0790729594E-7
500 3 4 iMM904.cmd 3,1416606758E-7
500 3 4 iJN1463.cmd 9,2747304458E-7
500 3 6 iMM904.cmd 2,190627898E-7
500 3 6 iJN1463.cmd 7,124236249E-7
500 3 8 iMM904.cmd 2,1207339717E-7
500 3 8 iJN1463.cmd 6,5675962162E-7
500 3 12 iMM904.cmd 2,7992167596E-7
500 3 12 iJN1463.cmd 7,4560121165E-7
500 4 2 iMM904.cmd 2,7148282126E-7
500 4 2 iJN1463.cmd 8,0482835583E-7
500 4 4 iMM904.cmd 2,621564791E-7
500 4 4 iJN1463.cmd 8,3440108966E-7
500 4 5 iMM904.cmd 2,141788526E-7
500 4 5 iJN1463.cmd 7,2703927371E-7
500 4 7 iMM904.cmd 1,99573251E-7
500 4 7 iJN1463.cmd 6,4657625692E-7
500 5 3 iMM904.cmd 2,41437284E-7
500 5 3 iJN1463.cmd 8,1112360363E-7
500 6 5 iMM904.cmd 8,5278170759E-8
500 6 5 iJN1463.cmd 3,8178501754E-7
500 7 7 iMM904.cmd 5,1619807826E-8
500 7 7 iJN1463.cmd 2,7142704811E-7
500 8 6 iMM904.cmd 3,7257959918E-8
500 8 6 iJN1463.cmd 2,5186711898E-7
500 8 8 iMM904.cmd 4,529220369E-8
500 8 8 iJN1463.cmd 2,6195259302E-7
500 9 8 iMM904.cmd 3,6303144656E-8
500 9 8 iJN1463.cmd 2,4960162935E-7
500 10 1 iMM904.cmd 2,1829892198E-8
500 10 1 iJN1463.cmd 1,8631073819E-7
500 10 3 iMM904.cmd 1,9078131366E-8
500 10 3 iJN1463.cmd 2,4728570905E-7
500 10 4 iMM904.cmd 1,5167696729E-8
500 10 4 iJN1463.cmd 1,9836721713E-7
500 10 7 iMM904.cmd 2,0915389083E-8
500 10 7 iJN1463.cmd 1,9211327537E-7
500 10 9 iMM904.cmd 2,8054719857E-8
500 10 9 iJN1463.cmd 1,9967835648E-7
500 10 13 iMM904.cmd 2,7947913189E-8
500 10 13 iJN1463.cmd 1,6723815322E-7
500 10 14 iMM904.cmd 1,4978703204E-8
500 10 14 iJN1463.cmd 1,30461007E-7
500 11 3 iMM904.cmd 1,4701932737E-8
500 11 3 iJN1463.cmd 2,3315597804E-7
500 11 5 iMM904.cmd 1,2286769238E-8
500 11 5 iJN1463.cmd 1,7926338623E-7
500 11 8 iMM904.cmd 1,9640663722E-8
500 11 8 iJN1463.cmd 1,8282841222E-7
500 11 12 iMM904.cmd 2,4897753248E-8
500 11 12 iJN1463.cmd 1,8117609427E-7
500 12 4 iMM904.cmd 1,1642700537E-8
500 12 4 iJN1463.cmd 2,1496480262E-7
500 12 13 iMM904.cmd 1,6953789615E-8
500 12 13 iJN1463.cmd 1,3506853529E-7
500 12 14 iMM904.cmd 1,0442714649E-8
500 12 14 iJN1463.cmd 1,1429654482E-7
500 13 4 iMM904.cmd 1,2996423517E-8
500 13 4 iJN1463.cmd 2,5739992709E-7
500 14 3 iMM904.cmd 1,0474038502E-8
500 14 3 iJN1463.cmd 2,1701881962E-7
500 14 5 iMM904.cmd 2,1543113423E-8
500 14 5 iJN1463.cmd 4,0817730375E-7
500 14 7 iMM904.cmd 2,5211823382E-8
500 14 7 iJN1463.cmd 4,4529940367E-7
500 14 9 iMM904.cmd 1,6303289415E-8
500 14 9 iJN1463.cmd 2,5149965728E-7
500 1 3 iMM904.cmd 3,8157613748E-7
500 1 3 iJN1463.cmd 9,7745153524E-7
500 3 5 iMM904.cmd 2,4534231447E-7
500 3 5 iJN1463.cmd 7,7737987524E-7
500 4 6 iMM904.cmd 2,0721791407E-7
500 4 6 iJN1463.cmd 6,8390142308E-7
500 13 5 iMM904.cmd 1,472990414E-8
500 13 5 iJN1463.cmd 2,8523294349E-7
500 3 1 iMM904.cmd 2,8636593661E-7
500 3 1 iJN1463.cmd 8,0146670627E-7
500 4 8 iMM904.cmd 1,7841524602E-7
500 4 8 iJN1463.cmd 5,5613052458E-7
500 13 7 iMM904.cmd 1,6361856597E-8
500 13 7 iJN1463.cmd 2,7742854133E-7
500 1 11 iMM904.cmd 2,8957230586E-7
500 1 11 iJN1463.cmd 7,5704603169E-7
500 1 13 iMM904.cmd 2,4240578754E-7
500 1 13 iJN1463.cmd 6,0618527268E-7
500 3 11 iMM904.cmd 2,7407275702E-7
500 3 11 iJN1463.cmd 7,5250141479E-7
500 3 13 iMM904.cmd 2,3495052878E-7
500 3 13 iJN1463.cmd 6,1735231455E-7
500 7 6 iMM904.cmd 4,7492782674E-8
500 7 6 iJN1463.cmd 2,6361085512E-7
500 7 8 iMM904.cmd 5,5753196135E-8
500 7 8 iJN1463.cmd 2,5487566662E-7
500 9 9 iMM904.cmd 3,3140067962E-8
500 9 9 iJN1463.cmd 2,0210671523E-7
500 10 5 iMM904.cmd 1,3732638468E-8
500 10 5 iJN1463.cmd 1,6252179588E-7
500 10 12 iMM904.cmd 2,7435986171E-8
500 10 12 iJN1463.cmd 1,7104874553E-7
500 11 7 iMM904.cmd 1,5688614646E-8
500 11 7 iJN1463.cmd 1,6602480627E-7
500 12 3 iMM904.cmd 9,4896302041E-9
500 12 3 iJN1463.cmd 1,7914344483E-7
500 12 5 iMM904.cmd 1,1246271382E-8
500 12 5 iJN1463.cmd 1,9608912893E-7
500 12 12 iMM904.cmd 1,6311301532E-8
500 12 12 iJN1463.cmd 1,2667086062E-7
500 13 3 iMM904.cmd 8,8561556523E-9
500 13 3 iJN1463.cmd 1,841527525E-7
500 4 1 iMM904.cmd 2,193893177E-7
500 4 1 iJN1463.cmd 6,4052503902E-7
500 6 4 iMM904.cmd 4,9584878108E-8
500 6 4 iJN1463.cmd 2,2967870404E-7
500 6 6 iMM904.cmd 6,1041888759E-8
500 6 6 iJN1463.cmd 2,8891916598E-7
500 9 3 iMM904.cmd 1,4374246778E-8
500 9 3 iJN1463.cmd 1,5348140604E-7
500 3 9 iMM904.cmd 2,3240773412E-7
500 3 9 iJN1463.cmd 6,8414453975E-7
500 8 9 iMM904.cmd 4,1167261277E-8
500 8 9 iJN1463.cmd 2,0621056318E-7
500 9 1 iMM904.cmd 2,2750697707E-8
500 9 1 iJN1463.cmd 1,4124821347E-7
500 9 6 iMM904.cmd 2,1089651117E-8
500 9 6 iJN1463.cmd 1,7023916793E-7
500 10 0 iMM904.cmd 1,6652288893E-8
500 10 0 iJN1463.cmd 1,2453755955E-7
500 10 6 iMM904.cmd 1,6252028295E-8
500 10 6 iJN1463.cmd 1,605039681E-7
500 11 1 iMM904.cmd 1,0804004184E-8
500 11 1 iJN1463.cmd 1,0684247109E-7
500 13 9 iMM904.cmd 1,0643153434E-8
500 13 9 iJN1463.cmd 1,3766368732E-7
500 14 2 iMM904.cmd 4,6716881642E-9
500 14 2 iJN1463.cmd 1,1257556918E-7
500 14 10 iMM904.cmd 9,245536065E-9
500 14 10 iJN1463.cmd 1,3213292512E-7
500 0 2 iMM904.cmd 1,3373615727E-7
500 0 2 iJN1463.cmd 4,421179731E-7
500 0 4 iMM904.cmd 1,5382390949E-7
500 0 4 iJN1463.cmd 5,2135139154E-7
500 0 12 iMM904.cmd 1,1467568037E-7
500 0 12 iJN1463.cmd 3,869080068E-7
500 1 5 iMM904.cmd 3,5472414375E-7
500 1 5 iJN1463.cmd 9,2938709512E-7
500 2 0 iMM904.cmd 2,903309793E-7
500 2 0 iJN1463.cmd 8,0431330239E-7
500 2 10 iMM904.cmd 2,9392936296E-7
500 2 10 iJN1463.cmd 8,121340138E-7
500 2 14 iMM904.cmd 1,0448955511E-7
500 2 14 iJN1463.cmd 3,509185164E-7
500 4 12 iMM904.cmd 2,1297927287E-7
500 4 12 iJN1463.cmd 5,9499580071E-7
500 6 7 iMM904.cmd 5,9882418989E-8
500 6 7 iJN1463.cmd 2,6462748596E-7
500 9 4 iMM904.cmd 1,3455871245E-8
500 9 4 iJN1463.cmd 1,3701057107E-7
500 9 13 iMM904.cmd 3,1664815444E-8
500 9 13 iJN1463.cmd 1,4116774568E-7
500 10 10 iMM904.cmd 2,2339508845E-8
500 10 10 iJN1463.cmd 1,371120807E-7
500 11 6 iMM904.cmd 1,2480183728E-8
500 11 6 iJN1463.cmd 1,5000393987E-7
500 12 8 iMM904.cmd 1,2301853908E-8
500 12 8 iJN1463.cmd 1,3210296622E-7
500 13 13 iMM904.cmd 9,5666676036E-9
500 13 13 iJN1463.cmd 8,4956009452E-8
500 0 3 iMM904.cmd 1,5647307794E-7
500 0 3 iJN1463.cmd 5,1695292463E-7
500 12 7 iMM904.cmd 1,2196160625E-8
500 12 7 iJN1463.cmd 1,6117108684E-7
500 9 5 iMM904.cmd 1,419475769E-8
500 9 5 iJN1463.cmd 1,3725986947E-7
500 3 10 iMM904.cmd 2,5172951927E-7
500 3 10 iJN1463.cmd 7,1672725766E-7
500 4 9 iMM904.cmd 1,800321981E-7
500 4 9 iJN1463.cmd 5,4577652124E-7
500 7 9 iMM904.cmd 5,3128746545E-8
500 7 9 iJN1463.cmd 2,1811321858E-7
500 13 2 iMM904.cmd 4,0620370999E-9
500 13 2 iJN1463.cmd 9,877751174E-8
500 3 0 iMM904.cmd 2,5435519754E-7
500 3 0 iJN1463.cmd 7,2294148354E-7
500 6 8 iMM904.cmd 7,6737386146E-8
500 6 8 iJN1463.cmd 2,8358877321E-7
500 9 10 iMM904.cmd 2,8401854659E-8
500 9 10 iJN1463.cmd 1,4842875657E-7
500 10 11 iMM904.cmd 2,4505016707E-8
500 10 11 iJN1463.cmd 1,3688185406E-7
500 12 6 iMM904.cmd 9,9673391119E-9
500 12 6 iJN1463.cmd 1,421984169E-7
500 13 12 iMM904.cmd 9,9746728798E-9
500 13 12 iJN1463.cmd 8,6345162207E-8
500 0 11 iMM904.cmd 1,1049862901E-7
500 0 11 iJN1463.cmd 3,918294219E-7
500 0 13 iMM904.cmd 9,2146729379E-8
500 0 13 iJN1463.cmd 3,1037052985E-7
500 1 10 iMM904.cmd 2,6854187864E-7
500 1 10 iJN1463.cmd 7,3952337572E-7
500 4 11 iMM904.cmd 2,0637127209E-7
500 4 11 iJN1463.cmd 5,9787259489E-7
500 4 13 iMM904.cmd 1,8285442102E-7
500 4 13 iJN1463.cmd 5,021140866E-7
500 1 14 iMM904.cmd 8,9958033102E-8
500 1 14 iJN1463.cmd 3,0132521716E-7
500 3 14 iMM904.cmd 9,049966903E-8
500 3 14 iJN1463.cmd 3,1752969988E-7
500 5 8 iMM904.cmd 1,2296304561E-7
500 5 8 iJN1463.cmd 3,9440811555E-7
500 12 2 iMM904.cmd 4,5134425785E-9
500 12 2 iJN1463.cmd 9,6676190957E-8
500 12 11 iMM904.cmd 1,0408230071E-8
500 12 11 iJN1463.cmd 8,6988635042E-8
500 13 10 iMM904.cmd 8,3812089168E-9
500 13 10 iJN1463.cmd 9,8119007676E-8
500 9 0 iMM904.cmd 2,0768987049E-8
500 9 0 iJN1463.cmd 1,2011648043E-7
500 11 0 iMM904.cmd 9,0345452327E-9
500 11 0 iJN1463.cmd 8,2118624988E-8
500 12 9 iMM904.cmd 8,7581828866E-9
500 12 9 iJN1463.cmd 9,7119138635E-8
500 0 5 iMM904.cmd 1,3253128631E-7
500 0 5 iJN1463.cmd 4,8151942681E-7
500 2 9 iMM904.cmd 2,7400725585E-7
500 2 9 iJN1463.cmd 7,9127810538E-7
500 9 14 iMM904.cmd 1,3537333301E-8
500 9 14 iJN1463.cmd 9,6726445577E-8
500 13 14 iMM904.cmd 5,2411499683E-9
500 13 14 iJN1463.cmd 6,8718828706E-8
500 4 0 iMM904.cmd 1,9196969887E-7
500 4 0 iJN1463.cmd 5,6879485411E-7
500 5 1 iMM904.cmd 1,3250419744E-7
500 5 1 iJN1463.cmd 4,1093694431E-7
500 7 4 iMM904.cmd 2,2209892795E-8
500 7 4 iJN1463.cmd 1,1892380151E-7
500 8 3 iMM904.cmd 1,0822282331E-8
500 8 3 iJN1463.cmd 9,5390994433E-8
500 8 10 iMM904.cmd 3,544572203E-8
500 8 10 iJN1463.cmd 1,6004258044E-7
500 14 11 iMM904.cmd 1,3333712282E-9
500 14 11 iJN1463.cmd 7,6145529768E-8
500 12 1 iMM904.cmd 3,8279174157E-9
500 12 1 iJN1463.cmd 6,4406588906E-8
500 1 0 iMM904.cmd 2,4398333562E-7
500 1 0 iJN1463.cmd 6,7946537543E-7
500 1 6 iMM904.cmd 3,1244707854E-7
500 1 6 iJN1463.cmd 8,9117577164E-7
500 8 1 iMM904.cmd 2,5958544537E-8
500 8 1 iJN1463.cmd 1,2996292632E-7
500 8 4 iMM904.cmd 1,2668729039E-8
500 8 4 iJN1463.cmd 9,7370474717E-8
500 14 1 iMM904.cmd 0E0
500 14 1 iJN1463.cmd 4,9770451659E-8
500 0 1 iMM904.cmd 4,7141036289E-8
500 0 1 iJN1463.cmd 2,1465022202E-7
500 8 13 iMM904.cmd 3,3706743222E-8
500 8 13 iJN1463.cmd 1,3216585451E-7
500 11 10 iMM904.cmd 1,1893259348E-8
500 11 10 iJN1463.cmd 8,6022290353E-8
500 14 13 iMM904.cmd 1,7529333241E-9
500 14 13 iJN1463.cmd 5,7218678467E-8
500 5 12 iMM904.cmd 1,485954329E-7
500 5 12 iJN1463.cmd 4,5287107018E-7
500 4 10 iMM904.cmd 1,918813548E-7
500 4 10 iJN1463.cmd 5,7440933788E-7
500 6 9 iMM904.cmd 7,9772617969E-8
500 6 9 iJN1463.cmd 2,7967303721E-7
500 9 11 iMM904.cmd 2,6889872672E-8
500 9 11 iJN1463.cmd 1,3024216468E-7
500 12 10 iMM904.cmd 8,0605389428E-9
500 12 10 iJN1463.cmd 7,8550381222E-8
500 5 9 iMM904.cmd 1,2635263468E-7
500 5 9 iJN1463.cmd 4,045654398E-7
500 0 10 iMM904.cmd 9,3090216132E-8
500 0 10 iJN1463.cmd 3,6650460568E-7
500 13 1 iMM904.cmd 0E0
500 13 1 iJN1463.cmd 4,9543829435E-8
500 1 9 iMM904.cmd 2,4738758292E-7
500 1 9 iJN1463.cmd 7,4401556969E-7
500 14 12 iMM904.cmd 1,9292179603E-9
500 14 12 iJN1463.cmd 6,3498429866E-8
500 4 14 iMM904.cmd 6,5450804836E-8
500 4 14 iJN1463.cmd 2,4826346264E-7
500 7 10 iMM904.cmd 4,34923433E-8
500 7 10 iJN1463.cmd 1,7918699011E-7
500 0 14 iMM904.cmd 4,3689613194E-8
500 0 14 iJN1463.cmd 1,8450182829E-7
500 5 11 iMM904.cmd 1,4243354034E-7
500 5 11 iJN1463.cmd 4,5241740627E-7
500 5 13 iMM904.cmd 1,410431164E-7
500 5 13 iJN1463.cmd 4,1033965536E-7
500 8 0 iMM904.cmd 2,496001103E-8
500 8 0 iJN1463.cmd 1,2637412439E-7
500 12 0 iMM904.cmd 2,3918889301E-9
500 12 0 iJN1463.cmd 4,6349045344E-8
500 5 0 iMM904.cmd 1,2263115211E-7
500 5 0 iJN1463.cmd 3,9191822538E-7
500 7 3 iMM904.cmd 1,3544399464E-8
500 7 3 iJN1463.cmd 8,8978247729E-8
500 0 6 iMM904.cmd 1,0125087122E-7
500 0 6 iJN1463.cmd 4,3271986851E-7
500 8 14 iMM904.cmd 1,0980928773E-8
500 8 14 iJN1463.cmd 7,404251807E-8
500 0 0 iMM904.cmd 7,1552417562E-8
500 0 0 iJN1463.cmd 2,9258086893E-7
500 8 11 iMM904.cmd 3,3971502005E-8
500 8 11 iJN1463.cmd 1,5115186367E-7
500 14 14 iMM904.cmd 0E0
500 14 14 iJN1463.cmd 4,1785395154E-8
500 6 1 iMM904.cmd 7,2609645739E-8
500 6 1 iJN1463.cmd 2,5701468295E-7
500 1 7 iMM904.cmd 2,6126124911E-7
500 1 7 iJN1463.cmd 8,4890738295E-7
500 5 10 iMM904.cmd 1,4360287787E-7
500 5 10 iJN1463.cmd 4,6108674491E-7
500 7 1 iMM904.cmd 3,4256996049E-8
500 7 1 iJN1463.cmd 1,5440454506E-7
500 7 13 iMM904.cmd 3,6610745991E-8
500 7 13 iJN1463.cmd 1,5519267538E-7
500 6 12 iMM904.cmd 9,1071231995E-8
500 6 12 iJN1463.cmd 3,2782202595E-7
500 0 9 iMM904.cmd 7,4260034699E-8
500 0 9 iJN1463.cmd 3,4900601988E-7
500 14 0 iMM904.cmd 0E0
500 14 0 iJN1463.cmd 2,4592563618E-8
500 1 8 iMM904.cmd 2,3409100942E-7
500 1 8 iJN1463.cmd 7,9436349191E-7
500 5 14 iMM904.cmd 4,1365003063E-8
500 5 14 iJN1463.cmd 1,7403386047E-7
500 7 11 iMM904.cmd 4,9919499509E-8
500 7 11 iJN1463.cmd 2,1026811786E-7
500 13 0 iMM904.cmd 0E0
500 13 0 iJN1463.cmd 2,9178434085E-8
500 6 11 iMM904.cmd 8,6789765635E-8
500 6 11 iJN1463.cmd 3,1915751606E-7
500 6 0 iMM904.cmd 6,8828038089E-8
500 6 0 iJN1463.cmd 2,5515210572E-7
500 7 0 iMM904.cmd 3,5992329975E-8
500 7 0 iJN1463.cmd 1,6607746652E-7
500 7 2 iMM904.cmd 1,6714696011E-8
500 7 2 iJN1463.cmd 1,0349924016E-7
500 0 7 iMM904.cmd 7,1915627668E-8
500 0 7 iJN1463.cmd 3,8848427832E-7
500 7 12 iMM904.cmd 5,3196263534E-8
500 7 12 iJN1463.cmd 2,2853318832E-7
500 7 14 iMM904.cmd 8,5650068986E-9
500 7 14 iJN1463.cmd 6,7320884926E-8
500 0 8 iMM904.cmd 6,1347442898E-8
500 0 8 iJN1463.cmd 3,5774014875E-7
500 6 14 iMM904.cmd 8,3694942411E-9
500 6 14 iJN1463.cmd 6,1409879686E-8
1000 10 2 iMM904.cmd 2,2521807112E-8
1000 10 2 iJN1463.cmd 1,8685216893E-7
1000 2 2 iMM904.cmd 4,3666861068E-7
1000 2 2 iJN1463.cmd 1,0341645647E-6
1000 4 3 iMM904.cmd 3,2531107634E-7
1000 4 3 iJN1463.cmd 8,837684714E-7
1000 14 4 iMM904.cmd 1,3427269996E-8
1000 14 4 iJN1463.cmd 2,5446314624E-7
1000 5 5 iMM904.cmd 1,8632400862E-7
1000 5 5 iJN1463.cmd 5,817079295E-7
1000 2 12 iMM904.cmd 3,9273786268E-7
1000 2 12 iJN1463.cmd 8,6416279447E-7
1000 14 6 iMM904.cmd 2,0096359823E-8
1000 14 6 iJN1463.cmd 3,5658292768E-7
1000 11 14 iMM904.cmd 2,13779356E-8
1000 11 14 iJN1463.cmd 1,3069592106E-7
1000 8 7 iMM904.cmd 6,2918595516E-8
1000 8 7 iJN1463.cmd 2,5812263748E-7
1000 11 4 iMM904.cmd 1,4952219808E-8
1000 11 4 iJN1463.cmd 1,9422226772E-7
1000 3 7 iMM904.cmd 2,7939473839E-7
1000 3 7 iJN1463.cmd 7,5058684423E-7
1000 11 13 iMM904.cmd 2,637186404E-8
1000 11 13 iJN1463.cmd 1,3521967563E-7
1000 2 4 iMM904.cmd 4,4421166105E-7
1000 2 4 iJN1463.cmd 1,0683405999E-6
1000 10 8 iMM904.cmd 3,4783856377E-8
1000 10 8 iJN1463.cmd 1,9173174509E-7
1000 14 8 iMM904.cmd 1,8974081824E-8
1000 14 8 iJN1463.cmd 2,9895234776E-7
1000 1 2 iMM904.cmd 4,121147199E-7
1000 1 2 iJN1463.cmd 9,733440347E-7
1000 1 4 iMM904.cmd 4,2987410066E-7
1000 1 4 iJN1463.cmd 1,0207633043E-6
1000 1 12 iMM904.cmd 3,6494087083E-7
1000 1 12 iJN1463.cmd 8,1025421839E-7
1000 2 1 iMM904.cmd 4,1206361803E-7
1000 2 1 iJN1463.cmd 9,8082844251E-7
1000 2 3 iMM904.cmd 4,6419837228E-7
1000 2 3 iJN1463.cmd 1,0929939794E-6
1000 2 11 iMM904.cmd 4,0719258231E-7
1000 2 11 iJN1463.cmd 9,1090971952E-7
1000 2 13 iMM904.cmd 3,417009259E-7
1000 2 13 iJN1463.cmd 7,5580237448E-7
1000 3 2 iMM904.cmd 3,9562997816E-7
1000 3 2 iJN1463.cmd 9,6527137552E-7
1000 3 4 iMM904.cmd 3,6636328073E-7
1000 3 4 iJN1463.cmd 9,5020969986E-7
1000 3 6 iMM904.cmd 2,8398154216E-7
1000 3 6 iJN1463.cmd 7,8297161736E-7
1000 3 8 iMM904.cmd 2,9290119712E-7
1000 3 8 iJN1463.cmd 7,4779225923E-7
1000 3 12 iMM904.cmd 3,6738734826E-7
1000 3 12 iJN1463.cmd 8,1974809451E-7
1000 4 2 iMM904.cmd 3,4577733541E-7
1000 4 2 iJN1463.cmd 8,8325959263E-7
1000 4 4 iMM904.cmd 3,2197940904E-7
1000 4 4 iJN1463.cmd 8,7604029985E-7
1000 4 5 iMM904.cmd 2,7063358882E-7
1000 4 5 iJN1463.cmd 7,6649289299E-7
1000 4 7 iMM904.cmd 2,673287199E-7
1000 4 7 iJN1463.cmd 7,2352674059E-7
1000 5 3 iMM904.cmd 3,1057643496E-7
1000 5 3 iJN1463.cmd 8,7888332247E-7
1000 6 5 iMM904.cmd 1,1496571261E-7
1000 6 5 iJN1463.cmd 3,9050867941E-7
1000 7 7 iMM904.cmd 7,4647874625E-8
1000 7 7 iJN1463.cmd 2,8519424799E-7
1000 8 6 iMM904.cmd 5,4063334112E-8
1000 8 6 iJN1463.cmd 2,4316881998E-7
1000 8 8 iMM904.cmd 6,3341039437E-8
1000 8 8 iJN1463.cmd 2,5016732764E-7
1000 9 8 iMM904.cmd 4,9709291115E-8
1000 9 8 iJN1463.cmd 2,1612294933E-7
1000 10 1 iMM904.cmd 2,5904132394E-8
1000 10 1 iJN1463.cmd 1,5226692578E-7
1000 10 3 iMM904.cmd 1,8637229534E-8
1000 10 3 iJN1463.cmd 1,8545699992E-7
1000 10 4 iMM904.cmd 1,7889972745E-8
1000 10 4 iJN1463.cmd 1,8239019307E-7
1000 10 7 iMM904.cmd 2,5425518838E-8
1000 10 7 iJN1463.cmd 1,8566981182E-7
1000 10 9 iMM904.cmd 4,0710202053E-8
1000 10 9 iJN1463.cmd 1,856387531E-7
1000 10 13 iMM904.cmd 3,4189322764E-8
1000 10 13 iJN1463.cmd 1,465859867E-7
1000 10 14 iMM904.cmd 2,6844169922E-8
1000 10 14 iJN1463.cmd 1,3862105884E-7
1000 11 3 iMM904.cmd 1,4552081751E-8
1000 11 3 iJN1463.cmd 1,9093948145E-7
1000 11 5 iMM904.cmd 1,6022483325E-8
1000 11 5 iJN1463.cmd 1,923810112E-7
1000 11 8 iMM904.cmd 2,4084598432E-8
1000 11 8 iJN1463.cmd 1,8022816428E-7
1000 11 12 iMM904.cmd 2,7382275118E-8
1000 11 12 iJN1463.cmd 1,3792059464E-7
1000 12 4 iMM904.cmd 1,3081281002E-8
1000 12 4 iJN1463.cmd 2,0584071743E-7
1000 12 13 iMM904.cmd 1,9599577882E-8
1000 12 13 iJN1463.cmd 1,1604579553E-7
1000 12 14 iMM904.cmd 1,6048074305E-8
1000 12 14 iJN1463.cmd 1,1334893946E-7
1000 13 4 iMM904.cmd 1,2794099327E-8
1000 13 4 iJN1463.cmd 2,3029194626E-7
1000 14 3 iMM904.cmd 9,6460948487E-9
1000 14 3 iJN1463.cmd 1,9500123688E-7
1000 14 5 iMM904.cmd 1,6790305368E-8
1000 14 5 iJN1463.cmd 3,0693275018E-7
1000 14 7 iMM904.cmd 1,9991376406E-8
1000 14 7 iJN1463.cmd 3,3118109375E-7
1000 14 9 iMM904.cmd 1,6147422779E-8
1000 14 9 iJN1463.cmd 2,1016359003E-7
1000 1 3 iMM904.cmd 4,2950470364E-7
1000 1 3 iJN1463.cmd 1,0146220884E-6
1000 3 5 iMM904.cmd 3,0754797404E-7
1000 3 5 iJN1463.cmd 8,4047622814E-7
1000 4 6 iMM904.cmd 2,7134171284E-7
1000 4 6 iJN1463.cmd 7,5675298339E-7
1000 13 5 iMM904.cmd 1,476698793E-8
1000 13 5 iJN1463.cmd 2,5817559885E-7
1000 3 1 iMM904.cmd 3,7367118073E-7
1000 3 1 iJN1463.cmd 9,0777120491E-7
1000 4 8 iMM904.cmd 2,5922826909E-7
1000 4 8 iJN1463.cmd 6,7147104315E-7
1000 13 7 iMM904.cmd 1,8683473625E-8
1000 13 7 iJN1463.cmd 2,7840112762E-7
1000 1 11 iMM904.cmd 3,8049863864E-7
1000 1 11 iJN1463.cmd 8,5991479618E-7
1000 1 13 iMM904.cmd 3,1683663451E-7
1000 1 13 iJN1463.cmd 7,0681627799E-7
1000 3 11 iMM904.cmd 3,7759478003E-7
1000 3 11 iJN1463.cmd 8,5735774879E-7
1000 3 13 iMM904.cmd 3,2159866205E-7
1000 3 13 iJN1463.cmd 7,2097904945E-7
1000 7 6 iMM904.cmd 7,1006318054E-8
1000 7 6 iJN1463.cmd 2,8068148591E-7
1000 7 8 iMM904.cmd 8,6470890071E-8
1000 7 8 iJN1463.cmd 2,9565499388E-7
1000 9 9 iMM904.cmd 4,9191700655E-8
1000 9 9 iJN1463.cmd 2,0557947393E-7
1000 10 5 iMM904.cmd 1,9084378031E-8
1000 10 5 iJN1463.cmd 1,8182595499E-7
1000 10 12 iMM904.cmd 3,4051486981E-8
1000 10 12 iJN1463.cmd 1,5109247363E-7
1000 11 7 iMM904.cmd 2,0708784993E-8
1000 11 7 iJN1463.cmd 1,866099213E-7
1000 12 3 iMM904.cmd 1,1222629553E-8
1000 12 3 iJN1463.cmd 1,7966805209E-7
1000 12 5 iMM904.cmd 1,4506362639E-8
1000 12 5 iJN1463.cmd 2,1316718536E-7
1000 12 12 iMM904.cmd 2,0749966354E-8
1000 12 12 iJN1463.cmd 1,1691959969E-7
1000 13 3 iMM904.cmd 9,9512592794E-9
1000 13 3 iJN1463.cmd 1,8551604422E-7
1000 4 1 iMM904.cmd 3,0812630138E-7
1000 4 1 iJN1463.cmd 7,7119762622E-7
1000 6 4 iMM904.cmd 7,3819599281E-8
1000 6 4 iJN1463.cmd 2,7458692852E-7
1000 6 6 iMM904.cmd 9,0119982458E-8
1000 6 6 iJN1463.cmd 3,2533327366E-7
1000 9 3 iMM904.cmd 2,10927245E-8
1000 9 3 iJN1463.cmd 1,6447587386E-7
1000 3 9 iMM904.cmd 3,3886566695E-7
1000 3 9 iJN1463.cmd 8,1453617744E-7
1000 8 9 iMM904.cmd 6,587362843E-8
1000 8 9 iJN1463.cmd 2,3869419333E-7
1000 9 1 iMM904.cmd 3,820771162E-8
1000 9 1 iJN1463.cmd 1,6117504454E-7
1000 9 6 iMM904.cmd 3,2018740295E-8
1000 9 6 iJN1463.cmd 1,9735001321E-7
1000 10 0 iMM904.cmd 2,6539953812E-8
1000 10 0 iJN1463.cmd 1,3658246616E-7
1000 10 6 iMM904.cmd 2,286830926E-8
1000 10 6 iJN1463.cmd 1,8485745027E-7
1000 11 1 iMM904.cmd 1,6989842946E-8
1000 11 1 iJN1463.cmd 1,1862615001E-7
1000 13 9 iMM904.cmd 1,5703408281E-8
1000 13 9 iJN1463.cmd 1,6252254017E-7
1000 14 2 iMM904.cmd 5,5801036116E-9
1000 14 2 iJN1463.cmd 1,3602424975E-7
1000 14 10 iMM904.cmd 1,4495333812E-8
1000 14 10 iJN1463.cmd 1,5251870173E-7
1000 0 2 iMM904.cmd 2,8696091245E-7
1000 0 2 iJN1463.cmd 7,5625367411E-7
1000 0 4 iMM904.cmd 3,3135798709E-7
1000 0 4 iJN1463.cmd 8,6952928959E-7
1000 0 12 iMM904.cmd 2,6003326526E-7
1000 0 12 iJN1463.cmd 6,5314402569E-7
1000 1 5 iMM904.cmd 4,2281968753E-7
1000 1 5 iJN1463.cmd 9,9921917129E-7
1000 2 0 iMM904.cmd 3,8337157734E-7
1000 2 0 iJN1463.cmd 9,0791486758E-7
1000 2 10 iMM904.cmd 4,0194409634E-7
1000 2 10 iJN1463.cmd 9,180776134E-7
1000 2 14 iMM904.cmd 2,35758481E-7
1000 2 14 iJN1463.cmd 5,8610712848E-7
1000 4 12 iMM904.cmd 3,1502274155E-7
1000 4 12 iJN1463.cmd 7,1685462412E-7
1000 6 7 iMM904.cmd 9,1848803473E-8
1000 6 7 iJN1463.cmd 3,2111990279E-7
1000 9 4 iMM904.cmd 2,152684215E-8
1000 9 4 iJN1463.cmd 1,6639784855E-7
1000 9 13 iMM904.cmd 4,495792938E-8
1000 9 13 iJN1463.cmd 1,5635292545E-7
1000 10 10 iMM904.cmd 3,727740289E-8
1000 10 10 iJN1463.cmd 1,6419594407E-7
1000 11 6 iMM904.cmd 1,8084821989E-8
1000 11 6 iJN1463.cmd 1,8649582647E-7
1000 12 8 iMM904.cmd 1,8759587917E-8
1000 12 8 iJN1463.cmd 1,713499538E-7
1000 13 13 iMM904.cmd 1,437862152E-8
1000 13 13 iJN1463.cmd 9,6293987824E-8
1000 0 3 iMM904.cmd 3,2358893389E-7
1000 0 3 iJN1463.cmd 8,4362336155E-7
1000 12 7 iMM904.cmd 1,782135E-8
1000 12 7 iJN1463.cmd 2,0554830352E-7
1000 9 5 iMM904.cmd 2,2844385253E-8
1000 9 5 iJN1463.cmd 1,7677834988E-7
1000 3 10 iMM904.cmd 3,6611926442E-7
1000 3 10 iJN1463.cmd 8,516742682E-7
1000 4 9 iMM904.cmd 2,8303390125E-7
1000 4 9 iJN1463.cmd 6,9857720372E-7
1000 7 9 iMM904.cmd 9,3135284373E-8
1000 7 9 iJN1463.cmd 2,9241037873E-7
1000 13 2 iMM904.cmd 6,8084664398E-9
1000 13 2 iJN1463.cmd 1,3396994563E-7
1000 3 0 iMM904.cmd 3,5634499286E-7
1000 3 0 iJN1463.cmd 8,6132721848E-7
1000 6 8 iMM904.cmd 1,2679569277E-7
1000 6 8 iJN1463.cmd 3,7725693714E-7
1000 9 10 iMM904.cmd 4,9669119233E-8
1000 9 10 iJN1463.cmd 1,905530596E-7
1000 10 11 iMM904.cmd 3,9746282271E-8
1000 10 11 iJN1463.cmd 1,6352768939E-7
1000 12 6 iMM904.cmd 1,5853091392E-8
1000 12 6 iJN1463.cmd 1,9654314024E-7
1000 13 12 iMM904.cmd 1,5977517853E-8
1000 13 12 iJN1463.cmd 9,9604895644E-8
1000 0 11 iMM904.cmd 2,7491608864E-7
1000 0 11 iJN1463.cmd 7,0265933769E-7
1000 0 13 iMM904.cmd 2,2323102438E-7
1000 0 13 iJN1463.cmd 5,6616820694E-7
1000 1 10 iMM904.cmd 3,7949307721E-7
1000 1 10 iJN1463.cmd 8,7733130837E-7
1000 4 11 iMM904.cmd 3,2133642378E-7
1000 4 11 iJN1463.cmd 7,4515090277E-7
1000 4 13 iMM904.cmd 2,792877738E-7
1000 4 13 iJN1463.cmd 6,370423468E-7
1000 1 14 iMM904.cmd 2,1612871707E-7
1000 1 14 iJN1463.cmd 5,4579011972E-7
1000 3 14 iMM904.cmd 2,2473289935E-7
1000 3 14 iJN1463.cmd 5,636157349E-7
1000 5 8 iMM904.cmd 1,986383071E-7
1000 5 8 iJN1463.cmd 5,2699824621E-7
1000 12 2 iMM904.cmd 8,5052760556E-9
1000 12 2 iJN1463.cmd 1,3429544932E-7
1000 12 11 iMM904.cmd 2,0049036191E-8
1000 12 11 iJN1463.cmd 1,1498057645E-7
1000 13 10 iMM904.cmd 1,5793088297E-8
1000 13 10 iJN1463.cmd 1,4152577904E-7
1000 9 0 iMM904.cmd 3,8038859841E-8
1000 9 0 iJN1463.cmd 1,5654379143E-7
1000 11 0 iMM904.cmd 1,6922983985E-8
1000 11 0 iJN1463.cmd 1,0921888633E-7
1000 12 9 iMM904.cmd 1,7069204307E-8
1000 12 9 iJN1463.cmd 1,4649232249E-7
1000 0 5 iMM904.cmd 3,2259799789E-7
1000 0 5 iJN1463.cmd 8,5749203622E-7
1000 2 9 iMM904.cmd 3,9128105101E-7
1000 2 9 iJN1463.cmd 9,1013000687E-7
1000 9 14 iMM904.cmd 3,3185491885E-8
1000 9 14 iJN1463.cmd 1,4173711638E-7
1000 13 14 iMM904.cmd 1,1396537214E-8
1000 13 14 iJN1463.cmd 9,3066862984E-8
1000 4 0 iMM904.cmd 2,9262074067E-7
1000 4 0 iJN1463.cmd 7,2615279646E-7
1000 5 1 iMM904.cmd 2,1713794485E-7
1000 5 1 iJN1463.cmd 5,5704233098E-7
1000 7 4 iMM904.cmd 4,319264274E-8
1000 7 4 iJN1463.cmd 1,8393068951E-7
1000 8 3 iMM904.cmd 2,6840016988E-8
1000 8 3 iJN1463.cmd 1,4937974022E-7
1000 8 10 iMM904.cmd 6,7859795811E-8
1000 8 10 iJN1463.cmd 2,255611121E-7
1000 14 11 iMM904.cmd 1,3143736825E-8
1000 14 11 iJN1463.cmd 1,1437730734E-7
1000 12 1 iMM904.cmd 9,3454804597E-9
1000 12 1 iJN1463.cmd 1,0360604093E-7
1000 1 0 iMM904.cmd 3,3831968257E-7
1000 1 0 iJN1463.cmd 7,9920421503E-7
1000 1 6 iMM904.cmd 4,1067235228E-7
1000 1 6 iJN1463.cmd 9,7571963338E-7
1000 8 1 iMM904.cmd 5,4142239521E-8
1000 8 1 iJN1463.cmd 1,8779544923E-7
1000 8 4 iMM904.cmd 2,84166719E-8
1000 8 4 iJN1463.cmd 1,5626014217E-7
1000 14 1 iMM904.cmd 1,9388705045E-9
1000 14 1 iJN1463.cmd 9,0988898392E-8
1000 0 1 iMM904.cmd 2,0574917018E-7
1000 0 1 iJN1463.cmd 5,817583102E-7
1000 8 13 iMM904.cmd 5,973721784E-8
1000 8 13 iJN1463.cmd 1,7777674231E-7
1000 11 10 iMM904.cmd 2,6809450362E-8
1000 11 10 iJN1463.cmd 1,3333752117E-7
1000 14 13 iMM904.cmd 1,1355404735E-8
1000 14 13 iJN1463.cmd 8,464176044E-8
1000 5 12 iMM904.cmd 2,5508955666E-7
1000 5 12 iJN1463.cmd 5,9488854924E-7
1000 4 10 iMM904.cmd 3,1128537696E-7
1000 4 10 iJN1463.cmd 7,4051203644E-7
1000 6 9 iMM904.cmd 1,4252846971E-7
1000 6 9 iJN1463.cmd 3,9797166702E-7
1000 9 11 iMM904.cmd 5,271143629E-8
1000 9 11 iJN1463.cmd 1,8761886526E-7
1000 12 10 iMM904.cmd 1,9296512905E-8
1000 12 10 iJN1463.cmd 1,2811752801E-7
1000 5 9 iMM904.cmd 2,1991735897E-7
1000 5 9 iJN1463.cmd 5,604209451E-7
1000 0 10 iMM904.cmd 2,7504116875E-7
1000 0 10 iJN1463.cmd 7,2446211682E-7
1000 13 1 iMM904.cmd 4,8362780471E-9
1000 13 1 iJN1463.cmd 9,4359395385E-8
1000 1 9 iMM904.cmd 3,7631679294E-7
1000 1 9 iJN1463.cmd 8,8838992396E-7
1000 14 12 iMM904.cmd 1,3417777624E-8
1000 14 12 iJN1463.cmd 9,4059664933E-8
1000 4 14 iMM904.cmd 1,9225501895E-7
1000 4 14 iJN1463.cmd 4,9156101835E-7
1000 7 10 iMM904.cmd 8,9500296117E-8
1000 7 10 iJN1463.cmd 2,6798883881E-7
1000 0 14 iMM904.cmd 1,7541227797E-7
1000 0 14 iJN1463.cmd 4,7209371714E-7
1000 5 11 iMM904.cmd 2,5820751555E-7
1000 5 11 iJN1463.cmd 6,1398446453E-7
1000 5 13 iMM904.cmd 2,3864374585E-7
1000 5 13 iJN1463.cmd 5,5268609628E-7
1000 8 0 iMM904.cmd 5,5935025593E-8
1000 8 0 iJN1463.cmd 1,9039875534E-7
1000 12 0 iMM904.cmd 9,1651687613E-9
1000 12 0 iJN1463.cmd 8,7389035825E-8
1000 5 0 iMM904.cmd 2,132800393E-7
1000 5 0 iJN1463.cmd 5,4534962015E-7
1000 7 3 iMM904.cmd 3,7331121875E-8
1000 7 3 iJN1463.cmd 1,5695330797E-7
1000 0 6 iMM904.cmd 3,0576270023E-7
1000 0 6 iJN1463.cmd 8,3054858946E-7
1000 8 14 iMM904.cmd 4,1678470231E-8
1000 8 14 iJN1463.cmd 1,5146414551E-7
1000 0 0 iMM904.cmd 2,2670075658E-7
1000 0 0 iJN1463.cmd 6,1231828562E-7
1000 8 11 iMM904.cmd 7,6368543747E-8
1000 8 11 iJN1463.cmd 2,3364751674E-7
1000 14 14 iMM904.cmd 8,5132904708E-9
1000 14 14 iJN1463.cmd 7,9801092267E-8
1000 6 1 iMM904.cmd 1,4129883909E-7
1000 6 1 iJN1463.cmd 3,8020176008E-7
1000 1 7 iMM904.cmd 3,9444299051E-7
1000 1 7 iJN1463.cmd 9,4467246165E-7
1000 5 10 iMM904.cmd 2,628269587E-7
1000 5 10 iJN1463.cmd 6,3804444905E-7
1000 7 1 iMM904.cmd 7,9939682146E-8
1000 7 1 iJN1463.cmd 2,4105638191E-7
1000 7 13 iMM904.cmd 8,4061618077E-8
1000 7 13 iJN1463.cmd 2,2781982401E-7
1000 6 12 iMM904.cmd 1,908949263E-7
1000 6 12 iJN1463.cmd 4,6415840943E-7
1000 0 9 iMM904.cmd 2,719425963E-7
1000 0 9 iJN1463.cmd 7,4001781934E-7
1000 14 0 iMM904.cmd 0E0
1000 14 0 iJN1463.cmd 6,7302502324E-8
1000 1 8 iMM904.cmd 3,8043795695E-7
1000 1 8 iJN1463.cmd 9,1082764799E-7
1000 5 14 iMM904.cmd 1,4638937597E-7
1000 5 14 iJN1463.cmd 3,86894237E-7
1000 7 11 iMM904.cmd 1,1864586415E-7
1000 7 11 iJN1463.cmd 3,1870783349E-7
1000 13 0 iMM904.cmd 3,8717308208E-9
1000 13 0 iJN1463.cmd 7,3414762682E-8
1000 6 11 iMM904.cmd 1,8762374655E-7
1000 6 11 iJN1463.cmd 4,6300177775E-7
1000 6 0 iMM904.cmd 1,4209622934E-7
1000 6 0 iJN1463.cmd 3,8128466491E-7
1000 7 0 iMM904.cmd 8,7709292063E-8
1000 7 0 iJN1463.cmd 2,5793574678E-7
1000 7 2 iMM904.cmd 5,1145941562E-8
1000 7 2 iJN1463.cmd 1,7746814959E-7
1000 0 7 iMM904.cmd 2,8743477285E-7
1000 0 7 iJN1463.cmd 7,9689702463E-7
1000 7 12 iMM904.cmd 1,3006606604E-7
1000 7 12 iJN1463.cmd 3,3321201968E-7
1000 7 14 iMM904.cmd 5,4901003116E-8
1000 7 14 iJN1463.cmd 1,7874872013E-7
1000 0 8 iMM904.cmd 2,747776537E-7
1000 0 8 iJN1463.cmd 7,6387047789E-7
1000 6 14 iMM904.cmd 7,4437909893E-8
1000 6 14 iJN1463.cmd 2,2804195436E-7
