0	1,5E-8	1,5E-7
1	1,5634903662E-8	1,5745832779E-7
2	1,6299286211E-8	1,6530848241E-7
3	1,7084217352E-8	1,7416009996E-7
4	1,7948814691E-8	1,8371455893E-7
5	1,8884491388E-8	1,9401600674E-7
6	1,9883384039E-8	2,0512525242E-7
7	2,0943980618E-8	2,1704807385E-7
8	2,206982014E-8	2,2980661937E-7
9	2,3261883109E-8	2,4338915214E-7
10	2,4525608911E-8	2,5783052425E-7
11	2,5861529477E-8	2,7315687621E-7
12	2,7273747395E-8	2,8942200334E-7
13	2,8766598678E-8	3,0668295555E-7
14	3,0344666005E-8	3,25000233E-7
15	3,201279277E-8	3,4443799377E-7
16	3,3776097977E-8	3,6506427413E-7
17	3,5639991972E-8	3,8695122208E-7
18	3,7610193083E-8	4,1017534507E-7
19	3,9692745192E-8	4,3481777246E-7
20	4,1894036304E-8	4,6096453387E-7
21	4,4220818169E-8	4,8870685416E-7
22	4,6680227E-8	5,1814146612E-7
23	4,9279805371E-8	5,4937094193E-7
24	5,2027525327E-8	5,8250404444E-7
25	5,4931812793E-8	6,1765609954E-7
26	5,8001573319E-8	6,5494939072E-7
27	6,1246219252E-8	6,9454093885E-7
28	6,4674594889E-8	7,365435196E-7
29	6,8242479378E-8	7,810235423E-7
30	7,1990405305E-8	8,2797234132E-7
31	7,5904950289E-8	8,7747547212E-7
32	8,0005829657E-8	9,2968546339E-7
33	8,4295592786E-8	9,8465986781E-7
34	8,8775160183E-8	1,0425054547E-6
35	9,3443294255E-8	1,1036491178E-6
36	9,8295888428E-8	1,1679443905E-6
37	1,0332498258E-7	1,2355160376E-6
38	1,0851724037E-7	1,3064460517E-6
39	1,1385141971E-7	1,3808781112E-6
40	1,1929852999E-7	1,4592380648E-6
41	1,2485435965E-7	1,5415932433E-6
42	1,3050611207E-7	1,6279944303E-6
43	1,3608313727E-7	1,7184679332E-6
44	1,4185810854E-7	1,813361479E-6
45	1,4771057385E-7	1,9126453814E-6
46	1,5351613737E-7	2,0166686876E-6
47	1,5943444536E-7	2,1257061377E-6
48	1,6535811802E-7	2,2401047958E-6
49	1,7128872459E-7	2,3601344728E-6
50	1,7726307341E-7	2,4860761966E-6
51	1,8330230501E-7	2,6183146286E-6
52	1,8941400383E-7	2,7573005957E-6
53	1,9560418316E-7	2,9034919742E-6
54	2,0189586423E-7	3,0573324608E-6
55	2,0831801549E-7	3,2192600734E-6
56	2,1489774031E-7	3,389723441E-6
57	2,216556789E-7	3,5691862744E-6
58	2,2860431283E-7	3,7581353807E-6
59	2,3575339905E-7	3,9570158825E-6
60	2,4311077757E-7	4,1659989186E-6
61	2,5068330358E-7	4,3853290992E-6
62	2,5847806181E-7	4,615429003E-6
63	2,665014711E-7	4,8568368617E-6
64	2,747594059E-7	5,1101520651E-6
65	2,832929634E-7	5,3759070289E-6
66	2,9209573234E-7	5,6547043036E-6
67	3,0115932313E-7	5,9467198455E-6
68	3,1049074472E-7	6,2522880546E-6
69	3,2010689182E-7	6,5719029148E-6
70	3,3000448623E-7	6,9062390709E-6
71	3,4019608738E-7	7,2555895047E-6
72	3,5068558571E-7	7,6203880002E-6
73	3,6147008278E-7	8,0011002099E-6
74	3,7255813022E-7	8,398103707E-6
75	3,8395909662E-7	8,811836781E-6
76	3,95684634E-7	9,2428871123E-6
77	4,0774324543E-7	9,6917306863E-6
78	4,2017113955E-7	1,0158856344E-5
79	4,3295276598E-7	1,0645097056E-5
80	4,4609581319E-7	1,1151227716E-5
81	4,5960167949E-7	1,1677563226E-5
82	4,7346402631E-7	1,2224642301E-5
83	4,8768405866E-7	1,2792572969E-5
84	5,0230316336E-7	1,3381589433E-5
85	5,1733079996E-7	1,3991790995E-5
86	5,3277591733E-7	1,4623206736E-5
87	5,4862251471E-7	1,5275707459E-5
88	5,6485453078E-7	1,5949734386E-5
89	5,8152212328E-7	1,6644726465E-5
90	5,9863278395E-7	1,7357944521E-5
91	6,1619990912E-7	1,8083033884E-5
92	6,3424230936E-7	1,8813445646E-5
93	6,5277855618E-7	1,9546952836E-5
94	6,7181493761E-7	2,0273786675E-5
95	6,9138129658E-7	2,0987340128E-5
96	7,1149485186E-7	2,1680443561E-5
97	7,3212642951E-7	2,2349023175E-5
98	7,53086099E-7	2,2991216263E-5
99	7,7421970483E-7	2,3604619419E-5
100	7,9541203181E-7	2,4176389418E-5
101	8,1662406576E-7	2,4694748012E-5
102	8,3769477065E-7	2,5157756221E-5
103	8,5852459221E-7	2,5571546935E-5
104	8,788566431E-7	2,5943389577E-5
105	8,9866951696E-7	2,628005054E-5
106	9,1799319773E-7	2,658128123E-5
107	9,3712676619E-7	2,6854475953E-5
108	9,5624913596E-7	2,7107209875E-5
109	9,7532214665E-7	2,7345504962E-5
110	9,9451371756E-7	2,7572185423E-5
111	1,0140148441E-6	2,7790887852E-5
112	1,0339003643E-6	2,8004222879E-5
113	1,053980913E-6	2,821439146E-5
114	1,0743182962E-6	2,8420904389E-5
115	1,0951451286E-6	2,8626218141E-5
116	1,1162123822E-6	2,8830359864E-5
117	1,1376383167E-6	2,9033025714E-5
118	1,159351537E-6	2,9234429747E-5
119	1,1813888252E-6	2,9434352322E-5
120	1,2037485206E-6	2,9632534132E-5
121	1,2263809426E-6	2,9829669905E-5
122	1,2493044902E-6	3,002627261E-5
123	1,2727522854E-6	3,0220158797E-5
124	1,2964772618E-6	3,0414197992E-5
125	1,3204475538E-6	3,0608098589E-5
126	1,3447829712E-6	3,0803154122E-5
127	1,3689592336E-6	3,0998637039E-5
128	1,3937961657E-6	3,1192996032E-5
129	1,4191779104E-6	3,138341635E-5
130	1,4448699592E-6	3,1573614944E-5
131	1,4709311586E-6	3,1763330126E-5
132	1,4973284622E-6	3,1952828897E-5
133	1,5241583797E-6	3,2142428765E-5
134	1,5513425732E-6	3,233150689E-5
135	1,5790148542E-6	3,2519970494E-5
136	1,6070404208E-6	3,2707931723E-5
137	1,6352789454E-6	3,2895353458E-5
138	1,6639017841E-6	3,3082169771E-5
139	1,6928420558E-6	3,3268256789E-5
140	1,7220496173E-6	3,3453506705E-5
141	1,7516544312E-6	3,3637880415E-5
142	1,7815538704E-6	3,3821528531E-5
143	1,8118082429E-6	3,4004622727E-5
144	1,8423029681E-6	3,4187297043E-5
145	1,873056125E-6	3,436950094E-5
146	1,9042691822E-6	3,4550328976E-5
147	1,9356445601E-6	3,4731619762E-5
148	1,9669548834E-6	3,4915674624E-5
149	1,9986863313E-6	3,5095364015E-5
150	2,0312838967E-6	3,5273089817E-5
151	2,0638937799E-6	3,5450353803E-5
152	2,0970120751E-6	3,5627348381E-5
153	2,130419811E-6	3,5806495245E-5
154	2,1639114637E-6	3,5982023594E-5
155	2,1973900431E-6	3,6156728689E-5
156	2,2312681456E-6	3,6331417542E-5
157	2,2656200301E-6	3,6504156668E-5
158	2,3002864926E-6	3,6677260839E-5
159	2,3352339589E-6	3,6852014461E-5
160	2,3700742691E-6	3,7028111176E-5
161	2,4072109923E-6	3,7199216224E-5
162	2,4435050995E-6	3,7369693932E-5
163	2,4796738383E-6	3,7540724132E-5
164	2,516163502E-6	3,7710757289E-5
165	2,5532104831E-6	3,7880108397E-5
166	2,5918582996E-6	3,8046773599E-5
167	2,6316545314E-6	3,8211335923E-5
168	2,6713937495E-6	3,8380502416E-5
169	2,710637561E-6	3,854739456E-5
170	2,7508701235E-6	3,8712456891E-5
171	2,790814587E-6	3,8879776972E-5
172	2,8311202492E-6	3,9044635209E-5
173	2,8717915373E-6	3,9207159866E-5
174	2,9128066192E-6	3,9369150651E-5
175	2,9522999913E-6	3,9534480028E-5
176	2,9926056665E-6	3,9697369059E-5
177	3,0336201607E-6	3,9860123591E-5
178	3,0751263017E-6	4,002133555E-5
179	3,1174658069E-6	4,018011818E-5
180	3,1573280508E-6	4,0342244898E-5
181	3,1957024817E-6	4,0504951948E-5
182	3,238813786E-6	4,0661743051E-5
183	3,2812415006E-6	4,0822323061E-5
184	3,3244838694E-6	4,0979935461E-5
185	3,3683686483E-6	4,1137732021E-5
186	3,4129002935E-6	4,1295199049E-5
187	3,4564500674E-6	4,1451060634E-5
188	3,4998629625E-6	4,1606080241E-5
189	3,5435112715E-6	4,1760217585E-5
190	3,5876264237E-6	4,1914261124E-5
191	3,6307241813E-6	4,2068840842E-5
192	3,6746772753E-6	4,2221458416E-5
193	3,719762401E-6	4,2373117281E-5
194	3,7644012455E-6	4,2525739686E-5
195	3,8105321671E-6	4,2675882413E-5
196	3,8521898265E-6	4,2831675125E-5
197	3,8918557789E-6	4,2989503823E-5
198	3,9357280937E-6	4,314197311E-5
199	3,9810587047E-6	4,3291981375E-5
200	4,0253525258E-6	4,3443423215E-5
201	4,071662395E-6	4,3592805315E-5
202	4,116021823E-6	4,3744559209E-5
203	4,1588506222E-6	4,389824952E-5
204	4,2049177502E-6	4,404708754E-5
205	4,2471485199E-6	4,419901578E-5
206	4,2877684909E-6	4,4352304963E-5
207	4,3314227155E-6	4,4501341197E-5
208	4,379059035E-6	4,4646947462E-5
209	4,4237515284E-6	4,4800368087E-5
210	4,4667802251E-6	4,4951672712E-5
211	4,5084811277E-6	4,5103677092E-5
212	4,5574503261E-6	4,5245756717E-5
213	4,6018952897E-6	4,5393023584E-5
214	4,649541279E-6	4,5536671606E-5
215	4,6967375868E-6	4,5680414747E-5
216	4,7436858528E-6	4,5824540263E-5
217	4,7888022886E-6	4,5970131304E-5
218	4,8352046486E-6	4,6114380855E-5
219	4,8838877474E-6	4,6254542462E-5
220	4,9337642947E-6	4,639293867E-5
221	4,9854895502E-6	4,6529599361E-5
222	5,0292566136E-6	4,667521091E-5
223	5,0755263555E-6	4,681671001E-5
224	5,1212235615E-6	4,6958109382E-5
225	5,1663884766E-6	4,7100598177E-5
226	5,2154959636E-6	4,7236674445E-5
227	5,2646244994E-6	4,7372548128E-5
228	5,3137283979E-6	4,7509660814E-5
229	5,3603847745E-6	4,7649602633E-5
230	5,407691309E-6	4,7788071247E-5
231	5,4516722079E-6	4,7928435136E-5
232	5,499552434E-6	4,8063801757E-5
233	5,550229504E-6	4,8197061993E-5
234	5,5983381411E-6	4,8334160399E-5
235	5,6496705749E-6	4,8464346191E-5
236	5,700868004E-6	4,859695156E-5
237	5,7544747818E-6	4,8726589376E-5
238	5,8071007518E-6	4,885825421E-5
239	5,8608024237E-6	4,8986720492E-5
240	5,9113603398E-6	4,911930127E-5
241	5,9618233019E-6	4,925258128E-5
242	6,0168341687E-6	4,9379648935E-5
243	6,0718223773E-6	4,9506626721E-5
244	6,1244469758E-6	4,963486917E-5
245	6,1760327538E-6	4,9765569631E-5
246	6,2292426957E-6	4,9890625726E-5
247	6,2800524752E-6	5,0020028521E-5
248	6,3295649937E-6	5,0150079139E-5
249	6,3811802873E-6	5,0276784667E-5
250	6,4298444767E-6	5,0406635742E-5
251	6,4785782895E-6	5,0536302455E-5
252	6,5304485995E-6	5,0661605597E-5
253	6,5823071419E-6	5,0787926897E-5
254	6,6339106704E-6	5,0915092024E-5
255	6,6870059948E-6	5,1038858503E-5
256	6,7426417406E-6	5,1157418715E-5
257	6,7952802121E-6	5,1279932437E-5
258	6,84855734E-6	5,1401655004E-5
259	6,905414043E-6	5,151873665E-5
260	6,9616552054E-6	5,1637419026E-5
261	7,0172860386E-6	5,1755652657E-5
262	7,0717077898E-6	5,1875873309E-5
263	7,1282319853E-6	5,1992334847E-5
264	7,1858052493E-6	5,2107029905E-5
265	7,2424218304E-6	5,2220547772E-5
266	7,297661676E-6	5,233592029E-5
267	7,3524671986E-6	5,2451603076E-5
268	7,4113250562E-6	5,2561419716E-5
269	7,4678436698E-6	5,267618259E-5
270	7,5214182323E-6	5,2794646129E-5
271	7,5796147085E-6	5,2905495289E-5
272	7,6363472611E-6	5,3017963284E-5
273	7,6922883304E-6	5,3130976506E-5
274	7,7496948044E-6	5,3242164704E-5
275	7,809797677E-6	5,3352186884E-5
276	7,8707039292E-6	5,3458293243E-5
277	7,9202758096E-6	5,3577554784E-5
278	7,9768139372E-6	5,3688070229E-5
279	8,0289555506E-6	5,3803594288E-5
280	8,0877606654E-6	5,3911497561E-5
281	8,1474832109E-6	5,401881585E-5
282	8,205788986E-6	5,412558703E-5
283	8,2595951733E-6	5,4239874319E-5
284	8,3219433101E-6	5,4342431803E-5
285	8,3744327342E-6	5,4455496328E-5
286	8,4355139417E-6	5,4562925593E-5
287	8,4932606116E-6	5,4670246743E-5
288	8,5458610193E-6	5,4783130219E-5
289	8,6056657446E-6	5,4888259367E-5
290	8,6691245251E-6	5,4988893573E-5
291	8,7318453737E-6	5,5092774007E-5
292	8,7883797641E-6	5,520081007E-5
293	8,8427696476E-6	5,5310593109E-5
294	8,9046573809E-6	5,5410413299E-5
295	8,9599201988E-6	5,5518281961E-5
296	9,0183729911E-6	5,5621758855E-5
297	9,080453553E-6	5,5721665772E-5
298	9,1375357135E-6	5,5826878443E-5
299	9,1967725861E-6	5,593149577E-5
300	9,2523587326E-6	5,6038610373E-5
301	9,3095493575E-6	5,6142148862E-5
302	9,3689648428E-6	5,6242291948E-5
303	9,4293667286E-6	5,6340700906E-5
304	9,4907699525E-6	5,6437920715E-5
305	9,5515551634E-6	5,6534182463E-5
306	9,607942102E-6	5,6635165487E-5
307	9,6653654441E-6	5,6736412466E-5
308	9,7262750192E-6	5,6832389557E-5
309	9,7804240035E-6	5,6934129474E-5
310	9,8327146227E-6	5,7038044961E-5
311	9,8909760535E-6	5,7134008596E-5
312	9,9499590727E-6	5,7230682854E-5
313	1,0008652797E-5	5,7327330512E-5
314	1,007013195E-5	5,7421042983E-5
315	1,0129686651E-5	5,7514169038E-5
316	1,0189412799E-5	5,7606789342E-5
317	1,0242371331E-5	5,7706710032E-5
318	1,0298550221E-5	5,7804014114E-5
319	1,0354624819E-5	5,7901164136E-5
320	1,0417160267E-5	5,7992831096E-5
321	1,0474343081E-5	5,8088759617E-5
322	1,0533388063E-5	5,8180035406E-5
323	1,0587662756E-5	5,8276426751E-5
324	1,0643432403E-5	5,8369973299E-5
325	1,0699922828E-5	5,8464460564E-5
326	1,075696537E-5	5,8556876158E-5
327	1,0807717176E-5	5,8659351646E-5
328	1,0866442563E-5	5,8751551653E-5
329	1,09253944E-5	5,884118662E-5
330	1,098436033E-5	5,892937581E-5
331	1,103997343E-5	5,9019998735E-5
332	1,109306845E-5	5,9112582419E-5
333	1,1149228375E-5	5,9203494165E-5
334	1,1203146153E-5	5,9295056982E-5
335	1,1261406029E-5	5,9381651546E-5
336	1,1322930846E-5	5,9466038852E-5
337	1,1378082226E-5	5,9567661623E-5
338	1,1436973029E-5	5,9657020413E-5
339	1,1495152707E-5	5,9745568811E-5
340	1,1551021667E-5	5,9835552502E-5
341	1,1605767857E-5	5,992593057E-5
342	1,1660080519E-5	6,0016204721E-5
343	1,1713303144E-5	6,0107684981E-5
344	1,1768452729E-5	6,019662455E-5
345	1,1824220412E-5	6,0285116074E-5
346	1,1881242638E-5	6,0372645848E-5
347	1,1937957145E-5	6,046061347E-5
348	1,1994517999E-5	6,054894205E-5
349	1,2052051785E-5	6,0635339736E-5
350	1,2108780229E-5	6,0722168514E-5
351	1,2165670715E-5	6,080882021E-5
352	1,2225902029E-5	6,0891185391E-5
353	1,2286050291E-5	6,0973035511E-5
354	1,2347658679E-5	6,1053478486E-5
355	1,2405421394E-5	6,1138178252E-5
356	1,246947101E-5	6,1222849924E-5
357	1,2524597607E-5	6,1310179152E-5
358	1,257863481E-5	6,1396482229E-5
359	1,2638327972E-5	6,1475980744E-5
360	1,2692173614E-5	6,1560950375E-5
361	1,274684487E-5	6,1644504651E-5
362	1,2801724284E-5	6,1725639233E-5
363	1,2858682658E-5	6,1806083518E-5
364	1,2912520841E-5	6,1889333766E-5
365	1,2968932674E-5	6,1970079387E-5
366	1,3022315443E-5	6,2053841877E-5
367	1,3080859649E-5	6,2132172016E-5
368	1,3131185524E-5	6,2219201852E-5
369	1,3188658987E-5	6,2295708004E-5
370	1,3248378941E-5	6,2372241702E-5
371	1,3305564077E-5	6,2450621219E-5
372	1,3360495047E-5	6,2530871766E-5
373	1,3414810998E-5	6,2607141831E-5
374	1,3469483522E-5	6,2677517083E-5
375	1,3529498162E-5	6,2746983962E-5
376	1,3585179776E-5	6,2822071391E-5
377	1,3641649068E-5	6,2894139098E-5
378	1,3699140038E-5	6,2967392418E-5
379	1,3757243066E-5	6,3042964788E-5
380	1,3811445815E-5	6,3120891355E-5
381	1,3861341685E-5	6,3195471356E-5
382	1,3914586961E-5	6,3266205893E-5
383	1,3970377717E-5	6,3338740583E-5
384	1,4027498593E-5	6,3411365183E-5
385	1,4084739355E-5	6,3485553078E-5
386	1,4142235492E-5	6,3560581964E-5
387	1,4196896343E-5	6,3635482201E-5
388	1,4248881171E-5	6,3705709946E-5
389	1,4302079716E-5	6,3774684215E-5
390	1,4358078315E-5	6,384435291E-5
391	1,4415009012E-5	6,3914833316E-5
392	1,4469514073E-5	6,3987448819E-5
393	1,452312481E-5	6,4061016545E-5
394	1,457631022E-5	6,4134374318E-5
395	1,4632354395E-5	6,4203813556E-5
396	1,4689025275E-5	6,4273326123E-5
397	1,4745115165E-5	6,4343298729E-5
398	1,480066215E-5	6,4414008297E-5
399	1,4855865078E-5	6,4482997179E-5
400	1,4910809851E-5	6,4551485395E-5
401	1,496551697E-5	6,4619630416E-5
402	1,5019944794E-5	6,4687388535E-5
403	1,5074243214E-5	6,4754841166E-5
404	1,5128572789E-5	6,4822026725E-5
405	1,5182583035E-5	6,4889516683E-5
406	1,5236625943E-5	6,4956725885E-5
407	1,5290625664E-5	6,5023686885E-5
408	1,5344516253E-5	6,5090357023E-5
409	1,5398345037E-5	6,5156802497E-5
410	1,5452111999E-5	6,5223028558E-5
411	1,550579777E-5	6,5289015808E-5
412	1,555940557E-5	6,5354771424E-5
413	1,5612961813E-5	6,5420298775E-5
414	1,5666441235E-5	6,5485597702E-5
415	1,5719848425E-5	6,5550686256E-5
416	1,5773178744E-5	6,5615557014E-5
417	1,5826319238E-5	6,5680619816E-5
418	1,5878769119E-5	6,5746335716E-5
419	1,5930999919E-5	6,5812058668E-5
420	1,5982215155E-5	6,5878762389E-5
421	1,603309782E-5	6,5945586641E-5
422	1,6083813342E-5	6,601232099E-5
423	1,6136138847E-5	6,6076453381E-5
424	1,6188717785E-5	6,6139860615E-5
425	1,624130307E-5	6,6202934632E-5
426	1,6293833211E-5	6,6265772933E-5
427	1,6346290183E-5	6,6328422392E-5
428	1,6398666196E-5	6,6390888683E-5
429	1,6450959985E-5	6,6453175284E-5
430	1,6503186381E-5	6,6515306759E-5
431	1,6555350406E-5	6,6577294499E-5
432	1,6607455112E-5	6,6639131023E-5
433	1,6659489881E-5	6,6700793972E-5
434	1,6711450459E-5	6,6762278442E-5
435	1,6763337737E-5	6,6823583201E-5
436	1,681515087E-5	6,6884707838E-5
437	1,6866898951E-5	6,6945639972E-5
438	1,6918584323E-5	6,7006376565E-5
439	1,6970207576E-5	6,7066917068E-5
440	1,7021768894E-5	6,7127261556E-5
441	1,7073268356E-5	6,7187410286E-5
442	1,7124721163E-5	6,7247349637E-5
443	1,7176108476E-5	6,7307092886E-5
444	1,7227433013E-5	6,7366640563E-5
445	1,7278695241E-5	6,7425993732E-5
446	1,7329920386E-5	6,7485152906E-5
447	1,7381076804E-5	6,754412187E-5
448	1,7432161302E-5	6,7602903397E-5
449	1,7483376243E-5	6,7661697497E-5
450	1,7534596739E-5	6,7720726286E-5
451	1,7585408245E-5	6,7780301877E-5
452	1,7635786255E-5	6,7840003185E-5
453	1,7685710664E-5	6,7899659309E-5
454	1,7735550037E-5	6,7959119845E-5
455	1,7785170812E-5	6,8018863082E-5
456	1,7834667622E-5	6,8078453471E-5
457	1,7884027948E-5	6,8137761517E-5
458	1,7933285203E-5	6,8196769528E-5
459	1,7981358696E-5	6,8256776669E-5
460	1,8028975282E-5	6,8316992222E-5
461	1,807639427E-5	6,8377159914E-5
462	1,8123766545E-5	6,8437285645E-5
463	1,8171215952E-5	6,8496857965E-5
464	1,8219796422E-5	6,8554584691E-5
465	1,826905427E-5	6,8611170766E-5
466	1,8317929395E-5	6,8667888624E-5
467	1,8365843787E-5	6,8725409259E-5
468	1,8413421806E-5	6,8783031393E-5
469	1,8462174452E-5	6,8839052737E-5
470	1,851119686E-5	6,8894513449E-5
471	1,8557497542E-5	6,895296787E-5
472	1,8601628077E-5	6,9013753668E-5
473	1,8644058045E-5	6,9076463884E-5
474	1,8684523529E-5	6,9141262576E-5
475	1,8724244293E-5	6,9206664562E-5
476	1,8763632454E-5	6,927217512E-5
477	1,8802826315E-5	6,9337631166E-5
478	1,8841877719E-5	6,9402986113E-5
479	1,8880798249E-5	6,9468218374E-5
480	1,8919591971E-5	6,9533320546E-5
481	1,8958260304E-5	6,9598290203E-5
482	1,8996803794E-5	6,9663126158E-5
483	1,9035222696E-5	6,9727827951E-5
484	1,9073516897E-5	6,9792395776E-5
485	1,9111686555E-5	6,9856829653E-5
486	1,9149731913E-5	6,9921129641E-5
487	1,9187653241E-5	6,9985295907E-5
488	1,9225450755E-5	7,0049328518E-5
489	1,9263124293E-5	7,0113227648E-5
490	1,9300674022E-5	7,0176993424E-5
491	1,9338100105E-5	7,0240626026E-5
492	1,9375402769E-5	7,0304125482E-5
493	1,9412568199E-5	7,0367477092E-5
494	1,9449612442E-5	7,0430698931E-5
495	1,9486542195E-5	7,049379904E-5
496	1,9523359429E-5	7,0556779798E-5
497	1,9560052325E-5	7,0619639104E-5
498	1,9596621502E-5	7,0682367136E-5
499	1,9633079884E-5	7,0744966941E-5
500	1,9669418872E-5	7,0807440749E-5
501	1,9705636451E-5	7,0869785746E-5
502	1,9741732228E-5	7,0932001539E-5
503	1,9777706418E-5	7,0994088104E-5
504	1,9813545549E-5	7,1056043999E-5
505	1,9849274104E-5	7,1117868806E-5
506	1,9884883857E-5	7,1179567796E-5
507	1,9920373273E-5	7,1241138656E-5
508	1,9955742136E-5	7,130258121E-5
509	1,9990990527E-5	7,1363895502E-5
510	2,002611856E-5	7,1425081643E-5
511	2,0061126413E-5	7,1486139785E-5
512	2,0096014273E-5	7,154707006E-5
513	2,0130782286E-5	7,1607872627E-5
514	2,0165430651E-5	7,1668547642E-5
515	2,019995952E-5	7,1729095248E-5
516	2,0234369081E-5	7,1789515603E-5
517	2,0268659518E-5	7,1849808853E-5
518	2,0302831007E-5	7,1909975175E-5
519	2,0336883722E-5	7,1970014753E-5
520	2,0370817794E-5	7,2029927687E-5
521	2,0404646485E-5	7,2089714166E-5
522	2,0438343857E-5	7,2149380602E-5
523	2,0471936297E-5	7,2208917374E-5
524	2,0505398048E-5	7,2268333588E-5
525	2,0538755215E-5	7,2327619598E-5
526	2,0571982136E-5	7,2386784971E-5
527	2,0605104784E-5	7,2445820182E-5
528	2,0638110432E-5	7,2504734901E-5
529	2,0670971841E-5	7,256351085E-5
530	2,0703726499E-5	7,2622152372E-5
531	2,0736364365E-5	7,2680672539E-5
532	2,0768886241E-5	7,2739069488E-5
533	2,0801292288E-5	7,2797343115E-5
534	2,0833582737E-5	7,2855493326E-5
535	2,0865752843E-5	7,2913514232E-5
536	2,0897806031E-5	7,2971409848E-5
537	2,0929743742E-5	7,3029181604E-5
538	2,0961566607E-5	7,3086830102E-5
539	2,0993252489E-5	7,3144355607E-5
540	2,1024844834E-5	7,3201755963E-5
541	2,1056328621E-5	7,3259036682E-5
542	2,1087695836E-5	7,3316194259E-5
543	2,1118952663E-5	7,3373230408E-5
544	2,11500929E-5	7,3430143727E-5
545	2,1181122957E-5	7,3486935921E-5
546	2,1212040588E-5	7,3543606461E-5
547	2,1242845457E-5	7,3600155371E-5
548	2,1273537598E-5	7,3656582783E-5
549	2,1304117144E-5	7,3712888812E-5
550	2,1334584256E-5	7,3769073628E-5
551	2,1364939105E-5	7,3825137397E-5
552	2,1395181864E-5	7,388108028E-5
553	2,1425312705E-5	7,393690244E-5
554	2,1455331817E-5	7,3992604009E-5
555	2,1485264605E-5	7,4048185173E-5
556	2,1515089437E-5	7,4103646945E-5
557	2,154480111E-5	7,4158987951E-5
558	2,1574404618E-5	7,4214209746E-5
559	2,1603895186E-5	7,4269311082E-5
560	2,1633277984E-5	7,4324293528E-5
561	2,1662548444E-5	7,4379155801E-5
562	2,1691711536E-5	7,4433899518E-5
563	2,1720762693E-5	7,448852342E-5
564	2,1749706801E-5	7,4543029069E-5
565	2,1778542297E-5	7,459741609E-5
566	2,1807268907E-5	7,4651684501E-5
567	2,1835886689E-5	7,4705834435E-5
568	2,1864420779E-5	7,4759866067E-5
569	2,1892846967E-5	7,4813779538E-5
570	2,1921165042E-5	7,4867574982E-5
571	2,1949334937E-5	7,4921251821E-5
572	2,1977433472E-5	7,4974809087E-5
573	2,2005426698E-5	7,5028250584E-5
574	2,2033312734E-5	7,5081574736E-5
575	2,2061091508E-5	7,5134781744E-5
576	2,2088724938E-5	7,5187872514E-5
577	2,2116243124E-5	7,524084254E-5
578	2,21436573E-5	7,5293696916E-5
579	2,2170960615E-5	7,5346434007E-5
580	2,219816105E-5	7,5399056602E-5
581	2,2225299949E-5	7,5451564764E-5
582	2,225229118E-5	7,5503961194E-5
583	2,2279173734E-5	7,555624085E-5
584	2,2305849548E-5	7,5608395673E-5
585	2,2332510841E-5	7,5660437469E-5
586	2,2358970404E-5	7,5712361124E-5
587	2,2385419466E-5	7,5764174515E-5
588	2,2411769914E-5	7,581588156E-5
589	2,2438016985E-5	7,5867477154E-5
590	2,2464053325E-5	7,5918948573E-5
591	2,2489974786E-5	7,5970297716E-5
592	2,2515787939E-5	7,6021530978E-5
593	2,2541494693E-5	7,6072650279E-5
594	2,2567100086E-5	7,6123657547E-5
595	2,2592492753E-5	7,6174538506E-5
596	2,2617870421E-5	7,622530803E-5
597	2,2643151726E-5	7,6275971899E-5
598	2,2668335359E-5	7,6326527155E-5
599	2,2693302893E-5	7,6376956364E-5
600	2,2718260423E-5	7,6427275555E-5
601	2,274301581E-5	7,6477477348E-5
602	2,2767506969E-5	7,652753423E-5
603	2,2791863065E-5	7,6577455781E-5
604	2,2815672472E-5	7,6627150288E-5
605	2,2839092058E-5	7,6676611526E-5
606	2,2862570267E-5	7,6725978264E-5
607	2,2885602691E-5	7,6775155101E-5
608	2,290827911E-5	7,6824127184E-5
609	2,2930788635E-5	7,6872947144E-5
610	2,2952862309E-5	7,6921515777E-5
611	2,297508147E-5	7,697004221E-5
612	2,2997219211E-5	7,7018482009E-5
613	2,3018826403E-5	7,7066651209E-5
614	2,3040221851E-5	7,7114645293E-5
615	2,3061792014E-5	7,716262188E-5
616	2,3083937843E-5	7,7210776117E-5
617	2,3105149075E-5	7,7258536948E-5
618	2,3126108225E-5	7,7306087907E-5
619	2,3146475467E-5	7,7353698359E-5
620	2,3166765563E-5	7,7401243537E-5
621	2,3186967409E-5	7,7448702787E-5
622	2,3207172659E-5	7,7495683579E-5
623	2,3227141069E-5	7,7542901697E-5
624	2,3247085011E-5	7,7590101053E-5
625	2,3266963854E-5	7,7637235929E-5
626	2,3286772693E-5	7,7684300531E-5
627	2,3306506603E-5	7,7731289552E-5
628	2,3326168183E-5	7,7778205529E-5
629	2,3345754305E-5	7,7825045317E-5
630	2,3365268068E-5	7,7871811962E-5
631	2,3384706526E-5	7,7918502611E-5
632	2,3404072819E-5	7,7965120068E-5
633	2,3423364031E-5	7,8011661754E-5
634	2,3442583281E-5	7,8058130429E-5
635	2,3461729695E-5	7,8104525849E-5
636	2,3480800991E-5	7,8150845443E-5
637	2,3499807551E-5	7,8197096684E-5
638	2,3518734293E-5	7,8243269657E-5
639	2,3537592546E-5	7,8289370332E-5
640	2,355637494E-5	7,8335396715E-5
641	2,3575088129E-5	7,8381350685E-5
642	2,3593725356E-5	7,8427230193E-5
643	2,3612293409E-5	7,8473037219E-5
644	2,3630785732E-5	7,8518769785E-5
645	2,3649209062E-5	7,8564429902E-5
646	2,3667561002E-5	7,8610016833E-5
647	2,3685841108E-5	7,8655530555E-5
648	2,370404932E-5	7,8700971041E-5
649	2,3722185662E-5	7,874633836E-5
650	2,3740250239E-5	7,8791632664E-5
651	2,3758243138E-5	7,8836853965E-5
652	2,3776164463E-5	7,8882002303E-5
653	2,3794019309E-5	7,8927077816E-5
654	2,381180061E-5	7,8972087442E-5
655	2,3829511563E-5	7,901701902E-5
656	2,384714993E-5	7,9061883858E-5
657	2,3864718482E-5	7,9106670752E-5
658	2,3882214791E-5	7,9151390738E-5
659	2,3899641522E-5	7,9196033E-5
660	2,3916996196E-5	7,9240599E-5
661	2,3934281501E-5	7,9285073582E-5
662	2,3951836533E-5	7,932761313E-5
663	2,3969738239E-5	7,9367723985E-5
664	2,3988189217E-5	7,9405734026E-5
665	2,4006640018E-5	7,9443122817E-5
666	2,4024996131E-5	7,9480266166E-5
667	2,4043245128E-5	7,9517261777E-5
668	2,4061385535E-5	7,955413819E-5
669	2,4079417458E-5	7,9590903523E-5
670	2,40973412E-5	7,9627560259E-5
671	2,411515706E-5	7,9664109701E-5
672	2,4132865272E-5	7,9700552035E-5
673	2,4150466843E-5	7,9736888263E-5
674	2,4167971815E-5	7,9773129154E-5
675	2,4185383345E-5	7,9809278403E-5
676	2,4202702212E-5	7,9845337462E-5
677	2,4219928794E-5	7,9881306558E-5
678	2,4237072879E-5	7,9917192513E-5
679	2,4255004445E-5	7,9951972498E-5
680	2,4273960282E-5	7,9985420278E-5
681	2,4292966201E-5	8,0018581905E-5
682	2,4311896071E-5	8,0051602241E-5
683	2,433074273E-5	8,008450942E-5
684	2,4349485364E-5	8,011731515E-5
685	2,4368122766E-5	8,0150018867E-5
686	2,4386684209E-5	8,0182620992E-5
687	2,4405110862E-5	8,0215133779E-5
688	2,4423461727E-5	8,0247536237E-5
689	2,4442588709E-5	8,0278938322E-5
690	2,4461774264E-5	8,0310073761E-5
691	2,4480905256E-5	8,0341078564E-5
692	2,4499954824E-5	8,0371984747E-5
693	2,4518915612E-5	8,0402801177E-5
694	2,4537785627E-5	8,043353058E-5
695	2,4556564424E-5	8,046417359E-5
696	2,4575256139E-5	8,0494731541E-5
697	2,4593853856E-5	8,0525203627E-5
698	2,461236491E-5	8,0555591918E-5
699	2,4630790788E-5	8,058590354E-5
700	2,4649154917E-5	8,0616141619E-5
701	2,4667425116E-5	8,0646310237E-5
702	2,4685631543E-5	8,0676402836E-5
703	2,4703743387E-5	8,0706425816E-5
704	2,4721790979E-5	8,0736372813E-5
705	2,473975931E-5	8,0766250297E-5
706	2,4757648568E-5	8,0796056071E-5
707	2,4775458921E-5	8,0825789817E-5
708	2,4793190381E-5	8,0855451399E-5
709	2,4813361482E-5	8,08849116E-5
710	2,4841858664E-5	8,0908331379E-5
711	2,4871674982E-5	8,0930754711E-5
712	2,4901678022E-5	8,0952998548E-5
713	2,4931662942E-5	8,0975141171E-5
714	2,4961579758E-5	8,0997191009E-5
715	2,4990744685E-5	8,1019050642E-5
716	2,5018584378E-5	8,104082537E-5
717	2,5045503127E-5	8,1062424955E-5
718	2,5070641023E-5	8,1083594048E-5
719	2,509531168E-5	8,1104513634E-5
720	2,5119802122E-5	8,1125301309E-5
721	2,514418037E-5	8,1146001541E-5
722	2,5168481617E-5	8,1166630445E-5
723	2,5192713303E-5	8,1187190959E-5
724	2,5216876172E-5	8,1207686697E-5
725	2,5240955083E-5	8,1228116149E-5
726	2,5264966215E-5	8,124848116E-5
727	2,5287509007E-5	8,1270245335E-5
728	2,5309854082E-5	8,1292100833E-5
729	2,5332119461E-5	8,1313921582E-5
730	2,5354316893E-5	8,1335695183E-5
731	2,5375715157E-5	8,1358216615E-5
732	2,5396864068E-5	8,138085614E-5
733	2,541790694E-5	8,1403482365E-5
734	2,5438857088E-5	8,1426067051E-5
735	2,545975619E-5	8,1448600382E-5
736	2,5480571976E-5	8,1471085957E-5
737	2,5501339265E-5	8,1493517971E-5
738	2,5522041254E-5	8,1515901518E-5
739	2,5542661146E-5	8,1538234564E-5
740	2,5563233107E-5	8,1560513597E-5
741	2,5583755978E-5	8,1582743941E-5
742	2,5604198226E-5	8,1604924568E-5
743	2,5624591444E-5	8,1627054208E-5
744	2,564491986E-5	8,1649133853E-5
745	2,5665183614E-5	8,1671163116E-5
746	2,568538286E-5	8,1693141964E-5
747	2,5705517748E-5	8,1715070348E-5
748	2,5725588332E-5	8,1736948577E-5
749	2,5745594691E-5	8,1758776833E-5
750	2,5765536842E-5	8,1780554989E-5
751	2,5785414916E-5	8,1802283302E-5
752	2,580522905E-5	8,1823961849E-5
753	2,5824984045E-5	8,1845590968E-5
754	2,5844671726E-5	8,186716972E-5
755	2,5864299738E-5	8,188869923E-5
756	2,588386045E-5	8,1910178505E-5
757	2,5903361455E-5	8,1931608499E-5
758	2,5922795242E-5	8,1952988386E-5
759	2,5942169487E-5	8,1974319215E-5
760	2,596148155E-5	8,1995600714E-5
761	2,5980726267E-5	8,2016832392E-5
762	2,599991163E-5	8,2038015321E-5
763	2,6019035159E-5	8,2059149286E-5
764	2,6038096427E-5	8,2080234304E-5
765	2,6057095379E-5	8,2101270488E-5
766	2,6076032056E-5	8,2122257865E-5
767	2,6094906528E-5	8,2143196533E-5
768	2,6113718908E-5	8,2164086629E-5
769	2,6132469292E-5	8,2184928209E-5
770	2,6151157831E-5	8,2205721311E-5
771	2,6169784652E-5	8,2226466059E-5
772	2,6188349723E-5	8,2247162553E-5
773	2,6206853029E-5	8,226781098E-5
774	2,6225319736E-5	8,2288411284E-5
775	2,6243725666E-5	8,2308963543E-5
776	2,6262070553E-5	8,2329467846E-5
777	2,6280358798E-5	8,2349924755E-5
778	2,6298581651E-5	8,2370333654E-5
779	2,6319203684E-5	8,2388214367E-5
780	2,6339987925E-5	8,2405813782E-5
781	2,6360753698E-5	8,2423329483E-5
782	2,6381477663E-5	8,2440794019E-5
783	2,6402154992E-5	8,2458214312E-5
784	2,6422784369E-5	8,2475592872E-5
785	2,6443365383E-5	8,2492930837E-5
786	2,6463898311E-5	8,2510229278E-5
787	2,6484388334E-5	8,2527488901E-5
788	2,6504826822E-5	8,2544709019E-5
789	2,6525258257E-5	8,2561891041E-5
790	2,6545638017E-5	8,2579035512E-5
791	2,6565974206E-5	8,2596142408E-5
792	2,6586258845E-5	8,2613210971E-5
793	2,6606500057E-5	8,2630242126E-5
794	2,6626689963E-5	8,2647235088E-5
795	2,6646836623E-5	8,2664191043E-5
796	2,666693718E-5	8,2681109789E-5
797	2,6686986181E-5	8,2697990859E-5
798	2,6706996791E-5	8,2714835812E-5
799	2,67254106E-5	8,2733228068E-5
800	2,6743575569E-5	8,2751792542E-5
801	2,676164968E-5	8,2770364063E-5
802	2,6779664416E-5	8,2788912244E-5
803	2,6797627275E-5	8,2807429995E-5
804	2,6815506288E-5	8,2825915241E-5
805	2,6833369831E-5	8,2844364514E-5
806	2,6851184223E-5	8,2862782201E-5
807	2,6868949625E-5	8,2881166157E-5
808	2,688666616E-5	8,289951614E-5
809	2,6904333919E-5	8,2917832004E-5
810	2,6921953014E-5	8,2936113655E-5
811	2,6939523552E-5	8,295436111E-5
812	2,6957045639E-5	8,2972574327E-5
813	2,6974519377E-5	8,2990753285E-5
814	2,6991944899E-5	8,3008898119E-5
815	2,7009322265E-5	8,3027008761E-5
816	2,7026651615E-5	8,3045085227E-5
817	2,7043932985E-5	8,3063127584E-5
818	2,7061166426E-5	8,3081135863E-5
819	2,7078352535E-5	8,3099110609E-5
820	2,7095496858E-5	8,3117057079E-5
821	2,7112600147E-5	8,3134976048E-5
822	2,7129662574E-5	8,3152867718E-5
823	2,7146684207E-5	8,3170732114E-5
824	2,7163665142E-5	8,3188569212E-5
825	2,7180605501E-5	8,3206379069E-5
826	2,7197510619E-5	8,3224162352E-5
827	2,7214371379E-5	8,3241918077E-5
828	2,723119605E-5	8,3259647327E-5
829	2,7247976125E-5	8,327734925E-5
830	2,7264720006E-5	8,329502481E-5
831	2,7281437235E-5	8,3312672901E-5
832	2,7298100586E-5	8,3330295882E-5
833	2,7314737452E-5	8,3347890724E-5
834	2,7331338312E-5	8,3365460338E-5
835	2,7347894987E-5	8,338300315E-5
836	2,7364415779E-5	8,3400519951E-5
837	2,738090335E-5	8,3418015797E-5
838	2,7397359237E-5	8,3435492786E-5
839	2,7413783732E-5	8,3452951807E-5
840	2,7430176876E-5	8,3470392564E-5
841	2,7446538704E-5	8,3487815054E-5
842	2,7462869252E-5	8,3505219285E-5
843	2,7479168569E-5	8,3522605295E-5
844	2,7495436731E-5	8,3539973131E-5
845	2,7511673791E-5	8,3557322818E-5
846	2,7527879819E-5	8,3574654457E-5
847	2,7544054779E-5	8,3591967912E-5
848	2,7560198734E-5	8,3609263197E-5
849	2,7576311738E-5	8,362654022E-5
850	2,759239386E-5	8,3643799105E-5
851	2,7608445139E-5	8,3661040086E-5
852	2,7624465612E-5	8,3678262992E-5
853	2,7640455284E-5	8,369546791E-5
854	2,7656414217E-5	8,3712654866E-5
855	2,7672342419E-5	8,3729823785E-5
856	2,7688239912E-5	8,3746974713E-5
857	2,7704106708E-5	8,3764107619E-5
858	2,771994285E-5	8,3781222529E-5
859	2,7735748393E-5	8,3798319481E-5
860	2,775156445E-5	8,3815398504E-5
861	2,7767308794E-5	8,3832462787E-5
862	2,7783063674E-5	8,3849506664E-5
863	2,7798787929E-5	8,3866535522E-5
864	2,7814481616E-5	8,3883547222E-5
865	2,7830144765E-5	8,3900541385E-5
866	2,7845777433E-5	8,3917518003E-5
867	2,7861379644E-5	8,3934476947E-5
868	2,7876951446E-5	8,3951418256E-5
869	2,7892492891E-5	8,3968341875E-5
870	2,790801654E-5	8,3985247856E-5
871	2,7923497437E-5	8,4002136876E-5
872	2,7938960558E-5	8,4019008032E-5
873	2,7954380922E-5	8,4035862192E-5
874	2,7969783486E-5	8,4052698445E-5
875	2,7985155844E-5	8,4069517555E-5
876	2,8000485654E-5	8,4086319504E-5
877	2,8015797771E-5	8,4103103377E-5
878	2,8031079852E-5	8,4119870124E-5
879	2,8046334398E-5	8,4136622163E-5
880	2,8062455444E-5	8,4152534554E-5
881	2,8078582145E-5	8,4168432201E-5
882	2,8094687196E-5	8,4184319366E-5
883	2,8110770206E-5	8,4200196345E-5
884	2,8126831088E-5	8,4216063369E-5
885	2,8142869824E-5	8,4231920664E-5
886	2,8158886452E-5	8,4247768422E-5
887	2,8174880972E-5	8,4263606774E-5
888	2,8190853361E-5	8,4279435788E-5
889	2,8206803618E-5	8,4295255581E-5
890	2,8222731684E-5	8,4311066341E-5
891	2,8238640045E-5	8,4326870398E-5
892	2,8255309437E-5	8,4341903595E-5
893	2,827215486E-5	8,4356796782E-5
894	2,828902208E-5	8,4371663981E-5
895	2,8305888244E-5	8,4386527975E-5
896	2,8322747679E-5	8,4401393784E-5
897	2,8339598965E-5	8,4416262839E-5
898	2,8356441747E-5	8,4431135647E-5
899	2,837327592E-5	8,4446012504E-5
900	2,8390101447E-5	8,4460893562E-5
901	2,8406922569E-5	8,4475782979E-5
902	2,842374028E-5	8,4490681716E-5
903	2,8440554765E-5	8,4505590019E-5
904	2,8457366059E-5	8,4520507955E-5
905	2,8474174179E-5	8,4535435548E-5
906	2,8490979129E-5	8,4550372804E-5
907	2,8507740871E-5	8,4565319722E-5
908	2,8524564506E-5	8,4580275092E-5
909	2,8541345618E-5	8,4595241055E-5
910	2,8558123779E-5	8,4610215751E-5
911	2,8574898745E-5	8,4625202443E-5
912	2,859167043E-5	8,4640198665E-5
913	2,8608438829E-5	8,465520433E-5
914	2,8625204012E-5	8,4670218737E-5
915	2,8644312358E-5	8,468555677E-5
916	2,8662793011E-5	8,4697272634E-5
917	2,8679765965E-5	8,4707860297E-5
918	2,8696441265E-5	8,471804617E-5
919	2,8713058316E-5	8,4728124339E-5
920	2,8729612298E-5	8,4738155254E-5
921	2,8746117499E-5	8,4748151764E-5
922	2,8762610026E-5	8,4758122124E-5
923	2,8779146149E-5	8,4768093933E-5
924	2,8795704477E-5	8,4778054186E-5
925	2,8812352878E-5	8,4787994166E-5
926	2,8828976239E-5	8,4797907791E-5
927	2,884558609E-5	8,4807793925E-5
928	2,8862159587E-5	8,4817652012E-5
929	2,8878686563E-5	8,4827481202E-5
930	2,8895176304E-5	8,4837281902E-5
931	2,8911619437E-5	8,4847053865E-5
932	2,8928025413E-5	8,4856797697E-5
933	2,8944384959E-5	8,4866512611E-5
934	2,8960707525E-5	8,4876199137E-5
935	2,8976983942E-5	8,4885856787E-5
936	2,8993223558E-5	8,4895486065E-5
937	2,9009417284E-5	8,4905086616E-5
938	2,9025574411E-5	8,4914659094E-5
939	2,9041691743E-5	8,492420365E-5
940	2,9057768525E-5	8,4933720055E-5
941	2,9073804587E-5	8,4943208349E-5
942	2,9089799942E-5	8,4952668595E-5
943	2,9105754675E-5	8,4962101255E-5
944	2,9121668878E-5	8,4971506904E-5
945	2,9137542652E-5	8,4980885621E-5
946	2,9153376103E-5	8,4990237484E-5
947	2,9169169348E-5	8,4999562633E-5
948	2,9184922508E-5	8,5008861222E-5
949	2,9200593498E-5	8,5018108381E-5
950	2,9216010893E-5	8,5027303648E-5
951	2,9231378592E-5	8,5036461211E-5
952	2,9246702408E-5	8,504558889E-5
953	2,9262034084E-5	8,5054701847E-5
954	2,9277272684E-5	8,5063772481E-5
955	2,9292601463E-5	8,507285487E-5
956	2,9307951568E-5	8,508192792E-5
957	2,9323342157E-5	8,5090987278E-5
958	2,9338397747E-5	8,5099880739E-5
959	2,9353716168E-5	8,5108902429E-5
960	2,936877859E-5	8,5117853891E-5
961	2,9383760325E-5	8,5126753548E-5
962	2,9398692548E-5	8,5135620913E-5
963	2,94135983E-5	8,5144463077E-5
964	2,9428496693E-5	8,5153267547E-5
965	2,9443479481E-5	8,5162099356E-5
966	2,9458499407E-5	8,5170922517E-5
967	2,9473550613E-5	8,5179724862E-5
968	2,9488551821E-5	8,5188504841E-5
969	2,9503534012E-5	8,5197260588E-5
970	2,9518468035E-5	8,520599238E-5
971	2,9533376727E-5	8,5214699277E-5
972	2,954817928E-5	8,5223352942E-5
973	2,9563008076E-5	8,5232005679E-5
974	2,9577802204E-5	8,5240638791E-5
975	2,9592566465E-5	8,5249249934E-5
976	2,9607291191E-5	8,5257839363E-5
977	2,9621987106E-5	8,526640813E-5
978	2,9636643966E-5	8,5274955837E-5
979	2,965127842E-5	8,5283482466E-5
980	2,9665869463E-5	8,5291987268E-5
981	2,9680437193E-5	8,5300471283E-5
982	2,9694981742E-5	8,5308933443E-5
983	2,9709482522E-5	8,5317375388E-5
984	2,9723960279E-5	8,5325795561E-5
985	2,9738394409E-5	8,5334195369E-5
986	2,9752805752E-5	8,5342573555E-5
987	2,976720069E-5	8,5350931738E-5
988	2,978154746E-5	8,5359268423E-5
989	2,9795876929E-5	8,5367584918E-5
990	2,9810158084E-5	8,5375880012E-5
991	2,9824421862E-5	8,5384154902E-5
992	2,9838637556E-5	8,539240833E-5
993	2,9852835894E-5	8,5400641612E-5
994	2,9867038075E-5	8,5408853681E-5
995	2,9881171257E-5	8,5417046964E-5
996	2,9895308485E-5	8,5425218195E-5
997	2,9909428467E-5	8,5433370537E-5
998	2,9923501025E-5	8,5441501936E-5
999	2,9937558757E-5	8,5449613577E-5
1000	2,9951567694E-5	8,5457704162E-5
