0 8 6 iAF1260.cmd 1E-8
0 8 6 iJN1463.cmd 1E-8
0 4 8 iAF1260.cmd 1E-8
0 4 8 iJN1463.cmd 1E-8
0 12 8 iAF1260.cmd 1E-8
0 12 8 iJN1463.cmd 1E-8
0 13 10 iAF1260.cmd 1E-8
0 13 10 iJN1463.cmd 1E-8
0 11 7 iAF1260.cmd 1E-8
0 11 7 iJN1463.cmd 1E-8
0 10 9 iAF1260.cmd 1E-8
0 10 9 iJN1463.cmd 1E-8
0 5 10 iAF1260.cmd 1E-8
0 5 10 iJN1463.cmd 1E-8
0 12 10 iAF1260.cmd 1E-8
0 12 10 iJN1463.cmd 1E-8
0 1 7 iAF1260.cmd 1E-8
0 1 7 iJN1463.cmd 1E-8
0 9 4 iAF1260.cmd 1E-8
0 9 4 iJN1463.cmd 1E-8
0 8 9 iAF1260.cmd 1E-8
0 8 9 iJN1463.cmd 1E-8
0 8 13 iAF1260.cmd 1E-8
0 8 13 iJN1463.cmd 1E-8
0 7 7 iAF1260.cmd 1E-8
0 7 7 iJN1463.cmd 1E-8
0 1 2 iAF1260.cmd 1E-8
0 1 2 iJN1463.cmd 1E-8
0 12 12 iAF1260.cmd 1E-8
0 12 12 iJN1463.cmd 1E-8
500 8 6 iAF1260.cmd 2,0253806871E-7
500 8 6 iJN1463.cmd 4,5612330231E-7
500 4 8 iAF1260.cmd 5,4095642354E-7
500 4 8 iJN1463.cmd 6,6490875009E-7
500 12 8 iAF1260.cmd 1,4691756942E-7
500 12 8 iJN1463.cmd 4,1042916072E-7
500 13 10 iAF1260.cmd 1,553304945E-7
500 13 10 iJN1463.cmd 4,0520459056E-7
500 11 7 iAF1260.cmd 1,5588432821E-7
500 11 7 iJN1463.cmd 4,2638761715E-7
500 10 9 iAF1260.cmd 2,0168391746E-7
500 10 9 iJN1463.cmd 4,9969622273E-7
500 5 10 iAF1260.cmd 4,0686084875E-7
500 5 10 iJN1463.cmd 5,4111564161E-7
500 12 10 iAF1260.cmd 1,7458022441E-7
500 12 10 iJN1463.cmd 4,472734762E-7
500 1 7 iAF1260.cmd 7,2329091907E-7
500 1 7 iJN1463.cmd 8,2672725725E-7
500 9 4 iAF1260.cmd 1,4584585803E-7
500 9 4 iJN1463.cmd 3,6226470849E-7
500 8 9 iAF1260.cmd 2,5852249757E-7
500 8 9 iJN1463.cmd 4,6150085899E-7
500 8 13 iAF1260.cmd 2,4810041596E-7
500 8 13 iJN1463.cmd 3,4496672205E-7
500 7 7 iAF1260.cmd 2,932534478E-7
500 7 7 iJN1463.cmd 5,0524142284E-7
500 1 2 iAF1260.cmd 6,0550956261E-7
500 1 2 iJN1463.cmd 6,8050216719E-7
500 12 12 iAF1260.cmd 1,2579681395E-7
500 12 12 iJN1463.cmd 2,7150486512E-7
500 0 2 iAF1260.cmd 3,2866299484E-7
500 0 2 iJN1463.cmd 4,3173478321E-7
500 0 7 iAF1260.cmd 3,312661494E-7
500 0 7 iJN1463.cmd 4,4189833678E-7
500 1 1 iAF1260.cmd 5,7010567673E-7
500 1 1 iJN1463.cmd 6,2829729496E-7
500 1 3 iAF1260.cmd 6,3091306002E-7
500 1 3 iJN1463.cmd 6,9583481227E-7
500 1 6 iAF1260.cmd 6,9282612151E-7
500 1 6 iJN1463.cmd 7,6811709287E-7
500 2 2 iAF1260.cmd 6,0124731558E-7
500 2 2 iJN1463.cmd 6,66014379E-7
500 2 7 iAF1260.cmd 7,6085966594E-7
500 2 7 iJN1463.cmd 8,5077609852E-7
500 3 8 iAF1260.cmd 6,5639787503E-7
500 3 8 iJN1463.cmd 7,5757871456E-7
500 4 7 iAF1260.cmd 5,1011698542E-7
500 4 7 iJN1463.cmd 6,0649764065E-7
500 4 9 iAF1260.cmd 5,2193974478E-7
500 4 9 iJN1463.cmd 6,4806827963E-7
500 4 10 iAF1260.cmd 4,5970169631E-7
500 4 10 iJN1463.cmd 5,7392532675E-7
500 5 8 iAF1260.cmd 4,3414686826E-7
500 5 8 iJN1463.cmd 5,7153536883E-7
500 5 9 iAF1260.cmd 4,3194852947E-7
500 5 9 iJN1463.cmd 5,755789544E-7
500 5 11 iAF1260.cmd 3,7795724737E-7
500 5 11 iJN1463.cmd 4,9058374062E-7
500 6 7 iAF1260.cmd 3,3260280902E-7
500 6 7 iJN1463.cmd 4,7218478181E-7
500 6 10 iAF1260.cmd 3,4898336171E-7
500 6 10 iJN1463.cmd 4,8397301942E-7
500 7 8 iAF1260.cmd 2,9464979677E-7
500 7 8 iJN1463.cmd 4,9063105222E-7
500 7 9 iAF1260.cmd 2,9498143693E-7
500 7 9 iJN1463.cmd 4,7468334417E-7
500 7 13 iAF1260.cmd 3,068478515E-7
500 7 13 iJN1463.cmd 3,8644554479E-7
500 8 4 iAF1260.cmd 1,470075908E-7
500 8 4 iJN1463.cmd 3,6782063264E-7
500 8 5 iAF1260.cmd 1,7256251736E-7
500 8 5 iJN1463.cmd 4,1875981372E-7
500 8 7 iAF1260.cmd 2,3704779909E-7
500 8 7 iJN1463.cmd 4,6845537857E-7
500 8 8 iAF1260.cmd 2,4205450408E-7
500 8 8 iJN1463.cmd 4,530006367E-7
500 8 10 iAF1260.cmd 2,3559090488E-7
500 8 10 iJN1463.cmd 4,0467387906E-7
500 8 12 iAF1260.cmd 2,5257949055E-7
500 8 12 iJN1463.cmd 3,6405339093E-7
500 8 14 iAF1260.cmd 1,4594141299E-7
500 8 14 iJN1463.cmd 2,3348821037E-7
500 9 3 iAF1260.cmd 1,0307780156E-7
500 9 3 iJN1463.cmd 2,305133852E-7
500 9 5 iAF1260.cmd 1,4897434535E-7
500 9 5 iJN1463.cmd 3,6002000104E-7
500 9 6 iAF1260.cmd 1,6703448891E-7
500 9 6 iJN1463.cmd 3,8080756491E-7
500 9 13 iAF1260.cmd 1,822745808E-7
500 9 13 iJN1463.cmd 2,6348818788E-7
500 10 7 iAF1260.cmd 1,5520947268E-7
500 10 7 iJN1463.cmd 3,7319804773E-7
500 10 10 iAF1260.cmd 1,7676202102E-7
500 10 10 iJN1463.cmd 3,8046456092E-7
500 11 8 iAF1260.cmd 1,73559946E-7
500 11 8 iJN1463.cmd 4,8085916916E-7
500 11 9 iAF1260.cmd 1,8922384174E-7
500 11 9 iJN1463.cmd 4,9391588698E-7
500 11 10 iAF1260.cmd 1,7554985517E-7
500 11 10 iJN1463.cmd 4,193348986E-7
500 11 12 iAF1260.cmd 1,3296032764E-7
500 11 12 iJN1463.cmd 2,5419305453E-7
500 12 7 iAF1260.cmd 1,1358396943E-7
500 12 7 iJN1463.cmd 3,1720804754E-7
500 12 9 iAF1260.cmd 1,8026620926E-7
500 12 9 iJN1463.cmd 4,8621385247E-7
500 12 11 iAF1260.cmd 1,5321120826E-7
500 12 11 iJN1463.cmd 3,620067456E-7
500 12 13 iAF1260.cmd 9,1498383385E-8
500 12 13 iJN1463.cmd 1,8026342276E-7
500 13 8 iAF1260.cmd 9,6871728908E-8
500 13 8 iJN1463.cmd 2,6590249759E-7
500 13 11 iAF1260.cmd 1,3662964341E-7
500 13 11 iJN1463.cmd 3,3383949675E-7
500 13 12 iAF1260.cmd 1,0839381382E-7
500 13 12 iJN1463.cmd 2,4108060819E-7
500 14 10 iAF1260.cmd 1,1700042884E-7
500 14 10 iJN1463.cmd 2,9831379725E-7
500 9 7 iAF1260.cmd 1,8461019421E-7
500 9 7 iJN1463.cmd 3,91377029E-7
500 11 11 iAF1260.cmd 1,5300777395E-7
500 11 11 iJN1463.cmd 3,2614178776E-7
500 6 8 iAF1260.cmd 3,5116868891E-7
500 6 8 iJN1463.cmd 5,0759753545E-7
500 3 7 iAF1260.cmd 6,5034558067E-7
500 3 7 iJN1463.cmd 7,3771033359E-7
500 5 7 iAF1260.cmd 4,0121588527E-7
500 5 7 iJN1463.cmd 5,094325498E-7
500 6 9 iAF1260.cmd 3,5315087484E-7
500 6 9 iJN1463.cmd 5,0595229845E-7
500 7 10 iAF1260.cmd 2,8530059363E-7
500 7 10 iJN1463.cmd 4,4221961901E-7
500 13 7 iAF1260.cmd 7,4711022132E-8
500 13 7 iJN1463.cmd 2,0272218574E-7
500 0 3 iAF1260.cmd 3,3072380007E-7
500 0 3 iJN1463.cmd 4,2363428724E-7
500 0 6 iAF1260.cmd 3,4840942492E-7
500 0 6 iJN1463.cmd 4,4712592998E-7
500 2 6 iAF1260.cmd 7,4043862009E-7
500 2 6 iJN1463.cmd 8,0514731005E-7
500 3 9 iAF1260.cmd 6,2500317931E-7
500 3 9 iJN1463.cmd 7,2383082851E-7
500 4 11 iAF1260.cmd 3,6791711633E-7
500 4 11 iJN1463.cmd 4,5941227456E-7
500 9 10 iAF1260.cmd 1,7962086209E-7
500 9 10 iJN1463.cmd 3,2674516904E-7
500 14 11 iAF1260.cmd 1,1104612872E-7
500 14 11 iJN1463.cmd 2,6691580261E-7
500 0 1 iAF1260.cmd 3,0040885612E-7
500 0 1 iJN1463.cmd 3,8603224481E-7
500 2 1 iAF1260.cmd 6,2229100518E-7
500 2 1 iJN1463.cmd 6,7455443656E-7
500 2 8 iAF1260.cmd 7,5238998489E-7
500 2 8 iJN1463.cmd 8,4209978807E-7
500 6 11 iAF1260.cmd 3,6449169313E-7
500 6 11 iJN1463.cmd 4,6296266203E-7
500 9 12 iAF1260.cmd 1,9072451058E-7
500 9 12 iJN1463.cmd 2,8393480055E-7
500 10 6 iAF1260.cmd 1,3306946854E-7
500 10 6 iJN1463.cmd 3,0943206146E-7
500 12 6 iAF1260.cmd 6,1130940434E-8
500 12 6 iJN1463.cmd 1,6395047278E-7
500 13 13 iAF1260.cmd 7,446838051E-8
500 13 13 iJN1463.cmd 1,517197214E-7
500 11 13 iAF1260.cmd 1,0604903039E-7
500 11 13 iJN1463.cmd 1,8375266516E-7
500 7 14 iAF1260.cmd 1,6710622729E-7
500 7 14 iJN1463.cmd 2,4266198078E-7
500 9 14 iAF1260.cmd 1,0974542069E-7
500 9 14 iJN1463.cmd 1,8161134354E-7
500 9 8 iAF1260.cmd 1,9209177338E-7
500 9 8 iJN1463.cmd 3,7415555973E-7
500 0 8 iAF1260.cmd 1,5997164585E-7
500 0 8 iJN1463.cmd 2,3591623294E-7
500 1 4 iAF1260.cmd 6,4258416202E-7
500 1 4 iJN1463.cmd 6,8750797567E-7
500 1 5 iAF1260.cmd 6,5944639984E-7
500 1 5 iJN1463.cmd 7,078959091E-7
500 3 2 iAF1260.cmd 3,9069724223E-7
500 3 2 iJN1463.cmd 4,296079197E-7
500 3 10 iAF1260.cmd 5,3876180604E-7
500 3 10 iJN1463.cmd 6,3199442065E-7
500 7 4 iAF1260.cmd 1,1344228863E-7
500 7 4 iJN1463.cmd 2,7735508744E-7
500 9 2 iAF1260.cmd 6,4239909816E-8
500 9 2 iJN1463.cmd 1,1730452681E-7
500 10 3 iAF1260.cmd 6,2839307198E-8
500 10 3 iJN1463.cmd 1,263473293E-7
500 10 5 iAF1260.cmd 1,0100797952E-7
500 10 5 iJN1463.cmd 2,3558063341E-7
500 10 11 iAF1260.cmd 1,5266188517E-7
500 10 11 iJN1463.cmd 2,8651035402E-7
500 1 0 iAF1260.cmd 5,1533167813E-7
500 1 0 iJN1463.cmd 5,5288489504E-7
500 4 6 iAF1260.cmd 4,2818234962E-7
500 4 6 iJN1463.cmd 4,8571019811E-7
500 6 6 iAF1260.cmd 2,903698391E-7
500 6 6 iJN1463.cmd 3,6210415224E-7
500 6 13 iAF1260.cmd 3,4423383955E-7
500 6 13 iJN1463.cmd 4,0000794817E-7
500 10 12 iAF1260.cmd 1,5051267866E-7
500 10 12 iJN1463.cmd 2,4580965706E-7
500 10 13 iAF1260.cmd 1,3253752619E-7
500 10 13 iJN1463.cmd 2,0203510867E-7
500 14 8 iAF1260.cmd 6,9270026434E-8
500 14 8 iJN1463.cmd 1,7825695683E-7
500 14 9 iAF1260.cmd 8,157348818E-8
500 14 9 iJN1463.cmd 2,048108475E-7
500 14 12 iAF1260.cmd 8,7415145117E-8
500 14 12 iJN1463.cmd 1,9223738528E-7
500 12 14 iAF1260.cmd 5,1795831459E-8
500 12 14 iJN1463.cmd 1,0899251934E-7
500 3 6 iAF1260.cmd 6,150716894E-7
500 3 6 iJN1463.cmd 6,7716483312E-7
500 5 6 iAF1260.cmd 3,3228217308E-7
500 5 6 iJN1463.cmd 3,9338747683E-7
500 9 11 iAF1260.cmd 1,6314224383E-7
500 9 11 iJN1463.cmd 2,6821638644E-7
500 2 9 iAF1260.cmd 7,372358003E-7
500 2 9 iJN1463.cmd 8,264637666E-7
500 13 6 iAF1260.cmd 4,3158997072E-8
500 13 6 iJN1463.cmd 1,1185021314E-7
500 2 0 iAF1260.cmd 5,3023902741E-7
500 2 0 iJN1463.cmd 5,6182287413E-7
500 14 7 iAF1260.cmd 5,072122402E-8
500 14 7 iJN1463.cmd 1,2912983643E-7
500 2 5 iAF1260.cmd 7,5026175726E-7
500 2 5 iJN1463.cmd 7,9228266659E-7
500 6 12 iAF1260.cmd 3,7351113405E-7
500 6 12 iJN1463.cmd 4,3588286268E-7
500 0 4 iAF1260.cmd 3,1762315872E-7
500 0 4 iJN1463.cmd 3,9243406888E-7
500 0 5 iAF1260.cmd 3,2461204228E-7
500 0 5 iJN1463.cmd 4,0123349673E-7
500 14 13 iAF1260.cmd 5,9877925813E-8
500 14 13 iJN1463.cmd 1,1868410216E-7
500 0 0 iAF1260.cmd 2,6591084282E-7
500 0 0 iJN1463.cmd 3,306801251E-7
500 4 12 iAF1260.cmd 2,9715407609E-7
500 4 12 iJN1463.cmd 3,5250294321E-7
500 10 2 iAF1260.cmd 4,4678114181E-8
500 10 2 iJN1463.cmd 7,9948380419E-8
500 11 14 iAF1260.cmd 6,0932718842E-8
500 11 14 iJN1463.cmd 1,1467319018E-7
500 13 14 iAF1260.cmd 4,1105278597E-8
500 13 14 iJN1463.cmd 8,8661666905E-8
500 6 14 iAF1260.cmd 1,6671051127E-7
500 6 14 iJN1463.cmd 2,188331607E-7
500 12 5 iAF1260.cmd 3,1727180623E-8
500 12 5 iJN1463.cmd 7,5863084572E-8
500 10 14 iAF1260.cmd 7,8112870125E-8
500 10 14 iJN1463.cmd 1,3305187441E-7
500 2 4 iAF1260.cmd 7,3998928494E-7
500 2 4 iJN1463.cmd 7,7467117703E-7
500 11 5 iAF1260.cmd 4,4172605182E-8
500 11 5 iJN1463.cmd 9,8156474527E-8
500 3 3 iAF1260.cmd 2,9439395449E-7
500 3 3 iJN1463.cmd 3,2004099249E-7
500 4 2 iAF1260.cmd 2,2663317717E-7
500 4 2 iJN1463.cmd 2,5007441071E-7
500 6 5 iAF1260.cmd 2,4101669199E-7
500 6 5 iJN1463.cmd 2,7931267842E-7
500 8 2 iAF1260.cmd 5,8386685646E-8
500 8 2 iJN1463.cmd 8,4458966699E-8
500 9 1 iAF1260.cmd 4,2505903696E-8
500 9 1 iJN1463.cmd 6,5297000292E-8
500 11 3 iAF1260.cmd 2,9364263598E-8
500 11 3 iJN1463.cmd 5,5255002344E-8
500 4 5 iAF1260.cmd 2,7578144497E-7
500 4 5 iJN1463.cmd 3,0680026808E-7
500 5 13 iAF1260.cmd 3,6759721598E-7
500 5 13 iJN1463.cmd 4,1102185808E-7
500 14 6 iAF1260.cmd 2,9263055284E-8
500 14 6 iJN1463.cmd 7,160491991E-8
500 5 5 iAF1260.cmd 2,4416190657E-7
500 5 5 iJN1463.cmd 2,7676199066E-7
500 13 5 iAF1260.cmd 2,0943768472E-8
500 13 5 iJN1463.cmd 5,0531414391E-8
500 1 9 iAF1260.cmd 6,718355093E-7
500 1 9 iJN1463.cmd 7,7615325576E-7
500 3 0 iAF1260.cmd 3,6413798345E-7
500 3 0 iJN1463.cmd 3,8627888116E-7
500 14 14 iAF1260.cmd 3,2284811838E-8
500 14 14 iJN1463.cmd 6,7270218596E-8
500 10 1 iAF1260.cmd 2,9865930428E-8
500 10 1 iJN1463.cmd 4,6809223381E-8
500 11 2 iAF1260.cmd 2,350645168E-8
500 11 2 iJN1463.cmd 4,0641006771E-8
500 4 3 iAF1260.cmd 2,0993447548E-7
500 4 3 iJN1463.cmd 2,3065540663E-7
500 11 4 iAF1260.cmd 2,4017108099E-8
500 11 4 iJN1463.cmd 4,8226441795E-8
500 8 1 iAF1260.cmd 4,7065809925E-8
500 8 1 iJN1463.cmd 6,4724937129E-8
500 5 14 iAF1260.cmd 1,4448439402E-7
500 5 14 iJN1463.cmd 1,7737952578E-7
500 12 4 iAF1260.cmd 1,6437970034E-8
500 12 4 iJN1463.cmd 3,5253390052E-8
500 0 9 iAF1260.cmd 2,3350578227E-7
500 0 9 iJN1463.cmd 3,1494227506E-7
500 4 1 iAF1260.cmd 1,7650028978E-7
500 4 1 iJN1463.cmd 1,9706974789E-7
500 5 2 iAF1260.cmd 1,3922452911E-7
500 5 2 iJN1463.cmd 1,5864097335E-7
500 4 4 iAF1260.cmd 2,0453713237E-7
500 4 4 iJN1463.cmd 2,2620530696E-7
500 7 2 iAF1260.cmd 6,3332735221E-8
500 7 2 iJN1463.cmd 8,151188608E-8
500 12 3 iAF1260.cmd 1,4894181759E-8
500 12 3 iJN1463.cmd 2,8484607244E-8
500 9 0 iAF1260.cmd 3,1203202698E-8
500 9 0 iJN1463.cmd 4,4338924828E-8
500 14 5 iAF1260.cmd 1,3422554807E-8
500 14 5 iJN1463.cmd 3,2230031884E-8
500 5 4 iAF1260.cmd 1,8048967955E-7
500 5 4 iJN1463.cmd 2,0242882413E-7
500 1 10 iAF1260.cmd 6,4089384592E-7
500 1 10 iJN1463.cmd 7,8977900971E-7
500 4 0 iAF1260.cmd 2,0844779469E-7
500 4 0 iJN1463.cmd 2,2959482265E-7
500 11 1 iAF1260.cmd 1,8266331938E-8
500 11 1 iJN1463.cmd 2,8837143299E-8
500 13 4 iAF1260.cmd 9,9747021826E-9
500 13 4 iJN1463.cmd 2,3487783898E-8
500 5 3 iAF1260.cmd 1,4663147427E-7
500 5 3 iJN1463.cmd 1,6630107698E-7
500 10 0 iAF1260.cmd 2,0921781995E-8
500 10 0 iJN1463.cmd 3,0858970952E-8
500 12 2 iAF1260.cmd 1,0450109645E-8
500 12 2 iJN1463.cmd 1,9482063914E-8
500 7 1 iAF1260.cmd 5,4659388408E-8
500 7 1 iJN1463.cmd 7,1736943871E-8
500 8 0 iAF1260.cmd 3,8059178296E-8
500 8 0 iJN1463.cmd 5,22371958E-8
500 5 1 iAF1260.cmd 1,2072778494E-7
500 5 1 iJN1463.cmd 1,4074262647E-7
500 6 2 iAF1260.cmd 8,778785104E-8
500 6 2 iJN1463.cmd 1,0651453097E-7
500 0 10 iAF1260.cmd 2,1189310178E-7
500 0 10 iJN1463.cmd 3,0652122386E-7
500 4 14 iAF1260.cmd 4,598901351E-8
500 4 14 iJN1463.cmd 5,4245404461E-8
500 5 0 iAF1260.cmd 1,2027754112E-7
500 5 0 iJN1463.cmd 1,4182112499E-7
500 1 11 iAF1260.cmd 5,7767493525E-7
500 1 11 iJN1463.cmd 7,7995543421E-7
500 6 3 iAF1260.cmd 9,7473289939E-8
500 6 3 iJN1463.cmd 1,1749365496E-7
500 6 1 iAF1260.cmd 7,6362503616E-8
500 6 1 iJN1463.cmd 9,5731601283E-8
500 11 0 iAF1260.cmd 1,0846568099E-8
500 11 0 iJN1463.cmd 1,7451112687E-8
500 7 0 iAF1260.cmd 4,6933027301E-8
500 7 0 iJN1463.cmd 6,4502113563E-8
500 14 4 iAF1260.cmd 4,950717882E-9
500 14 4 iJN1463.cmd 1,3019731416E-8
500 0 11 iAF1260.cmd 1,532865558E-7
500 0 11 iJN1463.cmd 2,4487985385E-7
500 6 0 iAF1260.cmd 6,97179882E-8
500 6 0 iJN1463.cmd 9,0751545907E-8
500 2 11 iAF1260.cmd 5,4927342992E-7
500 2 11 iJN1463.cmd 8,3579180411E-7
500 2 12 iAF1260.cmd 3,99340991E-7
500 2 12 iJN1463.cmd 6,9954683633E-7
500 0 12 iAF1260.cmd 2,757396612E-8
500 0 12 iJN1463.cmd 5,4507760888E-8
500 13 2 iAF1260.cmd 1,1389618957E-9
500 13 2 iJN1463.cmd 6,3268431852E-9
500 3 14 iAF1260.cmd 2,9815464318E-8
500 3 14 iJN1463.cmd 5,6233992239E-8
500 2 13 iAF1260.cmd 2,0235360711E-7
500 2 13 iJN1463.cmd 4,386314636E-7
500 12 0 iAF1260.cmd 1,2723138383E-9
500 12 0 iJN1463.cmd 5,8751705885E-9
500 2 14 iAF1260.cmd 3,3459180615E-8
500 2 14 iJN1463.cmd 7,4543969263E-8
500 3 13 iAF1260.cmd 1,3018945008E-7
500 3 13 iJN1463.cmd 3,40376609E-7
500 1 13 iAF1260.cmd 1,0092407033E-7
500 1 13 iJN1463.cmd 3,3351947545E-7
500 0 13 iAF1260.cmd 1,0233250884E-8
500 0 13 iJN1463.cmd 4,5825941132E-8
500 1 14 iAF1260.cmd 1,4390650363E-8
500 1 14 iJN1463.cmd 4,6423270166E-8
500 0 14 iAF1260.cmd 1,2571967509E-9
500 0 14 iJN1463.cmd 7,9890803141E-9
500 14 3 iAF1260.cmd 0E0
500 14 3 iJN1463.cmd 2,3195812523E-9
500 13 0 iAF1260.cmd 0E0
500 13 0 iJN1463.cmd 0E0
500 14 0 iAF1260.cmd 0E0
500 14 0 iJN1463.cmd 0E0
500 14 1 iAF1260.cmd 0E0
500 14 1 iJN1463.cmd 0E0
500 14 2 iAF1260.cmd 0E0
500 14 2 iJN1463.cmd 0E0
1000 8 6 iAF1260.cmd 2,1340994865E-7
1000 8 6 iJN1463.cmd 3,8762648859E-7
1000 4 8 iAF1260.cmd 6,6782202178E-7
1000 4 8 iJN1463.cmd 6,3147760779E-7
1000 12 8 iAF1260.cmd 1,3969743547E-7
1000 12 8 iJN1463.cmd 3,2818168856E-7
1000 13 10 iAF1260.cmd 1,5387654782E-7
1000 13 10 iJN1463.cmd 3,1522298556E-7
1000 11 7 iAF1260.cmd 1,5251079091E-7
1000 11 7 iJN1463.cmd 3,4607173504E-7
1000 10 9 iAF1260.cmd 2,0675873811E-7
1000 10 9 iJN1463.cmd 4,0249443533E-7
1000 5 10 iAF1260.cmd 5,274127219E-7
1000 5 10 iJN1463.cmd 5,3643976994E-7
1000 12 10 iAF1260.cmd 1,7384825728E-7
1000 12 10 iJN1463.cmd 3,5121748654E-7
1000 1 7 iAF1260.cmd 7,8647334225E-7
1000 1 7 iJN1463.cmd 7,1160699551E-7
1000 9 4 iAF1260.cmd 1,3335459057E-7
1000 9 4 iJN1463.cmd 2,8151591328E-7
1000 8 9 iAF1260.cmd 3,4169252488E-7
1000 8 9 iJN1463.cmd 4,4418815384E-7
1000 8 13 iAF1260.cmd 2,7386504369E-7
1000 8 13 iJN1463.cmd 3,1069831477E-7
1000 7 7 iAF1260.cmd 3,7112005095E-7
1000 7 7 iJN1463.cmd 4,6013908564E-7
1000 1 2 iAF1260.cmd 6,6460406069E-7
1000 1 2 iJN1463.cmd 5,9113881876E-7
1000 12 12 iAF1260.cmd 1,5028681617E-7
1000 12 12 iJN1463.cmd 2,5119016502E-7
1000 0 2 iAF1260.cmd 5,4591762998E-7
1000 0 2 iJN1463.cmd 5,5025898601E-7
1000 0 7 iAF1260.cmd 5,7344823787E-7
1000 0 7 iJN1463.cmd 5,9638113127E-7
1000 1 1 iAF1260.cmd 6,4994555958E-7
1000 1 1 iJN1463.cmd 5,743403554E-7
1000 1 3 iAF1260.cmd 7,1341448709E-7
1000 1 3 iJN1463.cmd 6,3654905344E-7
1000 1 6 iAF1260.cmd 7,9566388223E-7
1000 1 6 iJN1463.cmd 7,116773685E-7
1000 2 2 iAF1260.cmd 6,3564594506E-7
1000 2 2 iJN1463.cmd 5,4326647612E-7
1000 2 7 iAF1260.cmd 8,5189391057E-7
1000 2 7 iJN1463.cmd 7,5375197872E-7
1000 3 8 iAF1260.cmd 7,9180149443E-7
1000 3 8 iJN1463.cmd 7,2104058146E-7
1000 4 7 iAF1260.cmd 6,462772419E-7
1000 4 7 iJN1463.cmd 5,9912478925E-7
1000 4 9 iAF1260.cmd 6,5285198448E-7
1000 4 9 iJN1463.cmd 6,2600436314E-7
1000 4 10 iAF1260.cmd 5,9938618414E-7
1000 4 10 iJN1463.cmd 5,8233242087E-7
1000 5 8 iAF1260.cmd 5,5244140671E-7
1000 5 8 iJN1463.cmd 5,5628789495E-7
1000 5 9 iAF1260.cmd 5,497021207E-7
1000 5 9 iJN1463.cmd 5,5896990177E-7
1000 5 11 iAF1260.cmd 5,0258546394E-7
1000 5 11 iJN1463.cmd 5,0743760451E-7
1000 6 7 iAF1260.cmd 4,4280761773E-7
1000 6 7 iJN1463.cmd 4,7653629443E-7
1000 6 10 iAF1260.cmd 4,6198738206E-7
1000 6 10 iJN1463.cmd 4,9777645986E-7
1000 7 8 iAF1260.cmd 3,8569462018E-7
1000 7 8 iJN1463.cmd 4,7044435341E-7
1000 7 9 iAF1260.cmd 3,9546461585E-7
1000 7 9 iJN1463.cmd 4,7148867317E-7
1000 7 13 iAF1260.cmd 3,4075694154E-7
1000 7 13 iJN1463.cmd 3,5911801702E-7
1000 8 4 iAF1260.cmd 1,4935380938E-7
1000 8 4 iJN1463.cmd 3,2561128344E-7
1000 8 5 iAF1260.cmd 1,730946413E-7
1000 8 5 iJN1463.cmd 3,5341875428E-7
1000 8 7 iAF1260.cmd 2,8006779142E-7
1000 8 7 iJN1463.cmd 4,2366332624E-7
1000 8 8 iAF1260.cmd 3,1524390636E-7
1000 8 8 iJN1463.cmd 4,3960969111E-7
1000 8 10 iAF1260.cmd 3,2657897139E-7
1000 8 10 iJN1463.cmd 4,221583945E-7
1000 8 12 iAF1260.cmd 2,6755744449E-7
1000 8 12 iJN1463.cmd 3,1037635073E-7
1000 8 14 iAF1260.cmd 2,275800657E-7
1000 8 14 iJN1463.cmd 2,8479098453E-7
1000 9 3 iAF1260.cmd 9,1894901804E-8
1000 9 3 iJN1463.cmd 1,7337493542E-7
1000 9 5 iAF1260.cmd 1,5506955508E-7
1000 9 5 iJN1463.cmd 3,2015725555E-7
1000 9 6 iAF1260.cmd 1,8807182327E-7
1000 9 6 iJN1463.cmd 3,6146922635E-7
1000 9 13 iAF1260.cmd 2,1988613177E-7
1000 9 13 iJN1463.cmd 2,7048856061E-7
1000 10 7 iAF1260.cmd 1,7858429586E-7
1000 10 7 iJN1463.cmd 3,6150094072E-7
1000 10 10 iAF1260.cmd 2,1787103249E-7
1000 10 10 iJN1463.cmd 3,6846145933E-7
1000 11 8 iAF1260.cmd 1,6267659204E-7
1000 11 8 iJN1463.cmd 3,7261246025E-7
1000 11 9 iAF1260.cmd 1,8631918966E-7
1000 11 9 iJN1463.cmd 3,9224448892E-7
1000 11 10 iAF1260.cmd 1,9352927134E-7
1000 11 10 iJN1463.cmd 3,6574569102E-7
1000 11 12 iAF1260.cmd 1,726823071E-7
1000 11 12 iJN1463.cmd 2,6402532056E-7
1000 12 7 iAF1260.cmd 1,1316658817E-7
1000 12 7 iJN1463.cmd 2,7014646594E-7
1000 12 9 iAF1260.cmd 1,7068319502E-7
1000 12 9 iJN1463.cmd 3,7540520592E-7
1000 12 11 iAF1260.cmd 1,6685958198E-7
1000 12 11 iJN1463.cmd 3,0657237582E-7
1000 12 13 iAF1260.cmd 1,2541284434E-7
1000 12 13 iJN1463.cmd 1,9973637384E-7
1000 13 8 iAF1260.cmd 1,0605779998E-7
1000 13 8 iJN1463.cmd 2,5660776322E-7
1000 13 11 iAF1260.cmd 1,4798752941E-7
1000 13 11 iJN1463.cmd 2,8452190106E-7
1000 13 12 iAF1260.cmd 1,3206493225E-7
1000 13 12 iJN1463.cmd 2,3433278473E-7
1000 14 10 iAF1260.cmd 1,3262448865E-7
1000 14 10 iJN1463.cmd 2,783359289E-7
1000 9 7 iAF1260.cmd 2,2572604359E-7
1000 9 7 iJN1463.cmd 3,927620443E-7
1000 11 11 iAF1260.cmd 1,8770397881E-7
1000 11 11 iJN1463.cmd 3,1731500625E-7
1000 6 8 iAF1260.cmd 4,5799241879E-7
1000 6 8 iJN1463.cmd 5,0410411631E-7
1000 3 7 iAF1260.cmd 7,7899868346E-7
1000 3 7 iJN1463.cmd 6,9874629507E-7
1000 5 7 iAF1260.cmd 5,3005513536E-7
1000 5 7 iJN1463.cmd 5,2107302914E-7
1000 6 9 iAF1260.cmd 4,6325702509E-7
1000 6 9 iJN1463.cmd 5,0874695634E-7
1000 7 10 iAF1260.cmd 3,9158040349E-7
1000 7 10 iJN1463.cmd 4,6185303571E-7
1000 13 7 iAF1260.cmd 8,7227050707E-8
1000 13 7 iJN1463.cmd 2,125234935E-7
1000 0 3 iAF1260.cmd 5,7578779431E-7
1000 0 3 iJN1463.cmd 5,7835449727E-7
1000 0 6 iAF1260.cmd 6,1401527813E-7
1000 0 6 iJN1463.cmd 6,218417461E-7
1000 2 6 iAF1260.cmd 8,5090515489E-7
1000 2 6 iJN1463.cmd 7,411435311E-7
1000 3 9 iAF1260.cmd 7,7387701679E-7
1000 3 9 iJN1463.cmd 7,1373240446E-7
1000 4 11 iAF1260.cmd 5,1646091023E-7
1000 4 11 iJN1463.cmd 5,0909208833E-7
1000 9 10 iAF1260.cmd 2,5740371483E-7
1000 9 10 iJN1463.cmd 3,6874189166E-7
1000 14 11 iAF1260.cmd 1,3403977634E-7
1000 14 11 iJN1463.cmd 2,6347116053E-7
1000 0 1 iAF1260.cmd 5,2566863301E-7
1000 0 1 iJN1463.cmd 5,2746725527E-7
1000 2 1 iAF1260.cmd 6,7351779256E-7
1000 2 1 iJN1463.cmd 5,7201957462E-7
1000 2 8 iAF1260.cmd 8,8213300184E-7
1000 2 8 iJN1463.cmd 7,8733946531E-7
1000 6 11 iAF1260.cmd 4,767062875E-7
1000 6 11 iJN1463.cmd 4,8686932316E-7
1000 9 12 iAF1260.cmd 2,3132946575E-7
1000 9 12 iJN1463.cmd 2,9433107973E-7
1000 10 6 iAF1260.cmd 1,6211276013E-7
1000 10 6 iJN1463.cmd 3,3108159619E-7
1000 12 6 iAF1260.cmd 7,3260412223E-8
1000 12 6 iJN1463.cmd 1,7625256866E-7
1000 13 13 iAF1260.cmd 1,0867010351E-7
1000 13 13 iJN1463.cmd 1,8379047459E-7
1000 11 13 iAF1260.cmd 1,4544038755E-7
1000 11 13 iJN1463.cmd 2,1673046896E-7
1000 7 14 iAF1260.cmd 2,7064115326E-7
1000 7 14 iJN1463.cmd 3,1714701515E-7
1000 9 14 iAF1260.cmd 1,8377638441E-7
1000 9 14 iJN1463.cmd 2,468718056E-7
1000 9 8 iAF1260.cmd 2,6361440369E-7
1000 9 8 iJN1463.cmd 4,1532631345E-7
1000 0 8 iAF1260.cmd 4,7998045882E-7
1000 0 8 iJN1463.cmd 5,3783821745E-7
1000 1 4 iAF1260.cmd 7,8537095785E-7
1000 1 4 iJN1463.cmd 6,8983001976E-7
1000 1 5 iAF1260.cmd 8,0367794968E-7
1000 1 5 iJN1463.cmd 7,089098261E-7
1000 3 2 iAF1260.cmd 4,733501044E-7
1000 3 2 iJN1463.cmd 4,010255763E-7
1000 3 10 iAF1260.cmd 6,9897001637E-7
1000 3 10 iJN1463.cmd 6,5635801747E-7
1000 7 4 iAF1260.cmd 1,4165711166E-7
1000 7 4 iJN1463.cmd 3,2241593537E-7
1000 9 2 iAF1260.cmd 7,4644402146E-8
1000 9 2 iJN1463.cmd 1,0933539842E-7
1000 10 3 iAF1260.cmd 6,3399404037E-8
1000 10 3 iJN1463.cmd 1,1320267358E-7
1000 10 5 iAF1260.cmd 1,2676850948E-7
1000 10 5 iJN1463.cmd 2,6629438774E-7
1000 10 11 iAF1260.cmd 2,1105512809E-7
1000 10 11 iJN1463.cmd 3,209642236E-7
1000 1 0 iAF1260.cmd 6,2789769874E-7
1000 1 0 iJN1463.cmd 5,5133828861E-7
1000 4 6 iAF1260.cmd 5,8270695217E-7
1000 4 6 iJN1463.cmd 5,2826241133E-7
1000 6 6 iAF1260.cmd 4,2954306008E-7
1000 6 6 iJN1463.cmd 4,2474947444E-7
1000 6 13 iAF1260.cmd 4,0512084291E-7
1000 6 13 iJN1463.cmd 4,0515019876E-7
1000 10 12 iAF1260.cmd 1,9913992034E-7
1000 10 12 iJN1463.cmd 2,7685464329E-7
1000 10 13 iAF1260.cmd 1,7682912703E-7
1000 10 13 iJN1463.cmd 2,3892508592E-7
1000 14 8 iAF1260.cmd 9,3977629664E-8
1000 14 8 iJN1463.cmd 2,2282463768E-7
1000 14 9 iAF1260.cmd 1,0977839881E-7
1000 14 9 iJN1463.cmd 2,4555782014E-7
1000 14 12 iAF1260.cmd 1,206928104E-7
1000 14 12 iJN1463.cmd 2,2018315675E-7
1000 12 14 iAF1260.cmd 9,7851960625E-8
1000 12 14 iJN1463.cmd 1,6785578808E-7
1000 3 6 iAF1260.cmd 7,582283033E-7
1000 3 6 iJN1463.cmd 6,7023870804E-7
1000 5 6 iAF1260.cmd 4,812172254E-7
1000 5 6 iJN1463.cmd 4,5435002932E-7
1000 9 11 iAF1260.cmd 2,3487418189E-7
1000 9 11 iJN1463.cmd 3,2384656774E-7
1000 2 9 iAF1260.cmd 8,928681712E-7
1000 2 9 iJN1463.cmd 8,0612463802E-7
1000 13 6 iAF1260.cmd 6,102295578E-8
1000 13 6 iJN1463.cmd 1,4801203721E-7
1000 2 0 iAF1260.cmd 6,292254091E-7
1000 2 0 iJN1463.cmd 5,2949882685E-7
1000 14 7 iAF1260.cmd 7,4468011663E-8
1000 14 7 iJN1463.cmd 1,80302164E-7
1000 2 5 iAF1260.cmd 8,9093652183E-7
1000 2 5 iJN1463.cmd 7,5951968502E-7
1000 6 12 iAF1260.cmd 4,6506061017E-7
1000 6 12 iJN1463.cmd 4,5821109344E-7
1000 0 4 iAF1260.cmd 6,1000668442E-7
1000 0 4 iJN1463.cmd 6,0674945297E-7
1000 0 5 iAF1260.cmd 6,2367818551E-7
1000 0 5 iJN1463.cmd 6,222421214E-7
1000 14 13 iAF1260.cmd 9,8901118182E-8
1000 14 13 iJN1463.cmd 1,7234184295E-7
1000 0 0 iAF1260.cmd 5,0960919622E-7
1000 0 0 iJN1463.cmd 5,0850749975E-7
1000 4 12 iAF1260.cmd 4,7111213651E-7
1000 4 12 iJN1463.cmd 4,6033887141E-7
1000 10 2 iAF1260.cmd 5,5373812976E-8
1000 10 2 iJN1463.cmd 8,5661950002E-8
1000 11 14 iAF1260.cmd 1,1770139525E-7
1000 11 14 iJN1463.cmd 1,8686667264E-7
1000 13 14 iAF1260.cmd 8,3820361851E-8
1000 13 14 iJN1463.cmd 1,5204902031E-7
1000 6 14 iAF1260.cmd 2,9825207158E-7
1000 6 14 iJN1463.cmd 3,3299712092E-7
1000 12 5 iAF1260.cmd 5,2661801409E-8
1000 12 5 iJN1463.cmd 1,1953512979E-7
1000 10 14 iAF1260.cmd 1,4612208957E-7
1000 10 14 iJN1463.cmd 2,1252650997E-7
1000 2 4 iAF1260.cmd 8,9889610219E-7
1000 2 4 iJN1463.cmd 7,5836240774E-7
1000 11 5 iAF1260.cmd 7,1211654265E-8
1000 11 5 iJN1463.cmd 1,5229562041E-7
1000 3 3 iAF1260.cmd 4,0968796746E-7
1000 3 3 iJN1463.cmd 3,4677738371E-7
1000 4 2 iAF1260.cmd 3,3779520054E-7
1000 4 2 iJN1463.cmd 2,8644104799E-7
1000 6 5 iAF1260.cmd 3,9416649549E-7
1000 6 5 iJN1463.cmd 3,7268235342E-7
1000 8 2 iAF1260.cmd 8,9067726226E-8
1000 8 2 iJN1463.cmd 9,9921113089E-8
1000 9 1 iAF1260.cmd 6,3367695239E-8
1000 9 1 iJN1463.cmd 7,8882471747E-8
1000 11 3 iAF1260.cmd 4,3084509058E-8
1000 11 3 iJN1463.cmd 7,8275994676E-8
1000 4 5 iAF1260.cmd 4,3728573412E-7
1000 4 5 iJN1463.cmd 3,9106790794E-7
1000 5 13 iAF1260.cmd 4,1924568154E-7
1000 5 13 iJN1463.cmd 4,0976921662E-7
1000 14 6 iAF1260.cmd 5,2353157021E-8
1000 14 6 iJN1463.cmd 1,2664054942E-7
1000 5 5 iAF1260.cmd 4,0133132166E-7
1000 5 5 iJN1463.cmd 3,6687444369E-7
1000 13 5 iAF1260.cmd 4,0890973964E-8
1000 13 5 iJN1463.cmd 9,5906400519E-8
1000 1 9 iAF1260.cmd 8,7985874061E-7
1000 1 9 iJN1463.cmd 8,2101099542E-7
1000 3 0 iAF1260.cmd 5,0492305683E-7
1000 3 0 iJN1463.cmd 4,1773255722E-7
1000 14 14 iAF1260.cmd 7,6019487724E-8
1000 14 14 iJN1463.cmd 1,4164446837E-7
1000 10 1 iAF1260.cmd 4,6706600414E-8
1000 10 1 iJN1463.cmd 6,3506781941E-8
1000 11 2 iAF1260.cmd 3,7929968551E-8
1000 11 2 iJN1463.cmd 6,0700178173E-8
1000 4 3 iAF1260.cmd 3,3892442238E-7
1000 4 3 iJN1463.cmd 2,8974935133E-7
1000 11 4 iAF1260.cmd 4,6459742683E-8
1000 11 4 iJN1463.cmd 9,4371473673E-8
1000 8 1 iAF1260.cmd 8,3024401254E-8
1000 8 1 iJN1463.cmd 8,7709590259E-8
1000 5 14 iAF1260.cmd 2,8841436764E-7
1000 5 14 iJN1463.cmd 3,197106077E-7
1000 12 4 iAF1260.cmd 3,6786341491E-8
1000 12 4 iJN1463.cmd 7,7639430945E-8
1000 0 9 iAF1260.cmd 5,869131868E-7
1000 0 9 iJN1463.cmd 6,2808772962E-7
1000 4 1 iAF1260.cmd 2,9886415398E-7
1000 4 1 iJN1463.cmd 2,5127639386E-7
1000 5 2 iAF1260.cmd 2,4836152889E-7
1000 5 2 iJN1463.cmd 2,1291820269E-7
1000 4 4 iAF1260.cmd 3,5620830053E-7
1000 4 4 iJN1463.cmd 3,1121461695E-7
1000 7 2 iAF1260.cmd 1,2035406856E-7
1000 7 2 iJN1463.cmd 1,148608487E-7
1000 12 3 iAF1260.cmd 3,1532648238E-8
1000 12 3 iJN1463.cmd 5,9181885717E-8
1000 9 0 iAF1260.cmd 5,7351023393E-8
1000 9 0 iJN1463.cmd 6,4936903092E-8
1000 14 5 iAF1260.cmd 3,3468671266E-8
1000 14 5 iJN1463.cmd 7,9654715809E-8
1000 5 4 iAF1260.cmd 3,2945570949E-7
1000 5 4 iJN1463.cmd 2,9052221752E-7
1000 1 10 iAF1260.cmd 9,2661367131E-7
1000 1 10 iJN1463.cmd 8,8151237185E-7
1000 4 0 iAF1260.cmd 3,4517213753E-7
1000 4 0 iJN1463.cmd 2,8698615158E-7
1000 11 1 iAF1260.cmd 3,4935722296E-8
1000 11 1 iJN1463.cmd 4,8969344258E-8
1000 13 4 iAF1260.cmd 2,8342716736E-8
1000 13 4 iJN1463.cmd 6,3863858506E-8
1000 5 3 iAF1260.cmd 2,7255005763E-7
1000 5 3 iJN1463.cmd 2,353722102E-7
1000 10 0 iAF1260.cmd 4,0628258567E-8
1000 10 0 iJN1463.cmd 5,0253000267E-8
1000 12 2 iAF1260.cmd 2,4166248883E-8
1000 12 2 iJN1463.cmd 4,179603033E-8
1000 7 1 iAF1260.cmd 1,1431699083E-7
1000 7 1 iJN1463.cmd 1,0740189419E-7
1000 8 0 iAF1260.cmd 7,8445999836E-8
1000 8 0 iJN1463.cmd 7,9485003671E-8
1000 5 1 iAF1260.cmd 2,3104615248E-7
1000 5 1 iJN1463.cmd 1,968084166E-7
1000 6 2 iAF1260.cmd 1,7812075622E-7
1000 6 2 iJN1463.cmd 1,5678987812E-7
1000 0 10 iAF1260.cmd 6,1198542456E-7
1000 0 10 iJN1463.cmd 6,590477935E-7
1000 4 14 iAF1260.cmd 2,4518056216E-7
1000 4 14 iJN1463.cmd 2,9721174017E-7
1000 5 0 iAF1260.cmd 2,3825125049E-7
1000 5 0 iJN1463.cmd 2,0135742232E-7
1000 1 11 iAF1260.cmd 1,0005918308E-6
1000 1 11 iJN1463.cmd 9,6812969895E-7
1000 6 3 iAF1260.cmd 2,0766659555E-7
1000 6 3 iJN1463.cmd 1,802927403E-7
1000 6 1 iAF1260.cmd 1,6460267324E-7
1000 6 1 iJN1463.cmd 1,446536099E-7
1000 11 0 iAF1260.cmd 2,6294806781E-8
1000 11 0 iJN1463.cmd 3,4662747308E-8
1000 7 0 iAF1260.cmd 1,1072329054E-7
1000 7 0 iJN1463.cmd 1,0255474218E-7
1000 14 4 iAF1260.cmd 1,9475610381E-8
1000 14 4 iJN1463.cmd 4,631952489E-8
1000 0 11 iAF1260.cmd 5,5550033218E-7
1000 0 11 iJN1463.cmd 6,119707953E-7
1000 6 0 iAF1260.cmd 1,621703221E-7
1000 6 0 iJN1463.cmd 1,4164988653E-7
1000 2 11 iAF1260.cmd 1,2141384046E-6
1000 2 11 iJN1463.cmd 1,1802401315E-6
1000 2 12 iAF1260.cmd 1,1529498061E-6
1000 2 12 iJN1463.cmd 1,1370291519E-6
1000 0 12 iAF1260.cmd 3,0654400065E-7
1000 0 12 iJN1463.cmd 3,7805189208E-7
1000 13 2 iAF1260.cmd 1,0817237478E-8
1000 13 2 iJN1463.cmd 2,0804619645E-8
1000 3 14 iAF1260.cmd 3,7968443489E-7
1000 3 14 iJN1463.cmd 4,4708118368E-7
1000 2 13 iAF1260.cmd 8,1421755547E-7
1000 2 13 iJN1463.cmd 8,2385984399E-7
1000 12 0 iAF1260.cmd 1,1205500469E-8
1000 12 0 iJN1463.cmd 1,6260313147E-8
1000 2 14 iAF1260.cmd 4,1118888258E-7
1000 2 14 iJN1463.cmd 4,8562429554E-7
1000 3 13 iAF1260.cmd 7,4793309214E-7
1000 3 13 iJN1463.cmd 7,6170672043E-7
1000 1 13 iAF1260.cmd 6,1500171948E-7
1000 1 13 iJN1463.cmd 6,3268083218E-7
1000 0 13 iAF1260.cmd 2,9573392313E-7
1000 0 13 iJN1463.cmd 3,6149398932E-7
1000 1 14 iAF1260.cmd 3,2454119458E-7
1000 1 14 iJN1463.cmd 3,9521228716E-7
1000 0 14 iAF1260.cmd 2,005979604E-7
1000 0 14 iJN1463.cmd 2,702271718E-7
1000 14 3 iAF1260.cmd 7,657250309E-9
1000 14 3 iJN1463.cmd 2,0976567097E-8
1000 14 2 iAF1260.cmd 4,2409275089E-9
1000 14 2 iJN1463.cmd 1,1473224246E-8
1000 13 0 iAF1260.cmd 2,2320224085E-9
1000 13 0 iJN1463.cmd 6,1445486393E-9
1000 14 1 iAF1260.cmd 0E0
1000 14 1 iJN1463.cmd 2,3208010795E-9
1000 14 0 iAF1260.cmd 0E0
1000 14 0 iJN1463.cmd 0E0
