0	1,5E-7	1,5E-7
1	1,5910662442E-7	1,579911951E-7
2	1,6883824216E-7	1,6640097375E-7
3	1,7990469541E-7	1,7567067861E-7
4	1,9215280482E-7	1,8569843098E-7
5	2,0568967075E-7	1,9652700294E-7
6	2,2055683453E-7	2,081567953E-7
7	2,3685834606E-7	2,2060216988E-7
8	2,5469713189E-7	2,3390360289E-7
9	2,741751043E-7	2,4809800101E-7
10	2,9542936362E-7	2,6322177023E-7
11	3,1857117485E-7	2,7932044637E-7
12	3,437340754E-7	2,9643508666E-7
13	3,7105303264E-7	3,1461400149E-7
14	4,0067781546E-7	3,3391500369E-7
15	4,3277098395E-7	3,54401777E-7
16	4,6751235478E-7	3,761428936E-7
17	5,0509362195E-7	3,9921082491E-7
18	5,4511205931E-7	4,2362309421E-7
19	5,865427641E-7	4,4934837009E-7
20	6,2926930848E-7	4,7645228427E-7
21	6,7335831679E-7	5,0502528478E-7
22	7,1861758911E-7	5,3519229648E-7
23	7,6510078599E-7	5,6703925292E-7
24	8,1311091214E-7	6,0059272243E-7
25	8,6293801775E-7	6,358953279E-7
26	9,1481761113E-7	6,7300089451E-7
27	9,6886631808E-7	7,1203059211E-7
28	1,0253247781E-6	7,5298095228E-7
29	1,084218634E-6	7,9588651362E-7
30	1,1453803611E-6	8,4098643944E-7
31	1,2079192483E-6	8,8773204323E-7
32	1,2708250735E-6	9,3614585268E-7
33	1,3339268895E-6	9,864774899E-7
34	1,3975373932E-6	1,0388809229E-6
35	1,4619662151E-6	1,0935992635E-6
36	1,5274849415E-6	1,1505980046E-6
37	1,5944479094E-6	1,2099135846E-6
38	1,6625805496E-6	1,2716709024E-6
39	1,7318121723E-6	1,3359892706E-6
40	1,8019753648E-6	1,4030668327E-6
41	1,8733341941E-6	1,4730938608E-6
42	1,9460720528E-6	1,5461721186E-6
43	2,0204096819E-6	1,6224881272E-6
44	2,0965277597E-6	1,7023066144E-6
45	2,1743759778E-6	1,785857089E-6
46	2,2539716552E-6	1,8728987106E-6
47	2,3353497622E-6	1,9636291764E-6
48	2,4182464036E-6	2,0581689191E-6
49	2,5029829896E-6	2,1566868989E-6
50	2,5898394838E-6	2,2592840207E-6
51	2,6788039268E-6	2,3660673034E-6
52	2,7698846964E-6	2,4771907288E-6
53	2,8630281635E-6	2,5928673258E-6
54	2,9582804118E-6	2,7133479291E-6
55	3,0557329887E-6	2,8388101184E-6
56	3,1555185364E-6	2,9694551934E-6
57	3,2577521109E-6	3,1055299014E-6
58	3,3625416752E-6	3,2472902159E-6
59	3,4700176196E-6	3,394939837E-6
60	3,5800782437E-6	3,5489652837E-6
61	3,6932084387E-6	3,7094514128E-6
62	3,8094582072E-6	3,8765980886E-6
63	3,9284440634E-6	4,0505572183E-6
64	4,0500053633E-6	4,2314918621E-6
65	4,1742510071E-6	4,4196760301E-6
66	4,3003237281E-6	4,6162127439E-6
67	4,4284578142E-6	4,8207979685E-6
68	4,5588339731E-6	5,0336074135E-6
69	4,691431866E-6	5,2550498705E-6
70	4,8263175317E-6	5,4852283457E-6
71	4,9633797787E-6	5,7242643729E-6
72	5,1024735514E-6	5,9721285525E-6
73	5,2443019592E-6	6,2281619195E-6
74	5,3872936688E-6	6,4925072866E-6
75	5,5314219127E-6	6,7651332714E-6
76	5,6776422352E-6	7,0452255167E-6
77	5,8247390885E-6	7,3339796323E-6
78	5,9736172337E-6	7,6320079215E-6
79	6,1252996808E-6	7,9384213402E-6
80	6,2794529496E-6	8,2527989785E-6
81	6,4361863409E-6	8,5756178126E-6
82	6,5952501248E-6	8,9067138536E-6
83	6,7561092255E-6	9,2459663035E-6
84	6,9192709506E-6	9,5931893059E-6
85	7,0847541001E-6	9,9492956368E-6
86	7,2522523107E-6	1,0314024639E-5
87	7,420951584E-6	1,0687860332E-5
88	7,5907519473E-6	1,1071049988E-5
89	7,7610038413E-6	1,1463676023E-5
90	7,9300697241E-6	1,1866656534E-5
91	8,0977096304E-6	1,2280658889E-5
92	8,2633060161E-6	1,270522878E-5
93	8,425553208E-6	1,3140924307E-5
94	8,5842057021E-6	1,3588528871E-5
95	8,7387748905E-6	1,4047366477E-5
96	8,8881992504E-6	1,4518044278E-5
97	9,0329390456E-6	1,5002141513E-5
98	9,1735360812E-6	1,5499682957E-5
99	9,3091740429E-6	1,6012238799E-5
100	9,4408857105E-6	1,6539532058E-5
101	9,5676462843E-6	1,7081163979E-5
102	9,6900553905E-6	1,7637651526E-5
103	9,8089531482E-6	1,8209981442E-5
104	9,9253831848E-6	1,8798776649E-5
105	1,0040427279E-5	1,9404914884E-5
106	1,0153281825E-5	2,0028770962E-5
107	1,0263888778E-5	2,0671283204E-5
108	1,0373913282E-5	2,1333877236E-5
109	1,0483906741E-5	2,2016519883E-5
110	1,0593309093E-5	2,2719398533E-5
111	1,0699190097E-5	2,3441434423E-5
112	1,0806163592E-5	2,4184504791E-5
113	1,0911810062E-5	2,4950244207E-5
114	1,1016975536E-5	2,5739298804E-5
115	1,1121660025E-5	2,6550795254E-5
116	1,122581228E-5	2,7379537656E-5
117	1,1328876517E-5	2,8212953998E-5
118	1,1431338519E-5	2,9029839902E-5
119	1,1532576706E-5	2,9811555495E-5
120	1,1633445311E-5	3,0546207969E-5
121	1,1734577422E-5	3,1215022977E-5
122	1,1836784034E-5	3,1789319884E-5
123	1,1937948112E-5	3,2278714832E-5
124	1,2038309564E-5	3,2689049705E-5
125	1,2138091252E-5	3,3032263838E-5
126	1,2239826065E-5	3,3322540803E-5
127	1,2342531519E-5	3,3570520045E-5
128	1,244494662E-5	3,3788416091E-5
129	1,2548999191E-5	3,3981423456E-5
130	1,2651459265E-5	3,4157339982E-5
131	1,2750403632E-5	3,4320564707E-5
132	1,2848842899E-5	3,447285945E-5
133	1,2948034464E-5	3,4613937455E-5
134	1,3048155623E-5	3,4748456427E-5
135	1,3147610015E-5	3,4879828809E-5
136	1,3249244183E-5	3,5005481755E-5
137	1,3351885303E-5	3,5128107545E-5
138	1,3453657642E-5	3,5250321227E-5
139	1,3556622317E-5	3,5371462022E-5
140	1,3660811766E-5	3,5489754648E-5
141	1,3764376226E-5	3,5608211975E-5
142	1,3867014348E-5	3,5727935558E-5
143	1,3969531703E-5	3,5848214433E-5
144	1,4073905077E-5	3,5969642659E-5
145	1,417929947E-5	3,608578756E-5
146	1,428104909E-5	3,6205860914E-5
147	1,438410528E-5	3,6322582905E-5
148	1,4485411122E-5	3,6443948448E-5
149	1,458794942E-5	3,6561998137E-5
150	1,4686910021E-5	3,6682127709E-5
151	1,479105378E-5	3,679734921E-5
152	1,4891425694E-5	3,6915219552E-5
153	1,4995239059E-5	3,7028905741E-5
154	1,509514516E-5	3,7145683751E-5
155	1,5197912636E-5	3,7259580077E-5
156	1,5299243275E-5	3,7375434344E-5
157	1,5402275359E-5	3,7490137807E-5
158	1,5507137177E-5	3,7602831406E-5
159	1,5612272186E-5	3,7714645187E-5
160	1,5717279777E-5	3,7826456573E-5
161	1,5822359135E-5	3,7938078899E-5
162	1,592761514E-5	3,8049688447E-5
163	1,6032878807E-5	3,8161344118E-5
164	1,6137887575E-5	3,8272429317E-5
165	1,6241844383E-5	3,8382807762E-5
166	1,6345277885E-5	3,8495377294E-5
167	1,6448179252E-5	3,860777895E-5
168	1,6552933613E-5	3,8718307457E-5
169	1,6657048838E-5	3,88310227E-5
170	1,6760603015E-5	3,8943732575E-5
171	1,6863834432E-5	3,9055548548E-5
172	1,6967082691E-5	3,9165415552E-5
173	1,7071408769E-5	3,9273795123E-5
174	1,7174672344E-5	3,9385474702E-5
175	1,7278388979E-5	3,9495483222E-5
176	1,7381691645E-5	3,9605298787E-5
177	1,7484714838E-5	3,971450906E-5
178	1,7587616911E-5	3,9824802438E-5
179	1,7691280664E-5	3,993513684E-5
180	1,7793961702E-5	4,0046601804E-5
181	1,7897458697E-5	4,0156172878E-5
182	1,7996349862E-5	4,0269550511E-5
183	1,8094309109E-5	4,0381937252E-5
184	1,8191994223E-5	4,0493675485E-5
185	1,8296857894E-5	4,0599098181E-5
186	1,8402035603E-5	4,0704848453E-5
187	1,8504732588E-5	4,0813025011E-5
188	1,8608127711E-5	4,0921125897E-5
189	1,8711410649E-5	4,1029561637E-5
190	1,8814964431E-5	4,1140505421E-5
191	1,891752854E-5	4,1249346479E-5
192	1,9020614364E-5	4,1360712597E-5
193	1,912671453E-5	4,1464055609E-5
194	1,923236346E-5	4,1567016303E-5
195	1,9336572764E-5	4,1671780612E-5
196	1,9440758395E-5	4,1776668318E-5
197	1,9544130624E-5	4,1883284912E-5
198	1,9647844288E-5	4,1989437376E-5
199	1,975037844E-5	4,2097137138E-5
200	1,985308431E-5	4,2205394501E-5
201	1,9955136026E-5	4,2313138755E-5
202	2,005516883E-5	4,2421801203E-5
203	2,0155709031E-5	4,2529390234E-5
204	2,0255698181E-5	4,2636535134E-5
205	2,0355761523E-5	4,2743112326E-5
206	2,0455829815E-5	4,2849224668E-5
207	2,0555741147E-5	4,2955119948E-5
208	2,0655677305E-5	4,3059680527E-5
209	2,0761146223E-5	4,3158344904E-5
210	2,0867856818E-5	4,3256854895E-5
211	2,0969128312E-5	4,3361276495E-5
212	2,1074653072E-5	4,34604494E-5
213	2,1181388976E-5	4,3558402509E-5
214	2,1288267417E-5	4,3655014501E-5
215	2,1390609676E-5	4,3755856834E-5
216	2,1491618696E-5	4,3857465485E-5
217	2,1593642802E-5	4,3958761504E-5
218	2,1694846881E-5	4,4060508481E-5
219	2,1793791645E-5	4,4165197539E-5
220	2,1894487291E-5	4,4267818898E-5
221	2,1993795049E-5	4,4369793058E-5
222	2,2097070816E-5	4,4469382662E-5
223	2,2207743495E-5	4,4565611525E-5
224	2,2313261966E-5	4,4663089257E-5
225	2,2415157664E-5	4,4765067607E-5
226	2,2515319E-5	4,4867156902E-5
227	2,2614207399E-5	4,496791363E-5
228	2,2715073332E-5	4,5069919628E-5
229	2,2815991831E-5	4,5172006024E-5
230	2,2915130398E-5	4,5273272133E-5
231	2,3013825882E-5	4,5372231961E-5
232	2,3112761814E-5	4,5470634901E-5
233	2,3215779443E-5	4,5568082752E-5
234	2,3317970916E-5	4,566329344E-5
235	2,3418694754E-5	4,5763186246E-5
236	2,3518744366E-5	4,5860270784E-5
237	2,3619991413E-5	4,5955366023E-5
238	2,3725654896E-5	4,6050425556E-5
239	2,3830918154E-5	4,6148017003E-5
240	2,3932643774E-5	4,6243838341E-5
241	2,4034270682E-5	4,6340418957E-5
242	2,4136647737E-5	4,6435823558E-5
243	2,423435873E-5	4,6533909615E-5
244	2,433322308E-5	4,6634898435E-5
245	2,4431082709E-5	4,6736554124E-5
246	2,453472176E-5	4,6832622506E-5
247	2,463639497E-5	4,6928278711E-5
248	2,4733281019E-5	4,7025356292E-5
249	2,4830896366E-5	4,7124491306E-5
250	2,4926605632E-5	4,7222934336E-5
251	2,5022108164E-5	4,7323022235E-5
252	2,5115934736E-5	4,7422927347E-5
253	2,5210403471E-5	4,7521729993E-5
254	2,5304866777E-5	4,7619838253E-5
255	2,5399378459E-5	4,7717395114E-5
256	2,5493748768E-5	4,7814607029E-5
257	2,5588043338E-5	4,7911508771E-5
258	2,5682293418E-5	4,8008098105E-5
259	2,5776490596E-5	4,8104390988E-5
260	2,5869514909E-5	4,8201162417E-5
261	2,5963041705E-5	4,8297340404E-5
262	2,6056723637E-5	4,8393049375E-5
263	2,6150364298E-5	4,8488486321E-5
264	2,6243891889E-5	4,8583701796E-5
265	2,6337369682E-5	4,8678663168E-5
266	2,6430743038E-5	4,8773417085E-5
267	2,6523980829E-5	4,8867987162E-5
268	2,6617117162E-5	4,8962176537E-5
269	2,671952914E-5	4,9045747093E-5
270	2,682219345E-5	4,9128692844E-5
271	2,6923576574E-5	4,9211854411E-5
272	2,7023421638E-5	4,9299657453E-5
273	2,712583871E-5	4,9382703852E-5
274	2,7230118514E-5	4,9465805272E-5
275	2,7334582566E-5	4,9549957773E-5
276	2,7431650434E-5	4,9641262039E-5
277	2,7525780102E-5	4,9733424114E-5
278	2,7629531444E-5	4,9815861152E-5
279	2,7730344618E-5	4,9900684992E-5
280	2,7832874782E-5	4,9982480458E-5
281	2,7931415652E-5	5,0066775779E-5
282	2,8031894108E-5	5,0149774945E-5
283	2,8132638585E-5	5,0231355923E-5
284	2,822981018E-5	5,0312449295E-5
285	2,8328336075E-5	5,0397484639E-5
286	2,8423463886E-5	5,0487619873E-5
287	2,8514570554E-5	5,0578500453E-5
288	2,8619017609E-5	5,0669247757E-5
289	2,8720880588E-5	5,0758618143E-5
290	2,8816026912E-5	5,0847771231E-5
291	2,8911802316E-5	5,093735834E-5
292	2,9005853846E-5	5,1027927587E-5
293	2,9099295895E-5	5,1119111105E-5
294	2,9192987163E-5	5,1210299583E-5
295	2,929376219E-5	5,1293483965E-5
296	2,9392903312E-5	5,1370910982E-5
297	2,9491154284E-5	5,1447422843E-5
298	2,9582480756E-5	5,15296007E-5
299	2,9679601356E-5	5,1606667772E-5
300	2,9775993972E-5	5,1685969716E-5
301	2,9868219959E-5	5,1769041362E-5
302	2,9965711394E-5	5,1844991377E-5
303	3,006205936E-5	5,1925898106E-5
304	3,0155694095E-5	5,2009933703E-5
305	3,0247219735E-5	5,2094868911E-5
306	3,0336853209E-5	5,2180610768E-5
307	3,0425992544E-5	5,2266092787E-5
308	3,0523168994E-5	5,2341639759E-5
309	3,0614055522E-5	5,242428405E-5
310	3,070432764E-5	5,2504396349E-5
311	3,0801873254E-5	5,2586858273E-5
312	3,0896718419E-5	5,2671296967E-5
313	3,0989199786E-5	5,2756673917E-5
314	3,1082348077E-5	5,2838720929E-5
315	3,1178439828E-5	5,2916278874E-5
316	3,1276592708E-5	5,2995043281E-5
317	3,1373733358E-5	5,3075130801E-5
318	3,1470872558E-5	5,3154306195E-5
319	3,1563655486E-5	5,3236272966E-5
320	3,1656287416E-5	5,3309916923E-5
321	3,175147804E-5	5,3386984093E-5
322	3,1841920866E-5	5,3460833332E-5
323	3,1935149451E-5	5,353334427E-5
324	3,2027171488E-5	5,3604254258E-5
325	3,2120690196E-5	5,3673306199E-5
326	3,2216484523E-5	5,3745432319E-5
327	3,2317720295E-5	5,3822923432E-5
328	3,2416014936E-5	5,3897998434E-5
329	3,2504154875E-5	5,3978888117E-5
330	3,2588930617E-5	5,4061803874E-5
331	3,2673382911E-5	5,4147405841E-5
332	3,2757224267E-5	5,4232876139E-5
333	3,285477024E-5	5,4313494845E-5
334	3,2942423737E-5	5,4397961589E-5
335	3,3030911851E-5	5,447908555E-5
336	3,3116184075E-5	5,4561979843E-5
337	3,320402765E-5	5,4643171583E-5
338	3,3290225368E-5	5,4723733803E-5
339	3,3375052364E-5	5,4805043813E-5
340	3,3458959103E-5	5,4886628471E-5
341	3,3543311154E-5	5,4965867953E-5
342	3,362615348E-5	5,504575394E-5
343	3,3707846197E-5	5,5124944359E-5
344	3,3788866472E-5	5,5200451322E-5
345	3,3873592775E-5	5,5274333902E-5
346	3,3956989147E-5	5,535006252E-5
347	3,4038634745E-5	5,5427113645E-5
348	3,4119598334E-5	5,5505130603E-5
349	3,4199779153E-5	5,558363051E-5
350	3,4279446307E-5	5,5662106631E-5
351	3,4358683185E-5	5,5740281286E-5
352	3,4439230145E-5	5,5821808151E-5
353	3,4517078638E-5	5,5900495194E-5
354	3,4603583141E-5	5,5972120505E-5
355	3,4692653502E-5	5,6037147223E-5
356	3,4780615113E-5	5,6103124686E-5
357	3,4871979193E-5	5,6174617344E-5
358	3,495709595E-5	5,6246107018E-5
359	3,5037851174E-5	5,6320189462E-5
360	3,5120938036E-5	5,6393251516E-5
361	3,5206353748E-5	5,6460304473E-5
362	3,5290470323E-5	5,6527548869E-5
363	3,5378839501E-5	5,6595503336E-5
364	3,546603179E-5	5,6663038389E-5
365	3,5554911886E-5	5,6732372122E-5
366	3,563769735E-5	5,6803604635E-5
367	3,5724543254E-5	5,6867190926E-5
368	3,5814381276E-5	5,6933136571E-5
369	3,5899937991E-5	5,7003690612E-5
370	3,5981353924E-5	5,7076823869E-5
371	3,6069618756E-5	5,7141196429E-5
372	3,6156599223E-5	5,7206564414E-5
373	3,6239487002E-5	5,7275591874E-5
374	3,6317647512E-5	5,7348042708E-5
375	3,6397593446E-5	5,7421984383E-5
376	3,6483175933E-5	5,7487855288E-5
377	3,6566755172E-5	5,7552590834E-5
378	3,6647688964E-5	5,7616614902E-5
379	3,6727873641E-5	5,7677346191E-5
380	3,6810919487E-5	5,7741594711E-5
381	3,6894313231E-5	5,7808026737E-5
382	3,6973310253E-5	5,7878736157E-5
383	3,7062700344E-5	5,7940149671E-5
384	3,7142189629E-5	5,800873075E-5
385	3,7229944715E-5	5,8071155158E-5
386	3,7304230145E-5	5,8139719592E-5
387	3,7382156483E-5	5,8201446749E-5
388	3,745914713E-5	5,8264872492E-5
389	3,7550466851E-5	5,833486354E-5
390	3,7627161527E-5	5,8407713577E-5
391	3,7700475552E-5	5,8481920335E-5
392	3,7779285276E-5	5,8550289007E-5
393	3,7861401536E-5	5,8609069097E-5
394	3,7953546062E-5	5,8673730586E-5
395	3,8041917995E-5	5,8735165902E-5
396	3,812709852E-5	5,8794551507E-5
397	3,8207084078E-5	5,8856698893E-5
398	3,8290679947E-5	5,8914580325E-5
399	3,8373789916E-5	5,8972327714E-5
400	3,8453742741E-5	5,9027540741E-5
401	3,8528322702E-5	5,9092237793E-5
402	3,8604386271E-5	5,9149647433E-5
403	3,868363332E-5	5,9208959237E-5
404	3,8760937357E-5	5,92706737E-5
405	3,8839768815E-5	5,9332111121E-5
406	3,8916102404E-5	5,9395475053E-5
407	3,8989950774E-5	5,9459506443E-5
408	3,9061742913E-5	5,9523169385E-5
409	3,9130147828E-5	5,9590707134E-5
410	3,9202016165E-5	5,9655172109E-5
411	3,927371456E-5	5,9718901426E-5
412	3,9345063462E-5	5,9782345378E-5
413	3,9416181747E-5	5,9845603126E-5
414	3,9487107765E-5	5,9908716647E-5
415	3,9558811606E-5	5,9970452907E-5
416	3,9636592274E-5	6,0024428566E-5
417	3,971415518E-5	6,0075633241E-5
418	3,9796893669E-5	6,013905791E-5
419	3,9872275167E-5	6,0198860305E-5
420	3,9946043205E-5	6,0261976265E-5
421	4,0027585401E-5	6,0318305109E-5
422	4,0100486761E-5	6,0377989032E-5
423	4,0170585441E-5	6,0438526838E-5
424	4,0239579313E-5	6,0499241966E-5
425	4,0308084057E-5	6,0559891325E-5
426	4,0376272792E-5	6,0620409301E-5
427	4,0444212493E-5	6,0680689931E-5
428	4,0512407539E-5	6,074119023E-5
429	4,0580642583E-5	6,0801399677E-5
430	4,0648806595E-5	6,0861336899E-5
431	4,0716880199E-5	6,0921030672E-5
432	4,0784859251E-5	6,0980498569E-5
433	4,0852724527E-5	6,103971563E-5
434	4,0920307642E-5	6,1098352988E-5
435	4,0987767857E-5	6,115656526E-5
436	4,1054843222E-5	6,1214004203E-5
437	4,1121812541E-5	6,1271127346E-5
438	4,1188784812E-5	6,132795547E-5
439	4,1255777701E-5	6,1384495522E-5
440	4,1322865551E-5	6,1440668504E-5
441	4,138991974E-5	6,1496565907E-5
442	4,1456953108E-5	6,1552201213E-5
443	4,1523973819E-5	6,1607590737E-5
444	4,1591028903E-5	6,1662691734E-5
445	4,1658994201E-5	6,1718269925E-5
446	4,1727213996E-5	6,177380126E-5
447	4,1795530975E-5	6,1829177795E-5
448	4,1863911289E-5	6,1884379148E-5
449	4,1932348116E-5	6,1939399387E-5
450	4,2000831086E-5	6,199423368E-5
451	4,2069213595E-5	6,2048817747E-5
452	4,2137458878E-5	6,2102977824E-5
453	4,2205615724E-5	6,2156808049E-5
454	4,2273734755E-5	6,221035325E-5
455	4,2341829987E-5	6,2263644966E-5
456	4,2409922038E-5	6,2316684477E-5
457	4,2478017717E-5	6,2369485822E-5
458	4,2546152013E-5	6,242207371E-5
459	4,2614255939E-5	6,2474466522E-5
460	4,2682363911E-5	6,2526654434E-5
461	4,2750523401E-5	6,2578620707E-5
462	4,28187586E-5	6,2630208525E-5
463	4,2888743395E-5	6,2677757218E-5
464	4,2960049903E-5	6,2726111109E-5
465	4,3030222596E-5	6,2784602088E-5
466	4,3101561874E-5	6,2835332032E-5
467	4,3175079444E-5	6,2883584526E-5
468	4,3244738433E-5	6,2933020335E-5
469	4,3312534848E-5	6,2981866723E-5
470	4,3380025319E-5	6,3030778742E-5
471	4,3447225363E-5	6,3079440716E-5
472	4,3514237678E-5	6,3127909461E-5
473	4,3581164359E-5	6,3176202663E-5
474	4,3648055719E-5	6,3224186252E-5
475	4,3711366799E-5	6,3269619451E-5
476	4,3773333839E-5	6,3316645689E-5
477	4,3833131792E-5	6,3362502296E-5
478	4,3903629938E-5	6,3411140849E-5
479	4,3970886406E-5	6,3458519117E-5
480	4,4038817116E-5	6,3505519972E-5
481	4,4105535417E-5	6,3552264157E-5
482	4,4171958141E-5	6,3598713485E-5
483	4,4242455433E-5	6,3641325946E-5
484	4,431372429E-5	6,3683911155E-5
485	4,4385031646E-5	6,3726256816E-5
486	4,4454042233E-5	6,3770246514E-5
487	4,4520760985E-5	6,3815769052E-5
488	4,4587165445E-5	6,3860912886E-5
489	4,4653148247E-5	6,3906004616E-5
490	4,4718908936E-5	6,3951031148E-5
491	4,478446545E-5	6,3995977297E-5
492	4,4849909166E-5	6,4040821824E-5
493	4,4915421901E-5	6,4085488454E-5
494	4,4979740201E-5	6,4129189877E-5
495	4,5044406231E-5	6,417318344E-5
496	4,5108959097E-5	6,4217178572E-5
497	4,5173358842E-5	6,4261057789E-5
498	4,5237703423E-5	6,4304733842E-5
499	4,5301922724E-5	6,4348256626E-5
500	4,5366012202E-5	6,4391639025E-5
501	4,5429687086E-5	6,4434641921E-5
502	4,5492163323E-5	6,4476560346E-5
503	4,5553074554E-5	6,4517119186E-5
504	4,5612911557E-5	6,4556732354E-5
505	4,5672148681E-5	6,4595885703E-5
506	4,5731278837E-5	6,4634731022E-5
507	4,5790243928E-5	6,4673339996E-5
508	4,5852224996E-5	6,4714436618E-5
509	4,5914865256E-5	6,4756024947E-5
510	4,5977628012E-5	6,4797624466E-5
511	4,6040016776E-5	6,4838830558E-5
512	4,6101102841E-5	6,4878840794E-5
513	4,6160411945E-5	6,491731552E-5
514	4,62186686E-5	6,4954766368E-5
515	4,6276551093E-5	6,4991858542E-5
516	4,6334088239E-5	6,5028676662E-5
517	4,6395075853E-5	6,5068313938E-5
518	4,6456772265E-5	6,5108516028E-5
519	4,6518791926E-5	6,5148830321E-5
520	4,6580585903E-5	6,5189032641E-5
521	4,6642488858E-5	6,5229128074E-5
522	4,6704141867E-5	6,5269042271E-5
523	4,6765882563E-5	6,5308811099E-5
524	4,6829584145E-5	6,5349261058E-5
525	4,6896991322E-5	6,5388010295E-5
526	4,6964587489E-5	6,542700082E-5
527	4,7029153871E-5	6,5465675946E-5
528	4,7090718202E-5	6,5505233738E-5
529	4,7151202518E-5	6,554495647E-5
530	4,7212246421E-5	6,558387936E-5
531	4,7273168332E-5	6,5622598858E-5
532	4,7334168058E-5	6,5661010536E-5
533	4,7395095234E-5	6,5699234802E-5
534	4,7455939473E-5	6,5737299637E-5
535	4,7516686541E-5	6,5775196391E-5
536	4,7577354026E-5	6,5812935836E-5
537	4,7638036694E-5	6,585051009E-5
538	4,7700624539E-5	6,5888863497E-5
539	4,7766331104E-5	6,5926329136E-5
540	4,7832015437E-5	6,5963123114E-5
541	4,789666604E-5	6,5999854414E-5
542	4,7958822012E-5	6,6036135921E-5
543	4,8020032306E-5	6,6072387568E-5
544	4,8080657977E-5	6,6108646307E-5
545	4,8142876143E-5	6,6145768558E-5
546	4,8210055145E-5	6,618405652E-5
547	4,8272313606E-5	6,622050903E-5
548	4,8332974797E-5	6,6256391017E-5
549	4,8393034263E-5	6,6292029134E-5
550	4,8452809958E-5	6,6327495157E-5
551	4,8512425348E-5	6,6362805856E-5
552	4,8571927529E-5	6,6397957979E-5
553	4,8631329543E-5	6,6432952584E-5
554	4,8690644973E-5	6,6467787122E-5
555	4,8749877626E-5	6,6502468113E-5
556	4,8809035717E-5	6,6536969929E-5
557	4,8868100111E-5	6,6571315941E-5
558	4,8927078902E-5	6,6605505275E-5
559	4,8985970727E-5	6,663953633E-5
560	4,9044776271E-5	6,6673408454E-5
561	4,9103487433E-5	6,6707115694E-5
562	4,916209952E-5	6,6740683463E-5
563	4,9222143677E-5	6,6772758086E-5
564	4,9281240785E-5	6,6803226475E-5
565	4,9340571997E-5	6,6834218176E-5
566	4,9400626282E-5	6,6865879625E-5
567	4,946018136E-5	6,6898059847E-5
568	4,9518260803E-5	6,6931140508E-5
569	4,9576597695E-5	6,6963653914E-5
570	4,9634307779E-5	6,6995876357E-5
571	4,9690235926E-5	6,7026703601E-5
572	4,9744096692E-5	6,7055857075E-5
573	4,9795916796E-5	6,7083299489E-5
574	4,9846329866E-5	6,7109743378E-5
575	4,9896278952E-5	6,7135874109E-5
576	4,9945982427E-5	6,7161832368E-5
577	4,9995493262E-5	6,7187651909E-5
578	5,0044829554E-5	6,7213344218E-5
579	5,0093995788E-5	6,7238914172E-5
580	5,0143100442E-5	6,7264362392E-5
581	5,0191995307E-5	6,7289687924E-5
582	5,0240838628E-5	6,7314874619E-5
583	5,0289553149E-5	6,7339934312E-5
584	5,0338147703E-5	6,7364868135E-5
585	5,0386635917E-5	6,7389684566E-5
586	5,0435012208E-5	6,7414378385E-5
587	5,0483396868E-5	6,7438944823E-5
588	5,0531665046E-5	6,7463393755E-5
589	5,0579816419E-5	6,7487714303E-5
590	5,0627850851E-5	6,7511904937E-5
591	5,0675790941E-5	6,753595136E-5
592	5,0723639382E-5	6,7559851904E-5
593	5,0771396939E-5	6,7583606072E-5
594	5,0819064065E-5	6,7607213615E-5
595	5,0866640892E-5	6,7630675151E-5
596	5,0914127032E-5	6,7653998925E-5
597	5,0961525038E-5	6,767718069E-5
598	5,1008820586E-5	6,7700215827E-5
599	5,1056032184E-5	6,7723116687E-5
600	5,1103166946E-5	6,7745886829E-5
601	5,1150215341E-5	6,7768522222E-5
602	5,119717416E-5	6,779101823E-5
603	5,1244042599E-5	6,7813372952E-5
604	5,1290820524E-5	6,7835586094E-5
605	5,1337507793E-5	6,7857657612E-5
606	5,1384204156E-5	6,7879588522E-5
607	5,1430809827E-5	6,7901388199E-5
608	5,1477324951E-5	6,7923050942E-5
609	5,1523873171E-5	6,7944576207E-5
610	5,1570330765E-5	6,7965973697E-5
611	5,1616697743E-5	6,7987235284E-5
612	5,1662973491E-5	6,8008359686E-5
613	5,1709157983E-5	6,8029346411E-5
614	5,1755238797E-5	6,8050187325E-5
615	5,180122525E-5	6,8070889467E-5
616	5,1847186397E-5	6,8091455716E-5
617	5,1893054556E-5	6,8111892653E-5
618	5,1938829603E-5	6,8132198732E-5
619	5,1984512521E-5	6,8152374175E-5
620	5,2030115981E-5	6,8172416949E-5
621	5,2075626778E-5	6,8192327987E-5
622	5,2121044139E-5	6,8212106988E-5
623	5,2166368073E-5	6,8231753316E-5
624	5,2211598735E-5	6,825126677E-5
625	5,2256736879E-5	6,8270646534E-5
626	5,2301782005E-5	6,8289893266E-5
627	5,2346734044E-5	6,8309007261E-5
628	5,2391599986E-5	6,832798967E-5
629	5,2436372254E-5	6,8346841176E-5
630	5,2481051644E-5	6,8365560463E-5
631	5,2525637481E-5	6,8384149124E-5
632	5,2570110713E-5	6,8402620602E-5
633	5,2614465677E-5	6,8420978774E-5
634	5,265870036E-5	6,8439225578E-5
635	5,2702814308E-5	6,845736241E-5
636	5,2746808555E-5	6,8475391124E-5
637	5,2790681596E-5	6,8493313235E-5
638	5,2834556826E-5	6,8511128302E-5
639	5,2878310039E-5	6,8528843463E-5
640	5,2921942921E-5	6,8546453721E-5
641	5,2965452717E-5	6,856395986E-5
642	5,3008841837E-5	6,8581360955E-5
643	5,3052110905E-5	6,859865728E-5
644	5,3095256966E-5	6,8615849064E-5
645	5,3138284244E-5	6,8632936661E-5
646	5,3181196876E-5	6,864992412E-5
647	5,3223995004E-5	6,8666811397E-5
648	5,3266678534E-5	6,8683598159E-5
649	5,3309245564E-5	6,8700285505E-5
650	5,3351674914E-5	6,8716886107E-5
651	5,3393964692E-5	6,8733401286E-5
652	5,3436113929E-5	6,8749832875E-5
653	5,3478121985E-5	6,8766181905E-5
654	5,3519988953E-5	6,8782448342E-5
655	5,3561714977E-5	6,8798632547E-5
656	5,3603300215E-5	6,8814734697E-5
657	5,3644745006E-5	6,8830755191E-5
658	5,3686047767E-5	6,8846693547E-5
659	5,372720924E-5	6,8862550415E-5
660	5,3768231215E-5	6,8878327382E-5
661	5,3809116058E-5	6,8894027315E-5
662	5,3849862346E-5	6,890964889E-5
663	5,3890468846E-5	6,8925191986E-5
664	5,393093591E-5	6,8940657514E-5
665	5,3971263892E-5	6,8956045661E-5
666	5,4011453024E-5	6,8971356556E-5
667	5,4051503696E-5	6,8986590333E-5
668	5,4091441177E-5	6,9001747941E-5
669	5,4131241163E-5	6,9016828929E-5
670	5,4170920714E-5	6,9031832985E-5
671	5,4210461564E-5	6,9046761626E-5
672	5,4249980666E-5	6,9061614798E-5
673	5,4289362695E-5	6,9076397848E-5
674	5,4328608284E-5	6,9091107413E-5
675	5,4367727863E-5	6,9105747667E-5
676	5,440672923E-5	6,9120322344E-5
677	5,444561272E-5	6,9134831553E-5
678	5,4484377942E-5	6,9149274963E-5
679	5,4523027217E-5	6,9163654115E-5
680	5,4561561527E-5	6,9177970259E-5
681	5,4599981385E-5	6,9192249451E-5
682	5,4638287063E-5	6,9206468247E-5
683	5,4676497137E-5	6,9220639203E-5
684	5,4715490765E-5	6,9235214481E-5
685	5,4754615308E-5	6,9249879592E-5
686	5,479456472E-5	6,9265062406E-5
687	5,483367105E-5	6,9279727199E-5
688	5,4872689528E-5	6,9294345905E-5
689	5,4913068712E-5	6,9309882307E-5
690	5,4952780232E-5	6,9324985051E-5
691	5,4992480204E-5	6,9340087838E-5
692	5,5032910445E-5	6,9355670903E-5
693	5,5072520452E-5	6,937072751E-5
694	5,5112834353E-5	6,9386243802E-5
695	5,515231918E-5	6,940123495E-5
696	5,5192503796E-5	6,9416678404E-5
697	5,5231847435E-5	6,9431596575E-5
698	5,5271888954E-5	6,9446959825E-5
699	5,5311100905E-5	6,9461812092E-5
700	5,5351023191E-5	6,9477110078E-5
701	5,5390119325E-5	6,9491905477E-5
702	5,542991439E-5	6,9507134039E-5
703	5,5468882922E-5	6,9521866701E-5
704	5,5508549807E-5	6,9537025363E-5
705	5,5548190882E-5	6,9552175212E-5
706	5,5586970327E-5	6,9566815528E-5
707	5,5626447489E-5	6,9581870451E-5
708	5,566589883E-5	6,9596916746E-5
709	5,570461577E-5	6,9611467408E-5
710	5,5743291483E-5	6,962594655E-5
711	5,5781748601E-5	6,9640285504E-5
712	5,5818856933E-5	6,9653776603E-5
713	5,5854577056E-5	6,966660637E-5
714	5,5890939146E-5	6,9679692164E-5
715	5,5927185788E-5	6,9692733379E-5
716	5,5963322339E-5	6,9705726171E-5
717	5,5999489953E-5	6,9718675834E-5
718	5,6035567259E-5	6,9731588189E-5
719	5,6071556469E-5	6,9744461771E-5
720	5,6106568787E-5	6,9756933345E-5
721	5,6142294302E-5	6,976968045E-5
722	5,6177953631E-5	6,9782400325E-5
723	5,6213221286E-5	6,9795020806E-5
724	5,6248581584E-5	6,9807699178E-5
725	5,6283936602E-5	6,982038076E-5
726	5,6319188016E-5	6,9833044953E-5
727	5,6354957822E-5	6,9847322757E-5
728	5,6393461065E-5	6,986173587E-5
729	5,643166231E-5	6,9873338042E-5
730	5,6468437427E-5	6,9885779748E-5
731	5,6504306818E-5	6,9898304221E-5
732	5,6539639665E-5	6,9910802283E-5
733	5,6574673754E-5	6,9923258017E-5
734	5,6609534943E-5	6,9935675336E-5
735	5,6644282455E-5	6,9948058755E-5
736	5,6679477446E-5	6,9960630443E-5
737	5,6714654428E-5	6,9973206929E-5
738	5,6749784616E-5	6,9985767399E-5
739	5,6784803115E-5	6,9998305317E-5
740	5,6819818753E-5	7,0010814054E-5
741	5,6854773947E-5	7,0023297745E-5
742	5,6889668665E-5	7,0035756456E-5
743	5,6924446152E-5	7,0048189403E-5
744	5,6959182085E-5	7,0060597884E-5
745	5,6993845153E-5	7,0072960082E-5
746	5,7028492186E-5	7,0085315728E-5
747	5,7063024921E-5	7,00976285E-5
748	5,7097482024E-5	7,0109891108E-5
749	5,7131881487E-5	7,0122122128E-5
750	5,7166162192E-5	7,0134329182E-5
751	5,7200420442E-5	7,0146512428E-5
752	5,7234713409E-5	7,0158678848E-5
753	5,7268988966E-5	7,0170823674E-5
754	5,7303163461E-5	7,0182951668E-5
755	5,7337322586E-5	7,0195053363E-5
756	5,7371376903E-5	7,0207137342E-5
757	5,7405418359E-5	7,021919412E-5
758	5,7439352323E-5	7,0231233657E-5
759	5,7473276595E-5	7,0243250129E-5
760	5,7507119942E-5	7,025526372E-5
761	5,754092977E-5	7,0267241991E-5
762	5,7574654175E-5	7,027921386E-5
763	5,7608343504E-5	7,0291152352E-5
764	5,7641946197E-5	7,0303082219E-5
765	5,7675512803E-5	7,0314980517E-5
766	5,7709007679E-5	7,0326868426E-5
767	5,7742467369E-5	7,0338728106E-5
768	5,7775868043E-5	7,0350593326E-5
769	5,7809214073E-5	7,0362420667E-5
770	5,7842496033E-5	7,0374248808E-5
771	5,7875722624E-5	7,0386041322E-5
772	5,7908884052E-5	7,039783155E-5
773	5,7941991641E-5	7,0409589488E-5
774	5,7975033115E-5	7,0421342122E-5
775	5,8008022421E-5	7,0433065472E-5
776	5,8040925659E-5	7,0444770026E-5
777	5,807379443E-5	7,0456458123E-5
778	5,8106559701E-5	7,0468102631E-5
779	5,8139430993E-5	7,0479811419E-5
780	5,8172180334E-5	7,0491477154E-5
781	5,8204885549E-5	7,0503099566E-5
782	5,8236226615E-5	7,051396086E-5
783	5,8268178009E-5	7,0525233102E-5
784	5,8299125585E-5	7,0535923101E-5
785	5,8330884742E-5	7,0547093035E-5
786	5,8361760653E-5	7,0557730826E-5
787	5,8392003334E-5	7,0568073266E-5
788	5,8421988376E-5	7,0578324224E-5
789	5,8451747526E-5	7,0588473168E-5
790	5,848144401E-5	7,0598633496E-5
791	5,8511004902E-5	7,0608715408E-5
792	5,8540543775E-5	7,0618812317E-5
793	5,8569894585E-5	7,062883805E-5
794	5,8599251498E-5	7,0638874725E-5
795	5,8628455917E-5	7,0648841841E-5
796	5,8657601057E-5	7,0658820851E-5
797	5,8686628782E-5	7,0668728768E-5
798	5,8715637348E-5	7,0678634757E-5
799	5,8744543899E-5	7,068849617E-5
800	5,8773387089E-5	7,0698361789E-5
801	5,8802214296E-5	7,0708159131E-5
802	5,8830904389E-5	7,0717941629E-5
803	5,88597925E-5	7,0727721978E-5
804	5,888852563E-5	7,0737439432E-5
805	5,8916186764E-5	7,0746588641E-5
806	5,8943489665E-5	7,0755615603E-5
807	5,8970683698E-5	7,0764539225E-5
808	5,8997712538E-5	7,0773408303E-5
809	5,9024617231E-5	7,0782239977E-5
810	5,9053272551E-5	7,0789905872E-5
811	5,9082549519E-5	7,0797292842E-5
812	5,9112017789E-5	7,0804582667E-5
813	5,9139925937E-5	7,0812816737E-5
814	5,9167834121E-5	7,0820759867E-5
815	5,9194919568E-5	7,0829154227E-5
816	5,9221514206E-5	7,0837681781E-5
817	5,9247931854E-5	7,0846240877E-5
818	5,9275071782E-5	7,0854212718E-5
819	5,9301685693E-5	7,0862557996E-5
820	5,9327937451E-5	7,0871010063E-5
821	5,9354073169E-5	7,0879484332E-5
822	5,9379958247E-5	7,0887956449E-5
823	5,9405835943E-5	7,0896411563E-5
824	5,9431647977E-5	7,0904850833E-5
825	5,9457745039E-5	7,091326886E-5
826	5,9483527376E-5	7,0921675464E-5
827	5,9509439708E-5	7,0930056693E-5
828	5,953504048E-5	7,093842277E-5
829	5,9560866562E-5	7,0946761378E-5
830	5,9586603256E-5	7,0955081474E-5
831	5,9612327567E-5	7,0963377978E-5
832	5,963796657E-5	7,0971648081E-5
833	5,9663586348E-5	7,0979893066E-5
834	5,9689126371E-5	7,0988109905E-5
835	5,9714578294E-5	7,0996301754E-5
836	5,9740083289E-5	7,1004464617E-5
837	5,9765764936E-5	7,1012621663E-5
838	5,9791550132E-5	7,1020775723E-5
839	5,9817090475E-5	7,102894009E-5
840	5,9843010519E-5	7,1037096332E-5
841	5,9868549658E-5	7,1044917563E-5
842	5,9894527748E-5	7,105257411E-5
843	5,9921022478E-5	7,1060136015E-5
844	5,994776344E-5	7,1067767417E-5
845	5,9974581935E-5	7,1075388043E-5
846	6,0001430441E-5	7,1082996802E-5
847	6,0028256074E-5	7,1090579564E-5
848	6,0055140912E-5	7,1098131268E-5
849	6,0083326086E-5	7,1104918562E-5
850	6,0110771924E-5	7,1112305607E-5
851	6,0137752964E-5	7,1119649935E-5
852	6,0165801316E-5	7,1126307579E-5
853	6,0194407179E-5	7,1132830352E-5
854	6,0222996627E-5	7,1139251918E-5
855	6,0251433397E-5	7,114561148E-5
856	6,027973434E-5	7,1151926081E-5
857	6,0308312401E-5	7,1158201168E-5
858	6,0336174445E-5	7,1164809243E-5
859	6,0363180395E-5	7,1171940389E-5
860	6,0389770988E-5	7,1179111275E-5
861	6,0416265442E-5	7,1186252783E-5
862	6,0442687787E-5	7,1193361927E-5
863	6,0469040853E-5	7,120044148E-5
864	6,0495477947E-5	7,1207493327E-5
865	6,0521825394E-5	7,1214509737E-5
866	6,0549310882E-5	7,1220785067E-5
867	6,057630631E-5	7,122753698E-5
868	6,0604094458E-5	7,1233781925E-5
869	6,0632416512E-5	7,1239871364E-5
870	6,0660795368E-5	7,1245894655E-5
871	6,0689153635E-5	7,1251876898E-5
872	6,0717418458E-5	7,1257829293E-5
873	6,0745589155E-5	7,1263755237E-5
874	6,0773667263E-5	7,1269656281E-5
875	6,0801715754E-5	7,1275534074E-5
876	6,0829789276E-5	7,1281388948E-5
877	6,085785029E-5	7,1287221334E-5
878	6,0885818236E-5	7,129303159E-5
879	6,0913871654E-5	7,1298819914E-5
880	6,0941832211E-5	7,1304587622E-5
881	6,0969721706E-5	7,131033213E-5
882	6,0997264998E-5	7,1316036956E-5
883	6,1024646457E-5	7,1321714099E-5
884	6,1051963947E-5	7,1327367488E-5
885	6,10791823E-5	7,1332999479E-5
886	6,110634983E-5	7,1338602874E-5
887	6,1133425878E-5	7,134417503E-5
888	6,1160411479E-5	7,1349714667E-5
889	6,1187568841E-5	7,1355222103E-5
890	6,1214199901E-5	7,1360545416E-5
891	6,1240743854E-5	7,1365785083E-5
892	6,1267965322E-5	7,1370981096E-5
893	6,1298046052E-5	7,1376935536E-5
894	6,1332409986E-5	7,1385006429E-5
895	6,1371286028E-5	7,139568644E-5
896	6,1414014382E-5	7,1408346225E-5
897	6,1443130354E-5	7,1414085531E-5
898	6,1470163996E-5	7,141952493E-5
899	6,1497034951E-5	7,1424915886E-5
900	6,1523857977E-5	7,143019326E-5
901	6,155041088E-5	7,1435503121E-5
902	6,1576956897E-5	7,1440709234E-5
903	6,1603251101E-5	7,1445970478E-5
904	6,1629610831E-5	7,145111959E-5
905	6,1655711914E-5	7,1456337257E-5
906	6,1681900491E-5	7,1461430438E-5
907	6,1709452066E-5	7,1466736581E-5
908	6,1734978276E-5	7,1471813588E-5
909	6,1761131074E-5	7,1476973151E-5
910	6,1787444811E-5	7,1482244103E-5
911	6,1813720002E-5	7,148728416E-5
912	6,1839898298E-5	7,149239821E-5
913	6,1865959861E-5	7,1497621079E-5
914	6,1892006111E-5	7,1502860275E-5
915	6,1918196272E-5	7,1508100601E-5
916	6,1947732536E-5	7,1514039143E-5
917	6,1981506409E-5	7,1522116186E-5
918	6,201960635E-5	7,1532512339E-5
919	6,2060527362E-5	7,1544304437E-5
920	6,210672544E-5	7,155877767E-5
921	6,2155673244E-5	7,1574817908E-5
922	6,2205559757E-5	7,1591432307E-5
923	6,2255913323E-5	7,1608254541E-5
924	6,230644725E-5	7,1625146198E-5
925	6,2357038532E-5	7,1642052156E-5
926	6,240763536E-5	7,1658949884E-5
927	6,2458215802E-5	7,1675830369E-5
928	6,2508087881E-5	7,1692241829E-5
929	6,2557671247E-5	7,1708493942E-5
930	6,2607119647E-5	7,1724673673E-5
931	6,2656491554E-5	7,1740810988E-5
932	6,2705810213E-5	7,1756916442E-5
933	6,2755083214E-5	7,1772993371E-5
934	6,280431394E-5	7,1789043009E-5
935	6,2853503843E-5	7,1805065929E-5
936	6,2902653145E-5	7,1821062376E-5
937	6,29517622E-5	7,1837032461E-5
938	6,3000830986E-5	7,1852976237E-5
939	6,3049859635E-5	7,1868893733E-5
940	6,3098848211E-5	7,1884785088E-5
941	6,3147796373E-5	7,1900650194E-5
942	6,3196705763E-5	7,1916489064E-5
943	6,3245573539E-5	7,1932302168E-5
944	6,3294402761E-5	7,194808888E-5
945	6,3343190314E-5	7,1963849851E-5
946	6,3391938626E-5	7,1979584403E-5
947	6,3440645344E-5	7,1995293107E-5
948	6,3489313108E-5	7,2010975399E-5
949	6,3537939147E-5	7,2026631766E-5
950	6,3586526064E-5	7,2042261706E-5
951	6,3635071165E-5	7,2057865741E-5
952	6,3683590674E-5	7,2073443357E-5
953	6,3732054992E-5	7,2088995563E-5
954	6,3780493534E-5	7,2104521036E-5
955	6,3828890089E-5	7,2120021236E-5
956	6,3877247618E-5	7,2135495145E-5
957	6,3925695499E-5	7,2150943101E-5
958	6,3974102527E-5	7,2166365809E-5
959	6,4022465964E-5	7,21817622E-5
960	6,407078829E-5	7,2197131491E-5
961	6,4119066667E-5	7,2212474076E-5
962	6,4167303594E-5	7,2227789331E-5
963	6,4215494664E-5	7,2243076764E-5
964	6,4263641942E-5	7,2258335555E-5
965	6,4311744023E-5	7,2273566109E-5
966	6,4359799681E-5	7,2288768283E-5
967	6,4407811427E-5	7,2303941804E-5
968	6,4455777738E-5	7,2319086986E-5
969	6,4503698349E-5	7,2334203733E-5
970	6,4551573627E-5	7,2349291996E-5
971	6,4599403745E-5	7,2364351765E-5
972	6,4646451375E-5	7,2378949907E-5
973	6,4693357468E-5	7,2393445852E-5
974	6,474019168E-5	7,2407899566E-5
975	6,4787044086E-5	7,2422321602E-5
976	6,4833847715E-5	7,2436715491E-5
977	6,4879858509E-5	7,2450707522E-5
978	6,4925662643E-5	7,246458789E-5
979	6,4971360035E-5	7,2478413619E-5
980	6,5016988893E-5	7,2492201942E-5
981	6,5062562664E-5	7,2505960656E-5
982	6,5108090497E-5	7,2519691892E-5
983	6,5153572264E-5	7,2533397218E-5
984	6,5199011745E-5	7,2547076534E-5
985	6,5244406603E-5	7,2560730595E-5
986	6,5289759955E-5	7,2574358739E-5
987	6,5335068825E-5	7,2587961551E-5
988	6,5380335986E-5	7,2601538524E-5
989	6,5425560229E-5	7,261509025E-5
990	6,5470740071E-5	7,2628616598E-5
991	6,5515878494E-5	7,2642117035E-5
992	6,5560974026E-5	7,2655592176E-5
993	6,5606026942E-5	7,2669042281E-5
994	6,5651036812E-5	7,2682467263E-5
995	6,5696004072E-5	7,2695867251E-5
996	6,5740928493E-5	7,2709242143E-5
997	6,5785810282E-5	7,2722591905E-5
998	6,583064906E-5	7,2735916541E-5
999	6,5875444981E-5	7,2749216073E-5
1000	6,5920198128E-5	7,2762490524E-5
