0 4 9 iMM904.cmd 1E-7
0 4 9 iJN1463.cmd 1E-8
0 12 14 iMM904.cmd 1E-7
0 12 14 iJN1463.cmd 1E-8
0 12 1 iMM904.cmd 1E-7
0 12 1 iJN1463.cmd 1E-8
0 13 5 iMM904.cmd 1E-7
0 13 5 iJN1463.cmd 1E-8
0 6 10 iMM904.cmd 1E-7
0 6 10 iJN1463.cmd 1E-8
0 7 13 iMM904.cmd 1E-7
0 7 13 iJN1463.cmd 1E-8
0 11 9 iMM904.cmd 1E-7
0 11 9 iJN1463.cmd 1E-8
0 3 13 iMM904.cmd 1E-7
0 3 13 iJN1463.cmd 1E-8
0 2 1 iMM904.cmd 1E-7
0 2 1 iJN1463.cmd 1E-8
0 3 2 iMM904.cmd 1E-7
0 3 2 iJN1463.cmd 1E-8
0 12 3 iMM904.cmd 1E-7
0 12 3 iJN1463.cmd 1E-8
0 10 8 iMM904.cmd 1E-7
0 10 8 iJN1463.cmd 1E-8
0 1 12 iMM904.cmd 1E-7
0 1 12 iJN1463.cmd 1E-8
0 5 6 iMM904.cmd 1E-7
0 5 6 iJN1463.cmd 1E-8
0 6 9 iMM904.cmd 1E-7
0 6 9 iJN1463.cmd 1E-8
500 4 9 iMM904.cmd 4,1024811653E-7
500 4 9 iJN1463.cmd 5,5023958526E-7
500 12 14 iMM904.cmd 2,6667834512E-8
500 12 14 iJN1463.cmd 1,5004895164E-8
500 12 1 iMM904.cmd 9,5693278545E-8
500 12 1 iJN1463.cmd 9,1224649069E-8
500 13 5 iMM904.cmd 1,1442620051E-7
500 13 5 iJN1463.cmd 1,0771286322E-7
500 6 10 iMM904.cmd 2,9349360511E-7
500 6 10 iJN1463.cmd 3,7229767863E-7
500 7 13 iMM904.cmd 1,7073560222E-7
500 7 13 iJN1463.cmd 2,1581365475E-7
500 11 9 iMM904.cmd 1,1205072425E-7
500 11 9 iJN1463.cmd 1,1206845351E-7
500 3 13 iMM904.cmd 3,7921517166E-7
500 3 13 iJN1463.cmd 5,1130460084E-7
500 2 1 iMM904.cmd 6,26204076E-7
500 2 1 iJN1463.cmd 8,4923845382E-7
500 3 2 iMM904.cmd 5,2188847606E-7
500 3 2 iJN1463.cmd 7,0156363933E-7
500 12 3 iMM904.cmd 1,0947328011E-7
500 12 3 iJN1463.cmd 1,039656253E-7
500 10 8 iMM904.cmd 1,078752006E-7
500 10 8 iJN1463.cmd 1,1071127122E-7
500 1 12 iMM904.cmd 5,5258432835E-7
500 1 12 iJN1463.cmd 7,7780238196E-7
500 5 6 iMM904.cmd 3,2621115124E-7
500 5 6 iJN1463.cmd 4,4250917061E-7
500 6 9 iMM904.cmd 2,830223053E-7
500 6 9 iJN1463.cmd 3,5126873641E-7
500 0 12 iMM904.cmd 3,0646416036E-7
500 0 12 iJN1463.cmd 3,9593234908E-7
500 1 11 iMM904.cmd 5,5488265123E-7
500 1 11 iJN1463.cmd 7,9466814566E-7
500 1 13 iMM904.cmd 4,5916114225E-7
500 1 13 iJN1463.cmd 6,4181901357E-7
500 2 0 iMM904.cmd 5,736499082E-7
500 2 0 iJN1463.cmd 7,9312310861E-7
500 2 2 iMM904.cmd 5,9969348853E-7
500 2 2 iJN1463.cmd 8,2451502088E-7
500 2 12 iMM904.cmd 5,8997901781E-7
500 2 12 iJN1463.cmd 8,2980197258E-7
500 3 1 iMM904.cmd 5,8029821015E-7
500 3 1 iJN1463.cmd 7,8103451985E-7
500 3 3 iMM904.cmd 4,5330060764E-7
500 3 3 iJN1463.cmd 6,0542346267E-7
500 3 9 iMM904.cmd 4,1837857101E-7
500 3 9 iJN1463.cmd 5,6822233391E-7
500 3 12 iMM904.cmd 4,7703704132E-7
500 3 12 iJN1463.cmd 6,6040235221E-7
500 3 14 iMM904.cmd 1,9798964652E-7
500 3 14 iJN1463.cmd 2,3719494763E-7
500 4 2 iMM904.cmd 3,7635281071E-7
500 4 2 iJN1463.cmd 5,081618143E-7
500 4 6 iMM904.cmd 3,7360351769E-7
500 4 6 iJN1463.cmd 5,2728016698E-7
500 4 8 iMM904.cmd 3,8542032425E-7
500 4 8 iJN1463.cmd 5,2213326083E-7
500 4 10 iMM904.cmd 3,949405143E-7
500 4 10 iJN1463.cmd 5,3119632102E-7
500 4 13 iMM904.cmd 3,2052992928E-7
500 4 13 iJN1463.cmd 4,3146975424E-7
500 5 5 iMM904.cmd 3,0034137899E-7
500 5 5 iJN1463.cmd 4,1342151666E-7
500 5 7 iMM904.cmd 3,3562095191E-7
500 5 7 iJN1463.cmd 4,4911354381E-7
500 5 10 iMM904.cmd 3,4243856163E-7
500 5 10 iJN1463.cmd 4,5017115568E-7
500 6 6 iMM904.cmd 2,6809553011E-7
500 6 6 iJN1463.cmd 3,5701923746E-7
500 6 8 iMM904.cmd 2,7872982406E-7
500 6 8 iJN1463.cmd 3,5491881821E-7
500 6 11 iMM904.cmd 2,9529347171E-7
500 6 11 iJN1463.cmd 3,8564711083E-7
500 6 13 iMM904.cmd 2,1213847564E-7
500 6 13 iJN1463.cmd 2,7630437027E-7
500 7 9 iMM904.cmd 2,4126114866E-7
500 7 9 iJN1463.cmd 2,9531069934E-7
500 7 10 iMM904.cmd 2,2744552981E-7
500 7 10 iJN1463.cmd 2,7985485945E-7
500 7 12 iMM904.cmd 1,9451606599E-7
500 7 12 iJN1463.cmd 2,5143099086E-7
500 7 14 iMM904.cmd 1,1393780926E-7
500 7 14 iJN1463.cmd 1,2689450613E-7
500 8 13 iMM904.cmd 1,2166559608E-7
500 8 13 iJN1463.cmd 1,5129473611E-7
500 9 8 iMM904.cmd 9,7316853674E-8
500 9 8 iJN1463.cmd 1,0543550172E-7
500 10 7 iMM904.cmd 7,77266883E-8
500 10 7 iJN1463.cmd 7,9341580782E-8
500 10 9 iMM904.cmd 1,0806443281E-7
500 10 9 iJN1463.cmd 1,104711875E-7
500 11 1 iMM904.cmd 8,0097579026E-8
500 11 1 iJN1463.cmd 7,745401845E-8
500 11 3 iMM904.cmd 8,4789138482E-8
500 11 3 iJN1463.cmd 8,1581674457E-8
500 11 8 iMM904.cmd 1,1394211337E-7
500 11 8 iJN1463.cmd 1,1258851923E-7
500 11 10 iMM904.cmd 9,185357735E-8
500 11 10 iJN1463.cmd 9,5161446849E-8
500 11 14 iMM904.cmd 2,862921214E-8
500 11 14 iJN1463.cmd 2,0719978685E-8
500 12 0 iMM904.cmd 8,8089198933E-8
500 12 0 iJN1463.cmd 8,402159186E-8
500 12 4 iMM904.cmd 1,0740215827E-7
500 12 4 iJN1463.cmd 1,017794816E-7
500 12 5 iMM904.cmd 1,0397417563E-7
500 12 5 iJN1463.cmd 9,8071007735E-8
500 12 9 iMM904.cmd 9,0193712215E-8
500 12 9 iJN1463.cmd 8,7520059849E-8
500 12 13 iMM904.cmd 3,111073738E-8
500 12 13 iJN1463.cmd 2,7094366233E-8
500 13 1 iMM904.cmd 7,7179208158E-8
500 13 1 iJN1463.cmd 7,2173333866E-8
500 13 3 iMM904.cmd 9,5810783703E-8
500 13 3 iJN1463.cmd 8,9738561294E-8
500 13 4 iMM904.cmd 1,0791462718E-7
500 13 4 iJN1463.cmd 1,0138902087E-7
500 13 14 iMM904.cmd 2,0865696321E-8
500 13 14 iJN1463.cmd 1,0116146588E-8
500 14 5 iMM904.cmd 9,0450286374E-8
500 14 5 iJN1463.cmd 8,4300686633E-8
500 3 0 iMM904.cmd 5,0913159766E-7
500 3 0 iJN1463.cmd 6,9930899114E-7
500 5 8 iMM904.cmd 3,3276085061E-7
500 5 8 iJN1463.cmd 4,3904528729E-7
500 6 7 iMM904.cmd 2,9334579447E-7
500 6 7 iJN1463.cmd 3,8334407538E-7
500 6 12 iMM904.cmd 2,5478447679E-7
500 6 12 iJN1463.cmd 3,364769685E-7
500 4 7 iMM904.cmd 3,7991721746E-7
500 4 7 iJN1463.cmd 5,2754819495E-7
500 9 9 iMM904.cmd 9,7650057324E-8
500 9 9 iJN1463.cmd 1,0508293263E-7
500 10 10 iMM904.cmd 8,777771008E-8
500 10 10 iJN1463.cmd 9,5127663613E-8
500 11 7 iMM904.cmd 7,5229308652E-8
500 11 7 iJN1463.cmd 7,3883621536E-8
500 0 11 iMM904.cmd 2,9920176236E-7
500 0 11 iJN1463.cmd 3,9717028643E-7
500 0 13 iMM904.cmd 2,5105178581E-7
500 0 13 iJN1463.cmd 3,2028672557E-7
500 1 2 iMM904.cmd 4,9396653343E-7
500 1 2 iJN1463.cmd 7,1753049854E-7
500 2 11 iMM904.cmd 5,8140075696E-7
500 2 11 iJN1463.cmd 8,233520728E-7
500 3 8 iMM904.cmd 4,0553194113E-7
500 3 8 iJN1463.cmd 5,6280629653E-7
500 3 10 iMM904.cmd 4,2808928142E-7
500 3 10 iJN1463.cmd 5,8440685607E-7
500 4 3 iMM904.cmd 3,5456765924E-7
500 4 3 iJN1463.cmd 4,8150601748E-7
500 4 5 iMM904.cmd 3,5069640846E-7
500 4 5 iJN1463.cmd 4,9942442265E-7
500 4 12 iMM904.cmd 3,8108332202E-7
500 4 12 iJN1463.cmd 5,2246071604E-7
500 5 11 iMM904.cmd 3,3177876536E-7
500 5 11 iJN1463.cmd 4,4401604677E-7
500 5 13 iMM904.cmd 2,5709171662E-7
500 5 13 iJN1463.cmd 3,4333515211E-7
500 6 5 iMM904.cmd 2,4157017959E-7
500 6 5 iJN1463.cmd 3,2810661527E-7
500 7 8 iMM904.cmd 2,0542945746E-7
500 7 8 iJN1463.cmd 2,5313033086E-7
500 8 12 iMM904.cmd 1,351172888E-7
500 8 12 iJN1463.cmd 1,7230520701E-7
500 9 7 iMM904.cmd 7,1331820326E-8
500 9 7 iJN1463.cmd 7,6371035835E-8
500 11 0 iMM904.cmd 7,3814329405E-8
500 11 0 iJN1463.cmd 7,2695999183E-8
500 11 2 iMM904.cmd 8,4218514876E-8
500 11 2 iJN1463.cmd 7,9985703809E-8
500 11 4 iMM904.cmd 8,0677116386E-8
500 11 4 iJN1463.cmd 7,7797927728E-8
500 13 0 iMM904.cmd 7,2165990534E-8
500 13 0 iJN1463.cmd 6,7442174836E-8
500 13 2 iMM904.cmd 7,5915563685E-8
500 13 2 iJN1463.cmd 7,037310967E-8
500 14 4 iMM904.cmd 9,0733052602E-8
500 14 4 iJN1463.cmd 8,4250075723E-8
500 4 14 iMM904.cmd 1,8347183005E-7
500 4 14 iJN1463.cmd 2,2104641526E-7
500 6 14 iMM904.cmd 1,3170806055E-7
500 6 14 iJN1463.cmd 1,5248528025E-7
500 8 14 iMM904.cmd 8,3552605037E-8
500 8 14 iJN1463.cmd 9,0946049693E-8
500 11 13 iMM904.cmd 3,7995817742E-8
500 11 13 iJN1463.cmd 3,8717286193E-8
500 13 13 iMM904.cmd 2,3581761764E-8
500 13 13 iJN1463.cmd 1,8679166177E-8
500 1 0 iMM904.cmd 4,8012150032E-7
500 1 0 iJN1463.cmd 6,8240891016E-7
500 1 10 iMM904.cmd 5,247381793E-7
500 1 10 iJN1463.cmd 7,8106238108E-7
500 1 14 iMM904.cmd 2,0212035394E-7
500 1 14 iJN1463.cmd 2,5588195917E-7
500 3 6 iMM904.cmd 4,0869051519E-7
500 3 6 iJN1463.cmd 6,091079412E-7
500 3 11 iMM904.cmd 4,7660845296E-7
500 3 11 iJN1463.cmd 6,6205145468E-7
500 4 11 iMM904.cmd 3,9440165954E-7
500 4 11 iJN1463.cmd 5,3883594925E-7
500 5 2 iMM904.cmd 2,3404905511E-7
500 5 2 iJN1463.cmd 3,2565093888E-7
500 5 4 iMM904.cmd 2,7764487622E-7
500 5 4 iJN1463.cmd 3,8401999777E-7
500 7 6 iMM904.cmd 2,0977224887E-7
500 7 6 iJN1463.cmd 2,8043537054E-7
500 8 8 iMM904.cmd 1,1677512315E-7
500 8 8 iJN1463.cmd 1,3752433798E-7
500 8 10 iMM904.cmd 1,4583910681E-7
500 8 10 iJN1463.cmd 1,763228112E-7
500 10 1 iMM904.cmd 5,2413731114E-8
500 10 1 iJN1463.cmd 5,4327279478E-8
500 10 3 iMM904.cmd 5,2930745423E-8
500 10 3 iJN1463.cmd 5,5482214156E-8
500 11 11 iMM904.cmd 6,3053619732E-8
500 11 11 iJN1463.cmd 6,9135375438E-8
500 12 6 iMM904.cmd 6,5689611753E-8
500 12 6 iJN1463.cmd 6,1956955025E-8
500 13 9 iMM904.cmd 3,6393206406E-8
500 13 9 iJN1463.cmd 3,5752923231E-8
500 14 1 iMM904.cmd 5,7109938478E-8
500 14 1 iJN1463.cmd 5,2287231853E-8
500 14 3 iMM904.cmd 7,6948303554E-8
500 14 3 iJN1463.cmd 7,0931267392E-8
500 14 6 iMM904.cmd 5,3005999955E-8
500 14 6 iJN1463.cmd 4,8809932901E-8
500 9 13 iMM904.cmd 7,5954895442E-8
500 9 13 iJN1463.cmd 9,3186866009E-8
500 10 6 iMM904.cmd 5,1199403181E-8
500 10 6 iJN1463.cmd 5,1243979998E-8
500 12 12 iMM904.cmd 3,2025017226E-8
500 12 12 iJN1463.cmd 3,17532532E-8
500 2 14 iMM904.cmd 1,3692707077E-7
500 2 14 iJN1463.cmd 1,55016702E-7
500 5 12 iMM904.cmd 3,0640057399E-7
500 5 12 iJN1463.cmd 4,1438506146E-7
500 9 10 iMM904.cmd 9,3817331874E-8
500 9 10 iJN1463.cmd 1,0810549844E-7
500 3 7 iMM904.cmd 4,0881415842E-7
500 3 7 iJN1463.cmd 5,96707483E-7
500 4 4 iMM904.cmd 3,1947511155E-7
500 4 4 iJN1463.cmd 4,4412542009E-7
500 11 6 iMM904.cmd 5,767246516E-8
500 11 6 iJN1463.cmd 5,6032345988E-8
500 5 3 iMM904.cmd 2,7835479813E-7
500 5 3 iJN1463.cmd 3,8389211802E-7
500 5 14 iMM904.cmd 1,5163300317E-7
500 5 14 iJN1463.cmd 1,8129647226E-7
500 12 7 iMM904.cmd 4,8932164106E-8
500 12 7 iJN1463.cmd 4,6835417665E-8
500 14 2 iMM904.cmd 6,1358021114E-8
500 14 2 iJN1463.cmd 5,6003475168E-8
500 10 11 iMM904.cmd 6,4152608183E-8
500 10 11 iJN1463.cmd 7,3791164521E-8
500 4 0 iMM904.cmd 3,3724823543E-7
500 4 0 iJN1463.cmd 4,7630958284E-7
500 0 10 iMM904.cmd 2,6067860257E-7
500 0 10 iJN1463.cmd 3,6549488907E-7
500 9 12 iMM904.cmd 8,0927596667E-8
500 9 12 iJN1463.cmd 1,0134785078E-7
500 10 4 iMM904.cmd 4,7642388235E-8
500 10 4 iJN1463.cmd 5,0107920036E-8
500 3 5 iMM904.cmd 4,0111758618E-7
500 3 5 iJN1463.cmd 6,0580295347E-7
500 6 4 iMM904.cmd 2,4051982231E-7
500 6 4 iJN1463.cmd 3,3151856192E-7
500 7 5 iMM904.cmd 1,7235281533E-7
500 7 5 iJN1463.cmd 2,3408188046E-7
500 8 7 iMM904.cmd 7,7196924749E-8
500 8 7 iJN1463.cmd 8,8388005779E-8
500 10 0 iMM904.cmd 4,9224063861E-8
500 10 0 iJN1463.cmd 5,2885743051E-8
500 14 0 iMM904.cmd 5,2621338079E-8
500 14 0 iJN1463.cmd 4,8123634082E-8
500 0 14 iMM904.cmd 1,4818299837E-7
500 0 14 iJN1463.cmd 1,7627239333E-7
500 9 6 iMM904.cmd 4,9357219241E-8
500 9 6 iJN1463.cmd 5,1256073967E-8
500 11 12 iMM904.cmd 4,471495076E-8
500 11 12 iJN1463.cmd 4,9331249374E-8
500 10 14 iMM904.cmd 3,3963175964E-8
500 10 14 iJN1463.cmd 3,1824813334E-8
500 14 14 iMM904.cmd 1,5281988084E-8
500 14 14 iJN1463.cmd 6,4787986811E-9
500 0 2 iMM904.cmd 2,04438744E-7
500 0 2 iJN1463.cmd 2,8473414423E-7
500 1 3 iMM904.cmd 4,3803999994E-7
500 1 3 iJN1463.cmd 6,728415188E-7
500 9 14 iMM904.cmd 5,2147957012E-8
500 9 14 iJN1463.cmd 5,5037706616E-8
500 10 13 iMM904.cmd 4,9307976403E-8
500 10 13 iJN1463.cmd 5,7327698169E-8
500 13 12 iMM904.cmd 2,2942996418E-8
500 13 12 iJN1463.cmd 2,0910401386E-8
500 0 0 iMM904.cmd 2,0261915527E-7
500 0 0 iJN1463.cmd 2,7183059676E-7
500 14 7 iMM904.cmd 2,5169988562E-8
500 14 7 iJN1463.cmd 2,3596393903E-8
500 1 9 iMM904.cmd 4,731415129E-7
500 1 9 iJN1463.cmd 7,3271468171E-7
500 5 1 iMM904.cmd 1,7038310447E-7
500 5 1 iJN1463.cmd 2,4727940631E-7
500 6 2 iMM904.cmd 1,31330359E-7
500 6 2 iJN1463.cmd 1,9050050164E-7
500 10 5 iMM904.cmd 3,7859495453E-8
500 10 5 iJN1463.cmd 3,8988175311E-8
500 9 1 iMM904.cmd 3,6686474472E-8
500 9 1 iJN1463.cmd 4,2361890123E-8
500 9 3 iMM904.cmd 3,733728502E-8
500 9 3 iJN1463.cmd 4,6579008234E-8
500 13 8 iMM904.cmd 2,0796581774E-8
500 13 8 iJN1463.cmd 2,0096880319E-8
500 13 10 iMM904.cmd 1,9067773189E-8
500 13 10 iJN1463.cmd 1,8985621299E-8
500 14 9 iMM904.cmd 1,7809452376E-8
500 14 9 iJN1463.cmd 1,7611176833E-8
500 2 6 iMM904.cmd 4,1990788835E-7
500 2 6 iJN1463.cmd 6,6032415166E-7
500 14 13 iMM904.cmd 1,7593191924E-8
500 14 13 iJN1463.cmd 1,3096783E-8
500 9 11 iMM904.cmd 7,0311016521E-8
500 9 11 iJN1463.cmd 8,4625547011E-8
500 10 12 iMM904.cmd 5,5762349233E-8
500 10 12 iJN1463.cmd 6,6779432685E-8
500 2 7 iMM904.cmd 4,2291473894E-7
500 2 7 iJN1463.cmd 6,5893876677E-7
500 13 7 iMM904.cmd 2,4704587665E-8
500 13 7 iJN1463.cmd 2,3590993395E-8
500 5 0 iMM904.cmd 1,9399802311E-7
500 5 0 iJN1463.cmd 2,8328846506E-7
500 0 3 iMM904.cmd 1,9249490865E-7
500 0 3 iJN1463.cmd 2,8641748279E-7
500 2 5 iMM904.cmd 4,1944094293E-7
500 2 5 iJN1463.cmd 6,6978068145E-7
500 9 0 iMM904.cmd 3,6786406342E-8
500 9 0 iJN1463.cmd 4,6419267786E-8
500 9 4 iMM904.cmd 3,738384379E-8
500 9 4 iJN1463.cmd 4,6878716815E-8
500 8 5 iMM904.cmd 9,3909801479E-8
500 8 5 iJN1463.cmd 1,305711028E-7
500 0 9 iMM904.cmd 2,1174176384E-7
500 0 9 iJN1463.cmd 3,1767356469E-7
500 0 1 iMM904.cmd 1,1772850777E-7
500 0 1 iJN1463.cmd 1,5272207465E-7
500 1 4 iMM904.cmd 3,921491605E-7
500 1 4 iJN1463.cmd 6,3161927919E-7
500 6 1 iMM904.cmd 1,1538204226E-7
500 6 1 iJN1463.cmd 1,725419312E-7
500 14 8 iMM904.cmd 1,6035254922E-8
500 14 8 iJN1463.cmd 1,5505342281E-8
500 14 12 iMM904.cmd 1,5566541055E-8
500 14 12 iJN1463.cmd 1,315187121E-8
500 1 8 iMM904.cmd 4,161431096E-7
500 1 8 iJN1463.cmd 6,6530869959E-7
500 1 6 iMM904.cmd 3,6562367402E-7
500 1 6 iJN1463.cmd 5,9172310983E-7
500 7 2 iMM904.cmd 6,8039948175E-8
500 7 2 iJN1463.cmd 1,033896048E-7
500 1 7 iMM904.cmd 3,8010201207E-7
500 1 7 iJN1463.cmd 6,114596721E-7
500 8 3 iMM904.cmd 3,8753937611E-8
500 8 3 iJN1463.cmd 5,6734246103E-8
500 1 5 iMM904.cmd 3,679916806E-7
500 1 5 iJN1463.cmd 5,9809797566E-7
500 2 4 iMM904.cmd 4,3239243433E-7
500 2 4 iJN1463.cmd 7,0810525349E-7
500 6 0 iMM904.cmd 1,142748659E-7
500 6 0 iJN1463.cmd 1,7316848684E-7
500 8 4 iMM904.cmd 4,8550164964E-8
500 8 4 iJN1463.cmd 6,8150867688E-8
500 14 10 iMM904.cmd 1,2287746895E-8
500 14 10 iJN1463.cmd 1,1998606711E-8
500 0 4 iMM904.cmd 1,5949214678E-7
500 0 4 iJN1463.cmd 2,5521729976E-7
500 0 8 iMM904.cmd 1,6880243447E-7
500 0 8 iJN1463.cmd 2,6994552105E-7
500 7 1 iMM904.cmd 7,5034770696E-8
500 7 1 iJN1463.cmd 1,1612905091E-7
500 8 0 iMM904.cmd 4,2247054728E-8
500 8 0 iJN1463.cmd 6,3583309471E-8
500 0 6 iMM904.cmd 1,3628185896E-7
500 0 6 iJN1463.cmd 2,2736099089E-7
500 7 3 iMM904.cmd 4,3774192058E-8
500 7 3 iJN1463.cmd 6,7581445057E-8
500 8 2 iMM904.cmd 4,3887600515E-8
500 8 2 iJN1463.cmd 6,7769255055E-8
500 0 7 iMM904.cmd 1,4470133838E-7
500 0 7 iJN1463.cmd 2,3853372441E-7
500 0 5 iMM904.cmd 1,3978251508E-7
500 0 5 iJN1463.cmd 2,3225834108E-7
500 7 0 iMM904.cmd 6,8035502012E-8
500 7 0 iJN1463.cmd 1,0613495504E-7
500 14 11 iMM904.cmd 1,0389900001E-8
500 14 11 iJN1463.cmd 8,8018547176E-9
1000 4 9 iMM904.cmd 4,6468918767E-7
1000 4 9 iJN1463.cmd 6,7455601735E-7
1000 12 14 iMM904.cmd 3,4432629263E-8
1000 12 14 iJN1463.cmd 3,4284171911E-8
1000 12 1 iMM904.cmd 7,3701895681E-8
1000 12 1 iJN1463.cmd 7,1362841693E-8
1000 13 5 iMM904.cmd 8,6512733716E-8
1000 13 5 iJN1463.cmd 8,1594614378E-8
1000 6 10 iMM904.cmd 3,1280518005E-7
1000 6 10 iJN1463.cmd 4,3688991311E-7
1000 7 13 iMM904.cmd 1,9625881623E-7
1000 7 13 iJN1463.cmd 2,6943838681E-7
1000 11 9 iMM904.cmd 8,3395177007E-8
1000 11 9 iJN1463.cmd 9,046538291E-8
1000 3 13 iMM904.cmd 4,2727866119E-7
1000 3 13 iJN1463.cmd 6,0988201447E-7
1000 2 1 iMM904.cmd 6,3982752535E-7
1000 2 1 iJN1463.cmd 9,3468969374E-7
1000 3 2 iMM904.cmd 5,485462756E-7
1000 3 2 iJN1463.cmd 7,9977782942E-7
1000 12 3 iMM904.cmd 8,4288563128E-8
1000 12 3 iJN1463.cmd 8,1150686898E-8
1000 10 8 iMM904.cmd 9,0696038973E-8
1000 10 8 iJN1463.cmd 1,005959554E-7
1000 1 12 iMM904.cmd 5,9492694649E-7
1000 1 12 iJN1463.cmd 8,6255512076E-7
1000 5 6 iMM904.cmd 3,7507729481E-7
1000 5 6 iJN1463.cmd 5,4836867765E-7
1000 6 9 iMM904.cmd 2,8797445679E-7
1000 6 9 iJN1463.cmd 3,9616172111E-7
1000 0 12 iMM904.cmd 4,8033941202E-7
1000 0 12 iJN1463.cmd 6,8005850027E-7
1000 1 11 iMM904.cmd 6,2253492555E-7
1000 1 11 iJN1463.cmd 9,1269693883E-7
1000 1 13 iMM904.cmd 5,049211403E-7
1000 1 13 iJN1463.cmd 7,1700466515E-7
1000 2 0 iMM904.cmd 6,1735013796E-7
1000 2 0 iJN1463.cmd 9,013171875E-7
1000 2 2 iMM904.cmd 6,1155603448E-7
1000 2 2 iJN1463.cmd 8,9629300915E-7
1000 2 12 iMM904.cmd 6,2499830357E-7
1000 2 12 iJN1463.cmd 9,1559083834E-7
1000 3 1 iMM904.cmd 6,0743712362E-7
1000 3 1 iJN1463.cmd 8,8628487619E-7
1000 3 3 iMM904.cmd 4,9742371353E-7
1000 3 3 iJN1463.cmd 7,2293884226E-7
1000 3 9 iMM904.cmd 4,8647908128E-7
1000 3 9 iJN1463.cmd 7,0941588932E-7
1000 3 12 iMM904.cmd 5,2781261773E-7
1000 3 12 iJN1463.cmd 7,6845381602E-7
1000 3 14 iMM904.cmd 3,1751178308E-7
1000 3 14 iJN1463.cmd 4,3155728302E-7
1000 4 2 iMM904.cmd 4,3004546801E-7
1000 4 2 iJN1463.cmd 6,2755727255E-7
1000 4 6 iMM904.cmd 4,4436536381E-7
1000 4 6 iJN1463.cmd 6,6142793015E-7
1000 4 8 iMM904.cmd 4,4287379909E-7
1000 4 8 iJN1463.cmd 6,4556264991E-7
1000 4 10 iMM904.cmd 4,5893042008E-7
1000 4 10 iJN1463.cmd 6,6377815827E-7
1000 4 13 iMM904.cmd 3,8184802341E-7
1000 4 13 iJN1463.cmd 5,4247430553E-7
1000 5 5 iMM904.cmd 3,6471018223E-7
1000 5 5 iJN1463.cmd 5,353818575E-7
1000 5 7 iMM904.cmd 3,8111980393E-7
1000 5 7 iJN1463.cmd 5,5209426432E-7
1000 5 10 iMM904.cmd 3,88945672E-7
1000 5 10 iJN1463.cmd 5,5515233815E-7
1000 6 6 iMM904.cmd 3,1463786633E-7
1000 6 6 iJN1463.cmd 4,5365258117E-7
1000 6 8 iMM904.cmd 3,0429741582E-7
1000 6 8 iJN1463.cmd 4,250066604E-7
1000 6 11 iMM904.cmd 3,3434520214E-7
1000 6 11 iJN1463.cmd 4,7364801996E-7
1000 6 13 iMM904.cmd 2,5793323774E-7
1000 6 13 iJN1463.cmd 3,5925690268E-7
1000 7 9 iMM904.cmd 2,5152970784E-7
1000 7 9 iJN1463.cmd 3,3973933993E-7
1000 7 10 iMM904.cmd 2,4342436504E-7
1000 7 10 iJN1463.cmd 3,2942598525E-7
1000 7 12 iMM904.cmd 2,1626017621E-7
1000 7 12 iJN1463.cmd 3,0217033035E-7
1000 7 14 iMM904.cmd 1,6864585197E-7
1000 7 14 iJN1463.cmd 2,2059621724E-7
1000 8 13 iMM904.cmd 1,4297341344E-7
1000 8 13 iJN1463.cmd 1,9276476107E-7
1000 9 8 iMM904.cmd 1,0480503092E-7
1000 9 8 iJN1463.cmd 1,2401419837E-7
1000 10 7 iMM904.cmd 7,9025407589E-8
1000 10 7 iJN1463.cmd 8,5675057459E-8
1000 10 9 iMM904.cmd 9,2964504031E-8
1000 10 9 iJN1463.cmd 1,0531510082E-7
1000 11 1 iMM904.cmd 7,0225576986E-8
1000 11 1 iJN1463.cmd 7,0863794452E-8
1000 11 3 iMM904.cmd 7,5780560854E-8
1000 11 3 iJN1463.cmd 7,6330969996E-8
1000 11 8 iMM904.cmd 8,4622316679E-8
1000 11 8 iJN1463.cmd 8,9844476352E-8
1000 11 10 iMM904.cmd 8,3707698705E-8
1000 11 10 iJN1463.cmd 9,5436308005E-8
1000 11 14 iMM904.cmd 4,6000302171E-8
1000 11 14 iJN1463.cmd 5,0488152046E-8
1000 12 0 iMM904.cmd 7,2622382457E-8
1000 12 0 iJN1463.cmd 7,0611794184E-8
1000 12 4 iMM904.cmd 8,481174578E-8
1000 12 4 iJN1463.cmd 8,1573840209E-8
1000 12 5 iMM904.cmd 8,3541669343E-8
1000 12 5 iJN1463.cmd 7,9755234027E-8
1000 12 9 iMM904.cmd 6,5072170502E-8
1000 12 9 iJN1463.cmd 6,7523629777E-8
1000 12 13 iMM904.cmd 3,7691467665E-8
1000 12 13 iJN1463.cmd 4,1922625501E-8
1000 13 1 iMM904.cmd 7,3810728211E-8
1000 13 1 iJN1463.cmd 6,9669134465E-8
1000 13 3 iMM904.cmd 8,4374167769E-8
1000 13 3 iJN1463.cmd 7,9530308489E-8
1000 13 4 iMM904.cmd 8,7308783295E-8
1000 13 4 iJN1463.cmd 8,2418197868E-8
1000 13 14 iMM904.cmd 2,6988749635E-8
1000 13 14 iJN1463.cmd 2,4347301015E-8
1000 14 5 iMM904.cmd 7,8628460922E-8
1000 14 5 iJN1463.cmd 7,3761202295E-8
1000 3 0 iMM904.cmd 5,7122267092E-7
1000 3 0 iJN1463.cmd 8,358556903E-7
1000 5 8 iMM904.cmd 3,7518704973E-7
1000 5 8 iJN1463.cmd 5,3802692193E-7
1000 6 7 iMM904.cmd 3,30793979E-7
1000 6 7 iJN1463.cmd 4,7150938687E-7
1000 6 12 iMM904.cmd 2,9551250866E-7
1000 6 12 iJN1463.cmd 4,1823594164E-7
1000 4 7 iMM904.cmd 4,456423201E-7
1000 4 7 iJN1463.cmd 6,5749400997E-7
1000 9 9 iMM904.cmd 1,0281510339E-7
1000 9 9 iJN1463.cmd 1,212297695E-7
1000 10 10 iMM904.cmd 9,2885323133E-8
1000 10 10 iJN1463.cmd 1,0940022313E-7
1000 11 7 iMM904.cmd 7,3298988847E-8
1000 11 7 iJN1463.cmd 7,5737793714E-8
1000 0 11 iMM904.cmd 5,0716139227E-7
1000 0 11 iJN1463.cmd 7,3029420039E-7
1000 0 13 iMM904.cmd 4,1112750884E-7
1000 0 13 iJN1463.cmd 5,7018677781E-7
1000 1 2 iMM904.cmd 5,5661977853E-7
1000 1 2 iJN1463.cmd 8,2388377938E-7
1000 2 11 iMM904.cmd 6,3479734994E-7
1000 2 11 iJN1463.cmd 9,3292296509E-7
1000 3 8 iMM904.cmd 4,8177378183E-7
1000 3 8 iJN1463.cmd 7,0944916469E-7
1000 3 10 iMM904.cmd 5,0421399894E-7
1000 3 10 iJN1463.cmd 7,3397186877E-7
1000 4 3 iMM904.cmd 4,2264953626E-7
1000 4 3 iJN1463.cmd 6,1676560049E-7
1000 4 5 iMM904.cmd 4,332084512E-7
1000 4 5 iJN1463.cmd 6,4590596737E-7
1000 4 12 iMM904.cmd 4,4461305985E-7
1000 4 12 iJN1463.cmd 6,4249256547E-7
1000 5 11 iMM904.cmd 3,9173018661E-7
1000 5 11 iJN1463.cmd 5,6150826266E-7
1000 5 13 iMM904.cmd 3,2072468987E-7
1000 5 13 iJN1463.cmd 4,5187319252E-7
1000 6 5 iMM904.cmd 3,0274725198E-7
1000 6 5 iJN1463.cmd 4,3946956536E-7
1000 7 8 iMM904.cmd 2,2994856006E-7
1000 7 8 iJN1463.cmd 3,0932415066E-7
1000 8 12 iMM904.cmd 1,5427807759E-7
1000 8 12 iJN1463.cmd 2,1182302961E-7
1000 9 7 iMM904.cmd 8,8486032116E-8
1000 9 7 iJN1463.cmd 1,0174303914E-7
1000 11 0 iMM904.cmd 6,8630837557E-8
1000 11 0 iJN1463.cmd 7,0200546154E-8
1000 11 2 iMM904.cmd 7,532678943E-8
1000 11 2 iJN1463.cmd 7,4612921726E-8
1000 11 4 iMM904.cmd 7,5610164087E-8
1000 11 4 iJN1463.cmd 7,6323130046E-8
1000 13 0 iMM904.cmd 7,1713742309E-8
1000 13 0 iJN1463.cmd 6,791719612E-8
1000 13 2 iMM904.cmd 7,8252220247E-8
1000 13 2 iJN1463.cmd 7,331741186E-8
1000 14 4 iMM904.cmd 8,4664566318E-8
1000 14 4 iJN1463.cmd 7,9330227743E-8
1000 4 14 iMM904.cmd 3,0190996863E-7
1000 4 14 iJN1463.cmd 4,1060305168E-7
1000 6 14 iMM904.cmd 2,1574458149E-7
1000 6 14 iJN1463.cmd 2,8722740063E-7
1000 8 14 iMM904.cmd 1,2555673998E-7
1000 8 14 iJN1463.cmd 1,6073783237E-7
1000 11 13 iMM904.cmd 5,165870034E-8
1000 11 13 iJN1463.cmd 6,1532409588E-8
1000 13 13 iMM904.cmd 2,8736928009E-8
1000 13 13 iJN1463.cmd 2,9775496198E-8
1000 1 0 iMM904.cmd 5,5730613767E-7
1000 1 0 iJN1463.cmd 8,0902636498E-7
1000 1 10 iMM904.cmd 6,1779858238E-7
1000 1 10 iJN1463.cmd 9,171305729E-7
1000 1 14 iMM904.cmd 3,4632986033E-7
1000 1 14 iJN1463.cmd 4,7143154185E-7
1000 3 6 iMM904.cmd 5,1392395597E-7
1000 3 6 iJN1463.cmd 7,790547338E-7
1000 3 11 iMM904.cmd 5,4708525477E-7
1000 3 11 iJN1463.cmd 7,9942374003E-7
1000 4 11 iMM904.cmd 4,6688422457E-7
1000 4 11 iJN1463.cmd 6,7669718188E-7
1000 5 2 iMM904.cmd 3,0815742239E-7
1000 5 2 iJN1463.cmd 4,5346345516E-7
1000 5 4 iMM904.cmd 3,5753264491E-7
1000 5 4 iJN1463.cmd 5,2339036531E-7
1000 7 6 iMM904.cmd 2,6288156122E-7
1000 7 6 iJN1463.cmd 3,775270554E-7
1000 8 8 iMM904.cmd 1,435742913E-7
1000 8 8 iJN1463.cmd 1,8168370122E-7
1000 8 10 iMM904.cmd 1,7360468058E-7
1000 8 10 iJN1463.cmd 2,2703585911E-7
1000 10 1 iMM904.cmd 6,095250803E-8
1000 10 1 iJN1463.cmd 6,7382647076E-8
1000 10 3 iMM904.cmd 6,5390084747E-8
1000 10 3 iJN1463.cmd 7,3564895958E-8
1000 11 11 iMM904.cmd 7,3710613497E-8
1000 11 11 iJN1463.cmd 8,7109380169E-8
1000 12 6 iMM904.cmd 7,1170075445E-8
1000 12 6 iJN1463.cmd 6,9511469269E-8
1000 13 9 iMM904.cmd 3,9091760881E-8
1000 13 9 iJN1463.cmd 3,9934786131E-8
1000 14 1 iMM904.cmd 7,1479013582E-8
1000 14 1 iJN1463.cmd 6,6758319599E-8
1000 14 3 iMM904.cmd 8,2345563975E-8
1000 14 3 iJN1463.cmd 7,6996054517E-8
1000 14 6 iMM904.cmd 5,9275168522E-8
1000 14 6 iJN1463.cmd 5,5789229326E-8
1000 9 13 iMM904.cmd 1,0018225718E-7
1000 9 13 iJN1463.cmd 1,3141300162E-7
1000 10 6 iMM904.cmd 6,7949885899E-8
1000 10 6 iJN1463.cmd 7,225975812E-8
1000 12 12 iMM904.cmd 4,0604647588E-8
1000 12 12 iJN1463.cmd 4,7196105705E-8
1000 2 14 iMM904.cmd 2,8733551418E-7
1000 2 14 iJN1463.cmd 3,816725828E-7
1000 5 12 iMM904.cmd 3,6699922834E-7
1000 5 12 iJN1463.cmd 5,2527606E-7
1000 9 10 iMM904.cmd 1,1465512434E-7
1000 9 10 iJN1463.cmd 1,4190753232E-7
1000 3 7 iMM904.cmd 5,054370484E-7
1000 3 7 iJN1463.cmd 7,5904412547E-7
1000 4 4 iMM904.cmd 4,022379861E-7
1000 4 4 iJN1463.cmd 5,9164374758E-7
1000 11 6 iMM904.cmd 6,9374028677E-8
1000 11 6 iJN1463.cmd 7,0355947078E-8
1000 5 3 iMM904.cmd 3,5873750584E-7
1000 5 3 iJN1463.cmd 5,2483781109E-7
1000 5 14 iMM904.cmd 2,6249542999E-7
1000 5 14 iJN1463.cmd 3,5419129314E-7
1000 12 7 iMM904.cmd 6,1175197549E-8
1000 12 7 iJN1463.cmd 6,0655043444E-8
1000 14 2 iMM904.cmd 7,6350742528E-8
1000 14 2 iJN1463.cmd 7,1194076495E-8
1000 10 11 iMM904.cmd 8,3412545872E-8
1000 10 11 iJN1463.cmd 1,0199122967E-7
1000 4 0 iMM904.cmd 4,3675675813E-7
1000 4 0 iJN1463.cmd 6,4379065838E-7
1000 0 10 iMM904.cmd 5,0057171536E-7
1000 0 10 iJN1463.cmd 7,3480355222E-7
1000 9 12 iMM904.cmd 1,0533429491E-7
1000 9 12 iJN1463.cmd 1,3949979301E-7
1000 10 4 iMM904.cmd 6,4614149804E-8
1000 10 4 iJN1463.cmd 7,2226010042E-8
1000 3 5 iMM904.cmd 5,1678219486E-7
1000 3 5 iJN1463.cmd 7,866842431E-7
1000 6 4 iMM904.cmd 3,193382067E-7
1000 6 4 iJN1463.cmd 4,6492117459E-7
1000 7 5 iMM904.cmd 2,3030613552E-7
1000 7 5 iJN1463.cmd 3,3192164219E-7
1000 8 7 iMM904.cmd 1,0836281913E-7
1000 8 7 iJN1463.cmd 1,315718148E-7
1000 10 0 iMM904.cmd 6,2030988444E-8
1000 10 0 iJN1463.cmd 7,0627001482E-8
1000 14 0 iMM904.cmd 6,8941225851E-8
1000 14 0 iJN1463.cmd 6,4486717792E-8
1000 0 14 iMM904.cmd 3,2794797705E-7
1000 0 14 iJN1463.cmd 4,4251090823E-7
1000 9 6 iMM904.cmd 7,2106999509E-8
1000 9 6 iJN1463.cmd 7,9376555727E-8
1000 11 12 iMM904.cmd 5,9104811978E-8
1000 11 12 iJN1463.cmd 7,171833052E-8
1000 10 14 iMM904.cmd 6,3405148278E-8
1000 10 14 iJN1463.cmd 7,5020939798E-8
1000 14 14 iMM904.cmd 2,3078105337E-8
1000 14 14 iJN1463.cmd 1,9464846573E-8
1000 0 2 iMM904.cmd 4,0435127858E-7
1000 0 2 iJN1463.cmd 5,9500898018E-7
1000 1 3 iMM904.cmd 5,4393157349E-7
1000 1 3 iJN1463.cmd 8,1913789983E-7
1000 9 14 iMM904.cmd 8,9584284946E-8
1000 9 14 iJN1463.cmd 1,1125823313E-7
1000 10 13 iMM904.cmd 7,0951329926E-8
1000 10 13 iJN1463.cmd 8,9414974642E-8
1000 13 12 iMM904.cmd 2,9720549186E-8
1000 13 12 iJN1463.cmd 3,2774916325E-8
1000 0 0 iMM904.cmd 3,9809867231E-7
1000 0 0 iJN1463.cmd 5,700817591E-7
1000 14 7 iMM904.cmd 4,2380086495E-8
1000 14 7 iJN1463.cmd 4,0774211386E-8
1000 1 9 iMM904.cmd 5,9315014164E-7
1000 1 9 iJN1463.cmd 8,9270862492E-7
1000 5 1 iMM904.cmd 2,5684956861E-7
1000 5 1 iJN1463.cmd 3,8233238068E-7
1000 6 2 iMM904.cmd 2,0085019085E-7
1000 6 2 iJN1463.cmd 2,9959718655E-7
1000 10 5 iMM904.cmd 6,0334286463E-8
1000 10 5 iJN1463.cmd 6,5158700455E-8
1000 9 1 iMM904.cmd 5,6240030914E-8
1000 9 1 iJN1463.cmd 6,7515094649E-8
1000 9 3 iMM904.cmd 6,4183354087E-8
1000 9 3 iJN1463.cmd 8,3137408211E-8
1000 13 8 iMM904.cmd 3,575726714E-8
1000 13 8 iJN1463.cmd 3,5653982997E-8
1000 13 10 iMM904.cmd 2,8824047807E-8
1000 13 10 iJN1463.cmd 2,9928550652E-8
1000 14 9 iMM904.cmd 2,9659692458E-8
1000 14 9 iJN1463.cmd 3,0394210648E-8
1000 2 6 iMM904.cmd 5,5549326434E-7
1000 2 6 iJN1463.cmd 8,5293716242E-7
1000 14 13 iMM904.cmd 2,3958448015E-8
1000 14 13 iJN1463.cmd 2,3629651717E-8
1000 9 11 iMM904.cmd 9,7594919294E-8
1000 9 11 iJN1463.cmd 1,2353402777E-7
1000 10 12 iMM904.cmd 7,7456127163E-8
1000 10 12 iJN1463.cmd 9,8448057015E-8
1000 2 7 iMM904.cmd 5,524125959E-7
1000 2 7 iJN1463.cmd 8,4467667494E-7
1000 13 7 iMM904.cmd 4,3503781445E-8
1000 13 7 iJN1463.cmd 4,2612805348E-8
1000 5 0 iMM904.cmd 2,9149503205E-7
1000 5 0 iJN1463.cmd 4,3391469032E-7
1000 0 3 iMM904.cmd 4,2034382289E-7
1000 0 3 iJN1463.cmd 6,3293726044E-7
1000 2 5 iMM904.cmd 5,6844480954E-7
1000 2 5 iJN1463.cmd 8,7583067376E-7
1000 9 0 iMM904.cmd 6,3521086264E-8
1000 9 0 iJN1463.cmd 8,240859535E-8
1000 9 4 iMM904.cmd 6,684027181E-8
1000 9 4 iJN1463.cmd 8,6245562465E-8
1000 8 5 iMM904.cmd 1,4747204282E-7
1000 8 5 iJN1463.cmd 2,1178086915E-7
1000 0 9 iMM904.cmd 4,7467810358E-7
1000 0 9 iJN1463.cmd 7,1129889031E-7
1000 0 1 iMM904.cmd 3,3640208254E-7
1000 0 1 iJN1463.cmd 4,8320018711E-7
1000 1 4 iMM904.cmd 5,4599294612E-7
1000 1 4 iJN1463.cmd 8,3752173403E-7
1000 6 1 iMM904.cmd 1,9285263744E-7
1000 6 1 iJN1463.cmd 2,8969416367E-7
1000 14 8 iMM904.cmd 3,2838466818E-8
1000 14 8 iJN1463.cmd 3,2626970633E-8
1000 14 12 iMM904.cmd 2,3402376355E-8
1000 14 12 iJN1463.cmd 2,4839154762E-8
1000 1 8 iMM904.cmd 5,5926666263E-7
1000 1 8 iJN1463.cmd 8,5188386917E-7
1000 1 6 iMM904.cmd 5,2420307696E-7
1000 1 6 iJN1463.cmd 8,082841449E-7
1000 7 2 iMM904.cmd 1,2423039956E-7
1000 7 2 iJN1463.cmd 1,8732172705E-7
1000 1 7 iMM904.cmd 5,3361507113E-7
1000 1 7 iJN1463.cmd 8,191714364E-7
1000 8 3 iMM904.cmd 7,759574166E-8
1000 8 3 iJN1463.cmd 1,1235894717E-7
1000 1 5 iMM904.cmd 5,3040120013E-7
1000 1 5 iJN1463.cmd 8,1818068391E-7
1000 2 4 iMM904.cmd 6,0183721808E-7
1000 2 4 iJN1463.cmd 9,3062108175E-7
1000 6 0 iMM904.cmd 1,9765702853E-7
1000 6 0 iJN1463.cmd 2,9729365254E-7
1000 8 4 iMM904.cmd 8,9671169115E-8
1000 8 4 iJN1463.cmd 1,2669628234E-7
1000 14 10 iMM904.cmd 2,4095147687E-8
1000 14 10 iJN1463.cmd 2,4920468662E-8
1000 0 4 iMM904.cmd 4,1846866787E-7
1000 0 4 iJN1463.cmd 6,4326425916E-7
1000 0 8 iMM904.cmd 4,4276752373E-7
1000 0 8 iJN1463.cmd 6,7570440303E-7
1000 7 1 iMM904.cmd 1,4158396102E-7
1000 7 1 iJN1463.cmd 2,1446063579E-7
1000 8 0 iMM904.cmd 8,7741686498E-8
1000 8 0 iJN1463.cmd 1,2842466074E-7
1000 0 6 iMM904.cmd 4,0649046255E-7
1000 0 6 iJN1463.cmd 6,3213202799E-7
1000 7 3 iMM904.cmd 8,9357901666E-8
1000 7 3 iJN1463.cmd 1,3423615777E-7
1000 8 2 iMM904.cmd 8,94167661E-8
1000 8 2 iJN1463.cmd 1,3432497387E-7
1000 0 7 iMM904.cmd 4,1787874706E-7
1000 0 7 iJN1463.cmd 6,4579982766E-7
1000 0 5 iMM904.cmd 4,0879609019E-7
1000 0 5 iJN1463.cmd 6,3496651361E-7
1000 7 0 iMM904.cmd 1,3384397559E-7
1000 7 0 iJN1463.cmd 2,0206675373E-7
1000 14 11 iMM904.cmd 2,0694855816E-8
1000 14 11 iJN1463.cmd 2,1961817491E-8
