0	1,5E-6	1,5E-7
1	1,5722361731E-6	1,5741220421E-7
2	1,644017527E-6	1,6520375184E-7
3	1,7173793313E-6	1,7396644019E-7
4	1,7922522113E-6	1,8343409943E-7
5	1,8687506812E-6	1,935822236E-7
6	1,9469858978E-6	2,0440687637E-7
7	2,026964641E-6	2,159213202E-7
8	2,1087258512E-6	2,2816327011E-7
9	2,1925126425E-6	2,4116323614E-7
10	2,2784963338E-6	2,5495257153E-7
11	2,3667345091E-6	2,6955924002E-7
12	2,4579119318E-6	2,8501722712E-7
13	2,5518164067E-6	3,0136629363E-7
14	2,6484821744E-6	3,1864780603E-7
15	2,7478375826E-6	3,3690478684E-7
16	2,8497017563E-6	3,5618101974E-7
17	2,9542736832E-6	3,7650900569E-7
18	3,0625833054E-6	3,9789082103E-7
19	3,1741135426E-6	4,2038393209E-7
20	3,2868206758E-6	4,4403475951E-7
21	3,3996189002E-6	4,6879574731E-7
22	3,5132734646E-6	4,94716546E-7
23	3,6283307732E-6	5,2193304987E-7
24	3,7444848043E-6	5,5055935847E-7
25	3,862865809E-6	5,8048334329E-7
26	3,9840048681E-6	6,1168163431E-7
27	4,1081955385E-6	6,4409758914E-7
28	4,2352805333E-6	6,7816943549E-7
29	4,3656399927E-6	7,1392903773E-7
30	4,4995407488E-6	7,5148971087E-7
31	4,6371787492E-6	7,9106447218E-7
32	4,7787592391E-6	8,325937584E-7
33	4,9247543405E-6	8,7604220556E-7
34	5,0748568417E-6	9,2165368E-7
35	5,2293953875E-6	9,6953576407E-7
36	5,3885025221E-6	1,020048041E-6
37	5,5520913688E-6	1,0730438846E-6
38	5,7194812946E-6	1,1286562236E-6
39	5,8906181806E-6	1,1869478374E-6
40	6,0655782435E-6	1,2484262795E-6
41	6,2449459875E-6	1,3128624181E-6
42	6,4285003973E-6	1,3802491407E-6
43	6,6169491199E-6	1,4504526789E-6
44	6,8098783605E-6	1,5238558612E-6
45	7,007040187E-6	1,6009532695E-6
46	7,2074900061E-6	1,6819276468E-6
47	7,4111811566E-6	1,7668113329E-6
48	7,6176095072E-6	1,8555825753E-6
49	7,8257639888E-6	1,9478566605E-6
50	8,0348790081E-6	2,0442760437E-6
51	8,2448619846E-6	2,144796205E-6
52	8,4554100003E-6	2,2495466591E-6
53	8,6655791095E-6	2,35890805E-6
54	8,8751737044E-6	2,4736100483E-6
55	9,0838216534E-6	2,5930882065E-6
56	9,2907361875E-6	2,7180541409E-6
57	9,4948911119E-6	2,8485116904E-6
58	9,6958437753E-6	2,9848570872E-6
59	9,8939366366E-6	3,1273325084E-6
60	1,0088444595E-5	3,2761455004E-6
61	1,0279794928E-5	3,4314757928E-6
62	1,046786983E-5	3,5933808293E-6
63	1,0652655536E-5	3,7627440507E-6
64	1,0832097169E-5	3,9387429889E-6
65	1,1007324893E-5	4,1222309144E-6
66	1,1180915758E-5	4,3135405297E-6
67	1,135033771E-5	4,5125178678E-6
68	1,1515619684E-5	4,7198313762E-6
69	1,1674468025E-5	4,9353914698E-6
70	1,1830236981E-5	5,1593609375E-6
71	1,197758012E-5	5,3914559953E-6
72	1,2120436461E-5	5,631478651E-6
73	1,2259471753E-5	5,8794564099E-6
74	1,2394602901E-5	6,1347389825E-6
75	1,2526259779E-5	6,3973389172E-6
76	1,2654298657E-5	6,6670731953E-6
77	1,2777649879E-5	6,9434735903E-6
78	1,2897774124E-5	7,2268257552E-6
79	1,3014229805E-5	7,5169835277E-6
80	1,3128014943E-5	7,8138661813E-6
81	1,3239330448E-5	8,1166491237E-6
82	1,33486476E-5	8,4219310933E-6
83	1,3455790567E-5	8,7239067283E-6
84	1,3560701889E-5	9,0194698499E-6
85	1,3664584467E-5	9,3062328031E-6
86	1,3767813572E-5	9,5854502876E-6
87	1,3870574703E-5	9,8571744832E-6
88	1,397184573E-5	1,0120982132E-5
89	1,4072066327E-5	1,0372614047E-5
90	1,4171217434E-5	1,0607113274E-5
91	1,4269257781E-5	1,0822859849E-5
92	1,4366644797E-5	1,1018380247E-5
93	1,4463788272E-5	1,1196739781E-5
94	1,4560387817E-5	1,1359792571E-5
95	1,4656531172E-5	1,1510664518E-5
96	1,4751845968E-5	1,1652736142E-5
97	1,4846554718E-5	1,1788214882E-5
98	1,4940457303E-5	1,1919570038E-5
99	1,5033207029E-5	1,2047935307E-5
100	1,5125095525E-5	1,2174358574E-5
101	1,5216809333E-5	1,2299863199E-5
102	1,5307540254E-5	1,2425063869E-5
103	1,539874382E-5	1,2548845353E-5
104	1,5489834454E-5	1,267235985E-5
105	1,5580720783E-5	1,2795178354E-5
106	1,5670726908E-5	1,2918977026E-5
107	1,5760970223E-5	1,304082696E-5
108	1,5850876218E-5	1,3162351358E-5
109	1,5939605683E-5	1,3284308943E-5
110	1,6026447024E-5	1,3407669408E-5
111	1,6113156978E-5	1,3531219118E-5
112	1,6199159532E-5	1,3655015339E-5
113	1,6284996682E-5	1,377942393E-5
114	1,6370664431E-5	1,3902018042E-5
115	1,6455979854E-5	1,4023766705E-5
116	1,6540522335E-5	1,4146112676E-5
117	1,6624727676E-5	1,4269457435E-5
118	1,6708017462E-5	1,4393619791E-5
119	1,679202095E-5	1,4517886384E-5
120	1,6876270217E-5	1,4641617507E-5
121	1,6960368113E-5	1,4764857319E-5
122	1,7043016961E-5	1,4888893284E-5
123	1,7125501252E-5	1,5014796212E-5
124	1,720984334E-5	1,513881474E-5
125	1,7293891308E-5	1,5262345139E-5
126	1,7376507842E-5	1,5387798779E-5
127	1,7459341055E-5	1,5512369186E-5
128	1,7542620832E-5	1,5635300331E-5
129	1,7624894716E-5	1,5758273938E-5
130	1,7705800084E-5	1,5881248888E-5
131	1,7787009562E-5	1,6002706048E-5
132	1,7867882331E-5	1,6123367526E-5
133	1,7949215919E-5	1,624433563E-5
134	1,8030587345E-5	1,6365587488E-5
135	1,8111072826E-5	1,6486257261E-5
136	1,8190353068E-5	1,6608702635E-5
137	1,8268998882E-5	1,6732284483E-5
138	1,8347319056E-5	1,6856300727E-5
139	1,8424470126E-5	1,6981618481E-5
140	1,8502507879E-5	1,7104217458E-5
141	1,8580804981E-5	1,7226357811E-5
142	1,8659895254E-5	1,7348672302E-5
143	1,8737982545E-5	1,7471303898E-5
144	1,8817081298E-5	1,7593239906E-5
145	1,8894649315E-5	1,771676996E-5
146	1,8971091873E-5	1,7841049156E-5
147	1,9048161014E-5	1,7964223512E-5
148	1,912421733E-5	1,808676039E-5
149	1,9200274646E-5	1,821048594E-5
150	1,9277934057E-5	1,8333602025E-5
151	1,935578063E-5	1,8456684104E-5
152	1,9432520708E-5	1,858113223E-5
153	1,9508502783E-5	1,8704432985E-5
154	1,9584500117E-5	1,8828721468E-5
155	1,9659271064E-5	1,8953052538E-5
156	1,9735040838E-5	1,907594345E-5
157	1,9811134559E-5	1,9199373471E-5
158	1,9885454441E-5	1,9324120832E-5
159	1,9961856057E-5	1,9446980303E-5
160	2,0038710308E-5	1,9568709024E-5
161	2,0114083855E-5	1,9690982017E-5
162	2,0188953062E-5	1,9814684981E-5
163	2,0264134187E-5	1,9937715386E-5
164	2,0339297077E-5	2,0060720099E-5
165	2,0414253976E-5	2,0184009457E-5
166	2,0489544517E-5	2,0304782527E-5
167	2,0564750212E-5	2,0426466537E-5
168	2,0640273683E-5	2,0548184742E-5
169	2,0715191247E-5	2,0670754847E-5
170	2,0789661599E-5	2,0794002022E-5
171	2,0863159278E-5	2,0916461766E-5
172	2,0932850755E-5	2,1041501688E-5
173	2,1005801728E-5	2,116590663E-5
174	2,1076512797E-5	2,1291858E-5
175	2,1148525555E-5	2,1414379005E-5
176	2,1220487972E-5	2,1537623359E-5
177	2,1294833198E-5	2,1659250895E-5
178	2,1368408805E-5	2,1781994808E-5
179	2,1440668386E-5	2,1904917991E-5
180	2,1513156501E-5	2,2027507204E-5
181	2,158489744E-5	2,2150706413E-5
182	2,1657447298E-5	2,2273256702E-5
183	2,172915993E-5	2,2396958926E-5
184	2,1800696344E-5	2,25205887E-5
185	2,1872534362E-5	2,264408485E-5
186	2,1945895681E-5	2,2765794794E-5
187	2,2017011344E-5	2,2891693519E-5
188	2,2086649531E-5	2,3016926113E-5
189	2,2159067306E-5	2,3136212235E-5
190	2,2231444703E-5	2,3252716147E-5
191	2,2302590569E-5	2,3369680083E-5
192	2,2372190388E-5	2,349158775E-5
193	2,244130144E-5	2,3615461575E-5
194	2,2513146665E-5	2,373655019E-5
195	2,2583855119E-5	2,3859169944E-5
196	2,2653399285E-5	2,398121374E-5
197	2,2723068949E-5	2,4103384896E-5
198	2,2791596037E-5	2,4226882394E-5
199	2,2861281892E-5	2,4349522809E-5
200	2,293003935E-5	2,4471585329E-5
201	2,3000628917E-5	2,4591592204E-5
202	2,3071262761E-5	2,4711773923E-5
203	2,3140362285E-5	2,4831105747E-5
204	2,3209597017E-5	2,4952617387E-5
205	2,3278137168E-5	2,5074421592E-5
206	2,3348405967E-5	2,5195104143E-5
207	2,3416960217E-5	2,5317771138E-5
208	2,3484118601E-5	2,544112389E-5
209	2,3553460967E-5	2,5563199124E-5
210	2,3622432281E-5	2,568484464E-5
211	2,3693417005E-5	2,5809989237E-5
212	2,3761065603E-5	2,5934431713E-5
213	2,3827737608E-5	2,6058224878E-5
214	2,3893156107E-5	2,6183102049E-5
215	2,3958423253E-5	2,6307309609E-5
216	2,4026463294E-5	2,6428218915E-5
217	2,4090268782E-5	2,6553823386E-5
218	2,4157680133E-5	2,667562291E-5
219	2,4225573451E-5	2,6794319089E-5
220	2,4289761255E-5	2,6914910441E-5
221	2,4354442963E-5	2,7036774267E-5
222	2,4423079221E-5	2,7160232268E-5
223	2,4491662592E-5	2,7281028604E-5
224	2,4559455148E-5	2,7399946299E-5
225	2,4628204749E-5	2,7519815315E-5
226	2,4695901226E-5	2,7636648453E-5
227	2,4761938506E-5	2,7754823552E-5
228	2,4827481475E-5	2,7876966769E-5
229	2,4891152089E-5	2,8000932584E-5
230	2,4956913977E-5	2,8121647079E-5
231	2,5025515088E-5	2,8239031609E-5
232	2,5094372839E-5	2,835699422E-5
233	2,5164974618E-5	2,8472613691E-5
234	2,523504405E-5	2,8586436773E-5
235	2,5299976396E-5	2,8700442688E-5
236	2,5367449308E-5	2,8806779167E-5
237	2,5432464103E-5	2,8916068283E-5
238	2,5496542731E-5	2,9033104605E-5
239	2,556601056E-5	2,914660455E-5
240	2,563383584E-5	2,9261800006E-5
241	2,5701949063E-5	2,9374991849E-5
242	2,5767973252E-5	2,9487285851E-5
243	2,5832896912E-5	2,9599311733E-5
244	2,5899259125E-5	2,9713064995E-5
245	2,5963765784E-5	2,9834218613E-5
246	2,6029020549E-5	2,9952227348E-5
247	2,6093300789E-5	3,0069462858E-5
248	2,6158589066E-5	3,0190373516E-5
249	2,6223666673E-5	3,0309952307E-5
250	2,6284718406E-5	3,0435130181E-5
251	2,6350527222E-5	3,0550839967E-5
252	2,6414781613E-5	3,0666998702E-5
253	2,6480468651E-5	3,078099983E-5
254	2,6547548123E-5	3,0892981681E-5
255	2,661451264E-5	3,1004473618E-5
256	2,6681210259E-5	3,1116814121E-5
257	2,67459088E-5	3,1230812125E-5
258	2,681066464E-5	3,1343949808E-5
259	2,6877587542E-5	3,1454331922E-5
260	2,6944000535E-5	3,1564473588E-5
261	2,700663639E-5	3,1672537608E-5
262	2,7069096399E-5	3,1779520722E-5
263	2,7134858712E-5	3,188659136E-5
264	2,7200541342E-5	3,1993995339E-5
265	2,7264969267E-5	3,21012005E-5
266	2,7329560187E-5	3,2208143707E-5
267	2,7395463614E-5	3,2312977574E-5
268	2,7461611295E-5	3,2417251963E-5
269	2,7527622076E-5	3,2521377814E-5
270	2,7593083639E-5	3,2624507436E-5
271	2,7659356499E-5	3,2728267484E-5
272	2,7725229971E-5	3,2833374396E-5
273	2,7792659096E-5	3,2938124434E-5
274	2,7857427643E-5	3,3045471712E-5
275	2,792251028E-5	3,3151847933E-5
276	2,7987929724E-5	3,3259000392E-5
277	2,8051988576E-5	3,3367559917E-5
278	2,8117085093E-5	3,3474385704E-5
279	2,8182298778E-5	3,3579715695E-5
280	2,824755229E-5	3,3685759338E-5
281	2,8314127023E-5	3,3789986537E-5
282	2,8379617352E-5	3,3892293634E-5
283	2,8445578557E-5	3,3993912653E-5
284	2,8510278324E-5	3,4096837202E-5
285	2,8567575702E-5	3,42134094E-5
286	2,8632102745E-5	3,4317796981E-5
287	2,869386446E-5	3,4423369679E-5
288	2,8757597797E-5	3,4525255901E-5
289	2,8819156908E-5	3,462916588E-5
290	2,8875563706E-5	3,4738470915E-5
291	2,8932056543E-5	3,484754121E-5
292	2,8989172995E-5	3,4955786391E-5
293	2,9045315827E-5	3,5065077319E-5
294	2,9103381607E-5	3,5172644151E-5
295	2,9157212306E-5	3,5286421557E-5
296	2,9221213712E-5	3,53894641E-5
297	2,9285840305E-5	3,5491425648E-5
298	2,9346592172E-5	3,5598306127E-5
299	2,9406372089E-5	3,5706430146E-5
300	2,9462790639E-5	3,5819499398E-5
301	2,9523105466E-5	3,5932706112E-5
302	2,9580220167E-5	3,6052352181E-5
303	2,9635904802E-5	3,6175187051E-5
304	2,9692770264E-5	3,6296169451E-5
305	2,9751331662E-5	3,6409928912E-5
306	2,9814350869E-5	3,6514270592E-5
307	2,9878404758E-5	3,6615148545E-5
308	2,9940391608E-5	3,6718150588E-5
309	3,0003978097E-5	3,6817983113E-5
310	3,006587502E-5	3,6918763292E-5
311	3,0128549184E-5	3,7019321134E-5
312	3,018764521E-5	3,7124048833E-5
313	3,0244875349E-5	3,7230701024E-5
314	3,0304151326E-5	3,7335275118E-5
315	3,0362393835E-5	3,7440345235E-5
316	3,0421520319E-5	3,7544144066E-5
317	3,0478402486E-5	3,765009174E-5
318	3,0534297094E-5	3,7756377281E-5
319	3,0590355388E-5	3,7862785212E-5
320	3,0648208215E-5	3,7968614422E-5
321	3,0704847545E-5	3,8071711352E-5
322	3,0757522358E-5	3,8178663886E-5
323	3,0811661581E-5	3,828652049E-5
324	3,0867143668E-5	3,8395094265E-5
325	3,0920335986E-5	3,8507793862E-5
326	3,0969926439E-5	3,8608421978E-5
327	3,101452085E-5	3,8724020412E-5
328	3,1068140355E-5	3,8830245511E-5
329	3,1125699705E-5	3,8931293941E-5
330	3,1180683042E-5	3,9032497851E-5
331	3,1238521921E-5	3,9132602463E-5
332	3,1297343335E-5	3,923141887E-5
333	3,1355313305E-5	3,9330673636E-5
334	3,1414377104E-5	3,9429436924E-5
335	3,1471647675E-5	3,9529539011E-5
336	3,1524830087E-5	3,9635326521E-5
337	3,1578629295E-5	3,9736774045E-5
338	3,1636332122E-5	3,9834065387E-5
339	3,1694718612E-5	3,9931828822E-5
340	3,1752176331E-5	4,0027639814E-5
341	3,1806789121E-5	4,0126141015E-5
342	3,1863390884E-5	4,022487774E-5
343	3,1917317435E-5	4,0320891647E-5
344	3,1969732887E-5	4,0419985773E-5
345	3,2027808232E-5	4,0514275006E-5
346	3,208710279E-5	4,0607705674E-5
347	3,2146662208E-5	4,0700726824E-5
348	3,2205339084E-5	4,0793550893E-5
349	3,2263381044E-5	4,0886655188E-5
350	3,2318355014E-5	4,0983317058E-5
351	3,2374216951E-5	4,1078479355E-5
352	3,2430080526E-5	4,1175338852E-5
353	3,24827315E-5	4,1273870826E-5
354	3,2536352202E-5	4,1372373723E-5
355	3,2592702426E-5	4,1464651147E-5
356	3,2646914868E-5	4,1560582258E-5
357	3,2698353882E-5	4,1645718685E-5
358	3,2745095351E-5	4,1730967675E-5
359	3,2793817637E-5	4,1820797693E-5
360	3,2840864034E-5	4,1914423366E-5
361	3,2882074091E-5	4,2005542018E-5
362	3,2927213813E-5	4,2097515884E-5
363	3,2976001802E-5	4,2185474255E-5
364	3,3031079875E-5	4,2275260587E-5
365	3,3085887009E-5	4,2365554297E-5
366	3,3139853324E-5	4,2458115329E-5
367	3,3194149434E-5	4,2550263932E-5
368	3,3250892955E-5	4,2640166115E-5
369	3,3303295983E-5	4,2732632141E-5
370	3,3359481796E-5	4,2822260488E-5
371	3,3405992407E-5	4,2909434228E-5
372	3,3454688888E-5	4,3000296862E-5
373	3,3501467411E-5	4,3083563065E-5
374	3,3548694819E-5	4,3167831554E-5
375	3,3597602122E-5	4,3258486823E-5
376	3,3651985266E-5	4,3347046088E-5
377	3,3707635608E-5	4,3435321439E-5
378	3,3762421293E-5	4,3522685204E-5
379	3,3812257441E-5	4,3610021446E-5
380	3,386401268E-5	4,3699816758E-5
381	3,3915429702E-5	4,378554888E-5
382	3,3967126348E-5	4,3873034779E-5
383	3,4014106791E-5	4,3958581236E-5
384	3,4066801998E-5	4,4044622171E-5
385	3,4118514714E-5	4,4130140768E-5
386	3,4169910698E-5	4,4214956849E-5
387	3,4223217159E-5	4,4301160842E-5
388	3,4269081254E-5	4,4383731576E-5
389	3,4312329959E-5	4,4463594514E-5
390	3,4362577324E-5	4,454708835E-5
391	3,4415478417E-5	4,4632461021E-5
392	3,446930447E-5	4,4718386815E-5
393	3,4523390947E-5	4,4804438599E-5
394	3,4577564869E-5	4,4890557721E-5
395	3,4628801339E-5	4,4979761002E-5
396	3,4677014726E-5	4,5064643325E-5
397	3,4725686342E-5	4,5146651797E-5
398	3,4767167425E-5	4,5223452044E-5
399	3,480648821E-5	4,5298442528E-5
400	3,4853995799E-5	4,5383628349E-5
401	3,4903459335E-5	4,5470489125E-5
402	3,4952381915E-5	4,5554042037E-5
403	3,500404192E-5	4,563885185E-5
404	3,5056565288E-5	4,5723379414E-5
405	3,5109326466E-5	4,5807813941E-5
406	3,5159551184E-5	4,589073603E-5
407	3,5204903697E-5	4,5973042929E-5
408	3,5255487356E-5	4,6056508009E-5
409	3,5307260317E-5	4,6140233633E-5
410	3,5358763458E-5	4,6226163721E-5
411	3,5401738359E-5	4,630291479E-5
412	3,5446197466E-5	4,6381254839E-5
413	3,5491056099E-5	4,6465145225E-5
414	3,5540661605E-5	4,6548228137E-5
415	3,558920292E-5	4,6633693603E-5
416	3,5638455046E-5	4,6720314119E-5
417	3,5687583531E-5	4,6807124639E-5
418	3,5739053512E-5	4,6892275794E-5
419	3,5791267341E-5	4,697509402E-5
420	3,5842686659E-5	4,70578448E-5
421	3,5893364879E-5	4,7141671176E-5
422	3,5940733245E-5	4,7227498183E-5
423	3,5988380336E-5	4,731193925E-5
424	3,6037845776E-5	4,7394920394E-5
425	3,6088641037E-5	4,7476250877E-5
426	3,6139988132E-5	4,7558208075E-5
427	3,6191478697E-5	4,7640298072E-5
428	3,6239762524E-5	4,7724392882E-5
429	3,6284473035E-5	4,7807028971E-5
430	3,6331687677E-5	4,789067722E-5
431	3,6379727183E-5	4,7971118232E-5
432	3,6428133352E-5	4,805163398E-5
433	3,6474214072E-5	4,8129042752E-5
434	3,6523788325E-5	4,8207336882E-5
435	3,6571424351E-5	4,8286253351E-5
436	3,6620059505E-5	4,836630229E-5
437	3,666901858E-5	4,8447505395E-5
438	3,6718159014E-5	4,8527541145E-5
439	3,6764457679E-5	4,8605422754E-5
440	3,6810301518E-5	4,8687825129E-5
441	3,6856188911E-5	4,877038622E-5
442	3,6901906554E-5	4,8853363029E-5
443	3,6946508855E-5	4,8931867972E-5
444	3,6993442291E-5	4,9010746911E-5
445	3,7041538425E-5	4,9088739112E-5
446	3,7088455607E-5	4,9168621969E-5
447	3,7135795142E-5	4,9248485612E-5
448	3,7183432057E-5	4,9327383864E-5
449	3,7229279573E-5	4,9408834976E-5
450	3,727438872E-5	4,9490604972E-5
451	3,7323940701E-5	4,9567165267E-5
452	3,7368704802E-5	4,9641779868E-5
453	3,7416049242E-5	4,9717058003E-5
454	3,746456603E-5	4,9791605186E-5
455	3,7512778886E-5	4,9868226156E-5
456	3,7560783429E-5	4,9945557058E-5
457	3,7606506307E-5	5,0025050399E-5
458	3,7651502416E-5	5,0105001712E-5
459	3,7695516441E-5	5,0185017457E-5
460	3,7738616967E-5	5,0266977905E-5
461	3,7779146273E-5	5,0344440434E-5
462	3,7821364835E-5	5,0421486508E-5
463	3,7865530142E-5	5,049680669E-5
464	3,790834732E-5	5,0575346616E-5
465	3,7951316438E-5	5,0654495695E-5
466	3,7994665746E-5	5,0733382786E-5
467	3,8038449669E-5	5,0812605839E-5
468	3,8083944526E-5	5,0891001604E-5
469	3,8126953353E-5	5,0967158174E-5
470	3,8169284572E-5	5,1045611931E-5
471	3,821244227E-5	5,1122680043E-5
472	3,8255187461E-5	5,1200844657E-5
473	3,8298183707E-5	5,1279180901E-5
474	3,8341307221E-5	5,1357499568E-5
475	3,8384414989E-5	5,1435832978E-5
476	3,8426590612E-5	5,1510714557E-5
477	3,8468423656E-5	5,1587695402E-5
478	3,8511999325E-5	5,1663667794E-5
479	3,8554041751E-5	5,173546134E-5
480	3,8597691637E-5	5,1806908786E-5
481	3,8642533446E-5	5,1879470457E-5
482	3,8687317747E-5	5,1952975428E-5
483	3,8730584398E-5	5,2027862337E-5
484	3,8772949091E-5	5,2103388879E-5
485	3,8817176492E-5	5,2176400711E-5
486	3,8861900109E-5	5,2248695739E-5
487	3,8905789021E-5	5,2322320256E-5
488	3,8948885425E-5	5,2395190418E-5
489	3,8991326814E-5	5,2467003103E-5
490	3,9035452379E-5	5,2538953713E-5
491	3,90802653E-5	5,2610502007E-5
492	3,9125248942E-5	5,2681658427E-5
493	3,9170030981E-5	5,2752444575E-5
494	3,9214852546E-5	5,2823335812E-5
495	3,9258855206E-5	5,2894348453E-5
496	3,9302546011E-5	5,2965261463E-5
497	3,9345815685E-5	5,3036293375E-5
498	3,9388411088E-5	5,3108108035E-5
499	3,942939814E-5	5,3182387157E-5
500	3,9470237019E-5	5,3256247481E-5
501	3,9512933261E-5	5,3328462008E-5
502	3,9555029232E-5	5,3398882307E-5
503	3,9597861966E-5	5,3468435013E-5
504	3,9640922153E-5	5,3537813604E-5
505	3,9684549265E-5	5,3606985324E-5
506	3,972856171E-5	5,3675847826E-5
507	3,9772263956E-5	5,3744389833E-5
508	3,981576597E-5	5,3812987003E-5
509	3,985912069E-5	5,3881525771E-5
510	3,9902167526E-5	5,3949895764E-5
511	3,9945176577E-5	5,4018154725E-5
512	3,9987945843E-5	5,4086174631E-5
513	4,0030040826E-5	5,4155992968E-5
514	4,0070729844E-5	5,4226150262E-5
515	4,0111354585E-5	5,4295751156E-5
516	4,0152148433E-5	5,4364937458E-5
517	4,0193076351E-5	5,443370994E-5
518	4,0234071073E-5	5,4502183761E-5
519	4,027510119E-5	5,4570385749E-5
520	4,0316162638E-5	5,4638344592E-5
521	4,0357294097E-5	5,4706059838E-5
522	4,0398503938E-5	5,4773519663E-5
523	4,0440518015E-5	5,4838850208E-5
524	4,0483149936E-5	5,4902158721E-5
525	4,0524952819E-5	5,4967656674E-5
526	4,0566683709E-5	5,5033076124E-5
527	4,0607817857E-5	5,5099130475E-5
528	4,0648924568E-5	5,5165159698E-5
529	4,0690046536E-5	5,5230958603E-5
530	4,0731155018E-5	5,529654423E-5
531	4,0772236194E-5	5,5361902623E-5
532	4,0813294193E-5	5,5427048086E-5
533	4,0854322355E-5	5,5491968576E-5
534	4,0895322361E-5	5,5556682391E-5
535	4,0936287714E-5	5,562117754E-5
536	4,0977223393E-5	5,5685468398E-5
537	4,101812754E-5	5,5749551774E-5
538	4,10591365E-5	5,5813549497E-5
539	4,1099638167E-5	5,5877408642E-5
540	4,1139200133E-5	5,5940606321E-5
541	4,1179360407E-5	5,6003739288E-5
542	4,1218788793E-5	5,6066470981E-5
543	4,1257669308E-5	5,6129381124E-5
544	4,1296783434E-5	5,6192224765E-5
545	4,1334774231E-5	5,6257374345E-5
546	4,1372342623E-5	5,6323210432E-5
547	4,1409140118E-5	5,6389281977E-5
548	4,1446096601E-5	5,6455554791E-5
549	4,1484760173E-5	5,6519456616E-5
550	4,1523372936E-5	5,6580805866E-5
551	4,1562803763E-5	5,6642256846E-5
552	4,1603527283E-5	5,6703270217E-5
553	4,1638160335E-5	5,6770778259E-5
554	4,1670531777E-5	5,6840270649E-5
555	4,1706079121E-5	5,6905848368E-5
556	4,1744290354E-5	5,6969120885E-5
557	4,1778110385E-5	5,7025044384E-5
558	4,1810688481E-5	5,7082030343E-5
559	4,1844411184E-5	5,714296367E-5
560	4,1878974706E-5	5,7206683948E-5
561	4,191225604E-5	5,7264403525E-5
562	4,1949196237E-5	5,7323537378E-5
563	4,1986193346E-5	5,7383503847E-5
564	4,2021040214E-5	5,7445470482E-5
565	4,2058431324E-5	5,7505906071E-5
566	4,2097830956E-5	5,756506792E-5
567	4,2135364853E-5	5,7627668831E-5
568	4,2169832227E-5	5,7683390748E-5
569	4,2203905731E-5	5,774298083E-5
570	4,2242049091E-5	5,7801472663E-5
571	4,2276705115E-5	5,7862754417E-5
572	4,2314616123E-5	5,7920812094E-5
573	4,2353700735E-5	5,7977919057E-5
574	4,2392432472E-5	5,8036267041E-5
575	4,2429410495E-5	5,8094617594E-5
576	4,2466977544E-5	5,8151909491E-5
577	4,2504962391E-5	5,8208951838E-5
578	4,2540471349E-5	5,8267635448E-5
579	4,2572836829E-5	5,8323690882E-5
580	4,2608979064E-5	5,8380632529E-5
581	4,264417122E-5	5,8438598141E-5
582	4,2675851539E-5	5,8496176979E-5
583	4,2706137028E-5	5,8555830373E-5
584	4,2736872988E-5	5,8615366183E-5
585	4,276650233E-5	5,8679873803E-5
586	4,2799304381E-5	5,8740349111E-5
587	4,2832680836E-5	5,8799590312E-5
588	4,2869371941E-5	5,8855286974E-5
589	4,2906596709E-5	5,8909995986E-5
590	4,2942604325E-5	5,8966198274E-5
591	4,2978489978E-5	5,9020517364E-5
592	4,3015894298E-5	5,907451179E-5
593	4,3051378943E-5	5,9131099799E-5
594	4,3083363493E-5	5,9185989341E-5
595	4,3115401E-5	5,9242877869E-5
596	4,3150209631E-5	5,930017961E-5
597	4,318658E-5	5,9353725234E-5
598	4,3221548426E-5	5,9405133597E-5
599	4,3258429836E-5	5,9457489783E-5
600	4,3297058023E-5	5,9509119327E-5
601	4,3336046607E-5	5,9560457058E-5
602	4,3374459476E-5	5,9613034429E-5
603	4,3413207778E-5	5,9665019119E-5
604	4,3452354032E-5	5,9716154651E-5
605	4,3489523947E-5	5,9767154052E-5
606	4,3522235196E-5	5,9823937528E-5
607	4,3557445726E-5	5,9877625542E-5
608	4,3593610786E-5	5,9930872079E-5
609	4,362282643E-5	5,99791991E-5
610	4,3649577478E-5	6,0028735791E-5
611	4,3678798791E-5	6,0082417369E-5
612	4,3706076947E-5	6,0140478863E-5
613	4,3732145758E-5	6,020231827E-5
614	4,3761098121E-5	6,0261318923E-5
615	4,3796341783E-5	6,0312951846E-5
616	4,3826634703E-5	6,0360847799E-5
617	4,3853271328E-5	6,0408241436E-5
618	4,3883267858E-5	6,046007531E-5
619	4,3919711138E-5	6,0506819807E-5
620	4,3956305808E-5	6,0555246245E-5
621	4,398561494E-5	6,0600324837E-5
622	4,4013619703E-5	6,0649022864E-5
623	4,404203123E-5	6,0700189135E-5
624	4,4074432518E-5	6,0752052795E-5
625	4,4108997745E-5	6,0802712371E-5
626	4,4137908966E-5	6,0853096565E-5
627	4,4167442686E-5	6,0903623781E-5
628	4,4198179017E-5	6,0955353583E-5
629	4,4223651936E-5	6,1010824662E-5
630	4,4252540362E-5	6,1064460385E-5
631	4,4287450736E-5	6,1110230417E-5
632	4,4320044684E-5	6,1159549537E-5
633	4,4350567707E-5	6,1205484454E-5
634	4,4377548408E-5	6,1253630195E-5
635	4,440559618E-5	6,1306533709E-5
636	4,4433181796E-5	6,1357594397E-5
637	4,4465124947E-5	6,1406252487E-5
638	4,4492552746E-5	6,1455102882E-5
639	4,4522884242E-5	6,1507535724E-5
640	4,4553857495E-5	6,1555693706E-5
641	4,4588293135E-5	6,1602974973E-5
642	4,4622712049E-5	6,1648385061E-5
643	4,4651362814E-5	6,1698981781E-5
644	4,4674928383E-5	6,1747608786E-5
645	4,4702332275E-5	6,1798590769E-5
646	4,4736924991E-5	6,1841378348E-5
647	4,477112797E-5	6,1885259101E-5
648	4,4801110286E-5	6,1934242729E-5
649	4,4830036242E-5	6,19848366E-5
650	4,4860448259E-5	6,2033989353E-5
651	4,4888474849E-5	6,2084925103E-5
652	4,4920621083E-5	6,2133254067E-5
653	4,4947849699E-5	6,2178557623E-5
654	4,4978600683E-5	6,2223538758E-5
655	4,5010800826E-5	6,2267569342E-5
656	4,5043762795E-5	6,2311748482E-5
657	4,5072610552E-5	6,235370631E-5
658	4,5097884226E-5	6,2394550922E-5
659	4,5126736441E-5	6,2438745272E-5
660	4,5159217616E-5	6,24811861E-5
661	4,5188790917E-5	6,2529080348E-5
662	4,5213474859E-5	6,2579127829E-5
663	4,5240972173E-5	6,2627278723E-5
664	4,5266721686E-5	6,2679503791E-5
665	4,5289914659E-5	6,2728304726E-5
666	4,5315277661E-5	6,2777918229E-5
667	4,53393985E-5	6,2822735373E-5
668	4,5367887856E-5	6,2866216731E-5
669	4,5392572496E-5	6,290661837E-5
670	4,5420264335E-5	6,2952934167E-5
671	4,5453015005E-5	6,2993928017E-5
672	4,5481365988E-5	6,3035608279E-5
673	4,5512788866E-5	6,3078038296E-5
674	4,5545170601E-5	6,3120574604E-5
675	4,5572195701E-5	6,3166834602E-5
676	4,559676308E-5	6,3216107538E-5
677	4,5618017505E-5	6,3265855107E-5
678	4,5637561304E-5	6,3311277098E-5
679	4,5657360238E-5	6,3352203237E-5
680	4,5681816887E-5	6,3398446456E-5
681	4,5712149034E-5	6,3440511158E-5
682	4,5737339611E-5	6,3479060434E-5
683	4,5761938452E-5	6,3522478797E-5
684	4,5789508727E-5	6,3565596509E-5
685	4,581944687E-5	6,3606503859E-5
686	4,5848329794E-5	6,364664918E-5
687	4,5879371773E-5	6,3688606912E-5
688	4,5910524866E-5	6,3728449738E-5
689	4,5943494745E-5	6,3767952409E-5
690	4,5975789743E-5	6,3806658008E-5
691	4,6002779942E-5	6,3849657306E-5
692	4,6029295774E-5	6,3893947636E-5
693	4,6052490726E-5	6,3933433378E-5
694	4,6074568251E-5	6,3974410412E-5
695	4,6100496116E-5	6,4017577467E-5
696	4,6130720103E-5	6,405867429E-5
697	4,6157313358E-5	6,4104791763E-5
698	4,6186100716E-5	6,4146399063E-5
699	4,6216040389E-5	6,4185590669E-5
700	4,6244724416E-5	6,4226961044E-5
701	4,6271286843E-5	6,4268475415E-5
702	4,6299833302E-5	6,4309162837E-5
703	4,6329773527E-5	6,4347164766E-5
704	4,6359915569E-5	6,438486484E-5
705	4,6385493178E-5	6,4429413886E-5
706	4,640886803E-5	6,4477891495E-5
707	4,6432285305E-5	6,4525677367E-5
708	4,6460300214E-5	6,4567078582E-5
709	4,6486996609E-5	6,4610103338E-5
710	4,6511585325E-5	6,4654604769E-5
711	4,6537681465E-5	6,4697067159E-5
712	4,6566183045E-5	6,4735650547E-5
713	4,6595217306E-5	6,4774943539E-5
714	4,662374805E-5	6,4813033241E-5
715	4,6652264857E-5	6,4849820626E-5
716	4,6674215112E-5	6,489398894E-5
717	4,6696038329E-5	6,4939066598E-5
718	4,6718824773E-5	6,4984555071E-5
719	4,6747140811E-5	6,502204714E-5
720	4,6774728231E-5	6,5060898669E-5
721	4,6799124982E-5	6,5097538218E-5
722	4,6824602193E-5	6,5133665252E-5
723	4,6849051994E-5	6,517062787E-5
724	4,6875617244E-5	6,5206107295E-5
725	4,6901099112E-5	6,5244883072E-5
726	4,6927906336E-5	6,5282541404E-5
727	4,6950169027E-5	6,5322513238E-5
728	4,6966265512E-5	6,5361076059E-5
729	4,6988920877E-5	6,5397946883E-5
730	4,7016948744E-5	6,5432267742E-5
731	4,7045186271E-5	6,5466685855E-5
732	4,706975527E-5	6,5502881656E-5
733	4,7095292126E-5	6,553985509E-5
734	4,7120220435E-5	6,5579547171E-5
735	4,7146922602E-5	6,5615051327E-5
736	4,7174429609E-5	6,5650216653E-5
737	4,7202056253E-5	6,5686115853E-5
738	4,7222747944E-5	6,5728256265E-5
739	4,7248836156E-5	6,5763136696E-5
740	4,7270781102E-5	6,5804926649E-5
741	4,729211577E-5	6,5844807906E-5
742	4,7309952442E-5	6,5887333873E-5
743	4,732789298E-5	6,5924102215E-5
744	4,7347562821E-5	6,5966115058E-5
745	4,7368844814E-5	6,6002134215E-5
746	4,7392325861E-5	6,6038362761E-5
747	4,7416839497E-5	6,6074473321E-5
748	4,744036286E-5	6,6113037169E-5
749	4,7467593371E-5	6,6146985316E-5
750	4,7488950967E-5	6,6186949977E-5
751	4,7506943183E-5	6,6229292355E-5
752	4,7529626515E-5	6,6264915573E-5
753	4,7547818475E-5	6,6296310838E-5
754	4,7554999952E-5	6,6319581635E-5
755	4,757302125E-5	6,6350866847E-5
756	4,7579651056E-5	6,6366734649E-5
757	4,7591727939E-5	6,6389609855E-5
758	4,7595929452E-5	6,6414815833E-5
759	4,7604107198E-5	6,6435782202E-5
760	4,7621951536E-5	6,6471263982E-5
761	4,7644262351E-5	6,6508087683E-5
762	4,7667754487E-5	6,654523653E-5
763	4,7683037904E-5	6,6573622552E-5
764	4,7697619248E-5	6,6600951891E-5
765	4,7717072064E-5	6,6633854968E-5
766	4,7739196246E-5	6,6666854604E-5
767	4,7763426332E-5	6,6700333405E-5
768	4,7769336758E-5	6,6717686049E-5
769	4,7791677945E-5	6,675193922E-5
770	4,7816327361E-5	6,6784605934E-5
771	4,7839248235E-5	6,6819944642E-5
772	4,7863294709E-5	6,6853513983E-5
773	4,7877422745E-5	6,6878851716E-5
774	4,7881375175E-5	6,6890783129E-5
775	4,7888320776E-5	6,690377165E-5
776	4,7904406958E-5	6,692640042E-5
777	4,7918031084E-5	6,6947794157E-5
778	4,7933579787E-5	6,697489121E-5
779	4,79397738E-5	6,6986994141E-5
780	4,7950388063E-5	6,7011859766E-5
781	4,7967400256E-5	6,70421058E-5
782	4,7983091123E-5	6,7064784679E-5
783	4,7987816245E-5	6,7078703885E-5
784	4,7992666554E-5	6,7091253611E-5
785	4,7999611977E-5	6,7109470049E-5
786	4,8004660156E-5	6,7119962941E-5
787	4,8009339344E-5	6,7131764599E-5
788	4,8017273903E-5	6,7146942787E-5
789	4,8033162058E-5	6,7171791762E-5
790	4,8050164682E-5	6,7212618577E-5
791	4,8070956098E-5	6,7250887318E-5
792	4,8092605835E-5	6,7283425519E-5
793	4,811306207E-5	6,7319976076E-5
794	4,8123022822E-5	6,7344545963E-5
795	4,813315783E-5	6,7374481424E-5
796	4,8149442827E-5	6,7395562096E-5
797	4,8170066989E-5	6,7421826631E-5
798	4,8185596434E-5	6,7454961681E-5
799	4,8204780936E-5	6,7489136259E-5
800	4,8226838857E-5	6,7520224622E-5
801	4,824878363E-5	6,7553354767E-5
802	4,8270771126E-5	6,7584158074E-5
803	4,8287956681E-5	6,7620414829E-5
804	4,8305895637E-5	6,7648960705E-5
805	4,8326279887E-5	6,7680299181E-5
806	4,8347828914E-5	6,7709279545E-5
807	4,8368432441E-5	6,7740218051E-5
808	4,8391126415E-5	6,7768687928E-5
809	4,8413206518E-5	6,7797336626E-5
810	4,8430912814E-5	6,7826437192E-5
811	4,8451565197E-5	6,7857180751E-5
812	4,8466879344E-5	6,7885324061E-5
813	4,8485023893E-5	6,7917226501E-5
814	4,8502505221E-5	6,7946122255E-5
815	4,8522061469E-5	6,7974744597E-5
816	4,8543634395E-5	6,8002541855E-5
817	4,8559489029E-5	6,8038054315E-5
818	4,8577617918E-5	6,8072190192E-5
819	4,8594476208E-5	6,8105815374E-5
820	4,8609746147E-5	6,8141440499E-5
821	4,8626454651E-5	6,8177394261E-5
822	4,8647799676E-5	6,8207447305E-5
823	4,8668966184E-5	6,8236981205E-5
824	4,868941065E-5	6,8266774435E-5
825	4,8704836224E-5	6,8297568082E-5
826	4,8709383437E-5	6,830929802E-5
827	4,8712641845E-5	6,8317528996E-5
828	4,8719917165E-5	6,8335897995E-5
829	4,8725324748E-5	6,8345547462E-5
830	4,8732139442E-5	6,8360544491E-5
831	4,8743797293E-5	6,8379507486E-5
832	4,8758802463E-5	6,8406488117E-5
833	4,8761786342E-5	6,8414742751E-5
834	4,8766157249E-5	6,8430719503E-5
835	4,877563964E-5	6,8453966967E-5
836	4,8777992508E-5	6,8460372101E-5
837	4,8790188842E-5	6,8485038088E-5
838	4,8797971664E-5	6,8499887514E-5
839	4,8801294862E-5	6,850806979E-5
840	4,880723753E-5	6,8521837337E-5
841	4,8815056194E-5	6,8536319247E-5
842	4,8827685757E-5	6,8561110668E-5
843	4,884370697E-5	6,8591002399E-5
844	4,8854602234E-5	6,8607135003E-5
845	4,8864903681E-5	6,8622077313E-5
846	4,8872558529E-5	6,8634261028E-5
847	4,8874508268E-5	6,8640873958E-5
848	4,888882741E-5	6,8665215635E-5
849	4,8907098735E-5	6,8693022975E-5
850	4,8928344751E-5	6,8718937258E-5
851	4,8948722783E-5	6,8744417737E-5
852	4,8966299086E-5	6,8772542964E-5
853	4,8981326541E-5	6,880149171E-5
854	4,8994564061E-5	6,8821351844E-5
855	4,8997251727E-5	6,8830608692E-5
856	4,9000434068E-5	6,8846549358E-5
857	4,9002041729E-5	6,8851749751E-5
858	4,9012236475E-5	6,8865931535E-5
859	4,902050482E-5	6,8880012122E-5
860	4,9022357755E-5	6,8885333178E-5
861	4,9035900798E-5	6,8908637869E-5
862	4,9049203987E-5	6,8942044247E-5
863	4,9062452415E-5	6,8975718892E-5
864	4,9067271788E-5	6,8986179874E-5
865	4,9077914397E-5	6,9015066527E-5
866	4,9094186021E-5	6,9042592878E-5
867	4,9098130867E-5	6,9052432921E-5
868	4,9110181833E-5	6,9076963341E-5
869	4,9126836452E-5	6,9102507561E-5
870	4,9130598925E-5	6,9111752336E-5
871	4,9143182112E-5	6,9132899456E-5
872	4,9146087794E-5	6,914040683E-5
873	4,9148049791E-5	6,9153072763E-5
874	4,9151003924E-5	6,9163899622E-5
875	4,915208517E-5	6,9168772612E-5
876	4,9158386512E-5	6,9186064982E-5
877	4,9169810648E-5	6,9213747389E-5
878	4,9173676391E-5	6,9226325746E-5
879	4,9177761078E-5	6,9242361439E-5
880	4,9179195028E-5	6,9247249546E-5
881	4,9181516479E-5	6,9254357154E-5
882	4,9185735929E-5	6,926387204E-5
883	4,9193551668E-5	6,9280464001E-5
884	4,9205607505E-5	6,9311427108E-5
885	4,9212150134E-5	6,9347576493E-5
886	4,9229216584E-5	6,9372738617E-5
887	4,9234491664E-5	6,9386547834E-5
888	4,9242905889E-5	6,941674905E-5
889	4,9245249275E-5	6,9423982073E-5
890	4,9247492903E-5	6,9434407111E-5
891	4,9256252995E-5	6,9451663755E-5
892	4,9258388333E-5	6,945759792E-5
893	4,9260203573E-5	6,9467386402E-5
894	4,9269294132E-5	6,948924417E-5
895	4,9279279686E-5	6,9508494888E-5
896	4,9281788825E-5	6,9514857222E-5
897	4,928339013E-5	6,952477489E-5
898	4,9289650531E-5	6,9534598023E-5
899	4,9295636598E-5	6,9562870803E-5
900	4,9302652547E-5	6,9595055039E-5
901	4,9305973336E-5	6,960194331E-5
902	4,930950285E-5	6,9611861142E-5
903	4,93155021E-5	6,9627191151E-5
904	4,9319553137E-5	6,9634434298E-5
905	4,9321077074E-5	6,9640679286E-5
906	4,9324604085E-5	6,9648875199E-5
907	4,933202275E-5	6,9665421099E-5
908	4,9346347928E-5	6,9687928366E-5
909	4,9358222289E-5	6,9717339173E-5
910	4,9374095018E-5	6,9739650041E-5
911	4,9389709971E-5	6,9761275125E-5
912	4,9400501138E-5	6,9788657777E-5
913	4,9416821356E-5	6,980891658E-5
914	4,9430716918E-5	6,9831401215E-5
915	4,9441805527E-5	6,9857682518E-5
916	4,9446588654E-5	6,9883065577E-5
917	4,9452263357E-5	6,9912481873E-5
918	4,9466332953E-5	6,9933599395E-5
919	4,9474641288E-5	6,9963625226E-5
920	4,9487161345E-5	6,99878116E-5
921	4,9501816176E-5	7,0009035574E-5
922	4,9516623696E-5	7,0029803693E-5
923	4,9531323919E-5	7,0050743035E-5
924	4,9547042912E-5	7,0070278901E-5
925	4,9560123346E-5	7,0092337144E-5
926	4,9573118799E-5	7,011464312E-5
927	4,9584912337E-5	7,013835237E-5
928	4,9600497053E-5	7,0159273659E-5
929	4,961003259E-5	7,018680779E-5
930	4,9624771585E-5	7,0211044353E-5
931	4,9638219532E-5	7,0234354494E-5
932	4,9653882434E-5	7,0255664774E-5
933	4,9663233193E-5	7,0278951275E-5
934	4,9669779782E-5	7,0307063283E-5
935	4,967215186E-5	7,0313366288E-5
936	4,9676386753E-5	7,0324014378E-5
937	4,968026078E-5	7,0332577698E-5
938	4,9692338211E-5	7,0347539405E-5
939	4,9707298309E-5	7,037451067E-5
940	4,9720042697E-5	7,0409307122E-5
941	4,9733326742E-5	7,0452410266E-5
942	4,9751066486E-5	7,047898327E-5
943	4,9764148198E-5	7,0506205254E-5
944	4,9779887174E-5	7,0527285701E-5
945	4,9793242E-5	7,0550277226E-5
946	4,9803184821E-5	7,0574553296E-5
947	4,9810340426E-5	7,0591563533E-5
948	4,9811560344E-5	7,0596346559E-5
949	4,9814273404E-5	7,0607086649E-5
950	4,9821636287E-5	7,0631060358E-5
951	4,9830534088E-5	7,0643095991E-5
952	4,9840524768E-5	7,0659886914E-5
953	4,9844521825E-5	7,0669317484E-5
954	4,9844234212E-5	7,0670376699E-5
955	4,9844102945E-5	7,0672098061E-5
956	4,9850786127E-5	7,0680586594E-5
957	4,9859500901E-5	7,0691481337E-5
958	4,9874334652E-5	7,071528792E-5
959	4,9887750213E-5	7,0740513324E-5
960	4,9902700241E-5	7,0759382065E-5
961	4,9917483915E-5	7,077746705E-5
962	4,9932305455E-5	7,0795594903E-5
963	4,9937845231E-5	7,0814693904E-5
964	4,9948954058E-5	7,0833766424E-5
965	4,9950595556E-5	7,0839022614E-5
966	4,995116589E-5	7,0842782562E-5
967	4,9951615803E-5	7,0845120698E-5
968	4,9953793496E-5	7,0853779474E-5
969	4,9958362243E-5	7,0863464067E-5
970	4,997107284E-5	7,0884709819E-5
971	4,998518111E-5	7,0907089297E-5
972	4,9996580939E-5	7,092872944E-5
973	5,0006441288E-5	7,0950818806E-5
974	5,0017176826E-5	7,0971072559E-5
975	5,0031603221E-5	7,09890249E-5
976	5,0045940507E-5	7,1006761344E-5
977	5,0059469207E-5	7,102531167E-5
978	5,0072228046E-5	7,1043144307E-5
979	5,0084541842E-5	7,1060728746E-5
980	5,0096561146E-5	7,1078288309E-5
981	5,0107602085E-5	7,1096889881E-5
982	5,011724319E-5	7,111772725E-5
983	5,012647383E-5	7,113935665E-5
984	5,0136708234E-5	7,1158792466E-5
985	5,0148346283E-5	7,1176234115E-5
986	5,0157765663E-5	7,1197060463E-5
987	5,0164708176E-5	7,1220383151E-5
988	5,0177116317E-5	7,1240382571E-5
989	5,0191511815E-5	7,1258466755E-5
990	5,0194164749E-5	7,1264798629E-5
991	5,0204021188E-5	7,1279197838E-5
992	5,0215665207E-5	7,1293926723E-5
993	5,0228177833E-5	7,1309279054E-5
994	5,0241971716E-5	7,1325657105E-5
995	5,0253345047E-5	7,1341833046E-5
996	5,0268211425E-5	7,1367839202E-5
997	5,0282091596E-5	7,1392091503E-5
998	5,0295359279E-5	7,1423124156E-5
999	5,0308824904E-5	7,1449466595E-5
1000	5,0320190787E-5	7,1475099691E-5
