0 2 10 iAF1260.cmd 1E-7
0 2 10 iJN1463.cmd 1E-8
0 4 9 iAF1260.cmd 1E-7
0 4 9 iJN1463.cmd 1E-8
0 9 6 iAF1260.cmd 1E-7
0 9 6 iJN1463.cmd 1E-8
0 3 13 iAF1260.cmd 1E-7
0 3 13 iJN1463.cmd 1E-8
0 8 12 iAF1260.cmd 1E-7
0 8 12 iJN1463.cmd 1E-8
0 2 1 iAF1260.cmd 1E-7
0 2 1 iJN1463.cmd 1E-8
0 9 11 iAF1260.cmd 1E-7
0 9 11 iJN1463.cmd 1E-8
0 13 9 iAF1260.cmd 1E-7
0 13 9 iJN1463.cmd 1E-8
0 5 7 iAF1260.cmd 1E-7
0 5 7 iJN1463.cmd 1E-8
0 10 4 iAF1260.cmd 1E-7
0 10 4 iJN1463.cmd 1E-8
0 3 9 iAF1260.cmd 1E-7
0 3 9 iJN1463.cmd 1E-8
0 2 7 iAF1260.cmd 1E-7
0 2 7 iJN1463.cmd 1E-8
0 9 9 iAF1260.cmd 1E-7
0 9 9 iJN1463.cmd 1E-8
0 14 8 iAF1260.cmd 1E-7
0 14 8 iJN1463.cmd 1E-8
0 13 2 iAF1260.cmd 1E-7
0 13 2 iJN1463.cmd 1E-8
500 2 10 iAF1260.cmd 1,1081388368E-6
500 2 10 iJN1463.cmd 9,5282642039E-7
500 4 9 iAF1260.cmd 7,423271599E-7
500 4 9 iJN1463.cmd 5,909387511E-7
500 9 6 iAF1260.cmd 2,4532033345E-7
500 9 6 iJN1463.cmd 1,5197714764E-7
500 3 13 iAF1260.cmd 7,3751695332E-7
500 3 13 iJN1463.cmd 6,5154021338E-7
500 8 12 iAF1260.cmd 2,323342554E-7
500 8 12 iJN1463.cmd 1,7145907403E-7
500 2 1 iAF1260.cmd 1,0076483571E-6
500 2 1 iJN1463.cmd 8,839144069E-7
500 9 11 iAF1260.cmd 1,9919432885E-7
500 9 11 iJN1463.cmd 1,3481998884E-7
500 13 9 iAF1260.cmd 1,2239377876E-7
500 13 9 iJN1463.cmd 7,1760741644E-8
500 5 7 iAF1260.cmd 3,4248172049E-7
500 5 7 iJN1463.cmd 2,5638517224E-7
500 10 4 iAF1260.cmd 1,8341909082E-7
500 10 4 iJN1463.cmd 1,1167661726E-7
500 3 9 iAF1260.cmd 9,3818206704E-7
500 3 9 iJN1463.cmd 7,7078422576E-7
500 2 7 iAF1260.cmd 8,5785684897E-7
500 2 7 iJN1463.cmd 6,860587429E-7
500 9 9 iAF1260.cmd 1,7617866419E-7
500 9 9 iJN1463.cmd 1,1593176673E-7
500 14 8 iAF1260.cmd 1,4678667921E-7
500 14 8 iJN1463.cmd 8,8251505066E-8
500 13 2 iAF1260.cmd 8,652899886E-8
500 13 2 iJN1463.cmd 5,1155735714E-8
500 1 1 iAF1260.cmd 9,4842058774E-7
500 1 1 iJN1463.cmd 8,5038223689E-7
500 1 10 iAF1260.cmd 9,7062522023E-7
500 1 10 iJN1463.cmd 8,7419256131E-7
500 2 0 iAF1260.cmd 9,9879259015E-7
500 2 0 iJN1463.cmd 8,7302658317E-7
500 2 2 iAF1260.cmd 9,9448017827E-7
500 2 2 iJN1463.cmd 8,8161082245E-7
500 2 8 iAF1260.cmd 9,4395174538E-7
500 2 8 iJN1463.cmd 7,7047530609E-7
500 2 9 iAF1260.cmd 1,053722094E-6
500 2 9 iJN1463.cmd 8,9416627861E-7
500 2 13 iAF1260.cmd 7,4357605291E-7
500 2 13 iJN1463.cmd 6,7475314009E-7
500 3 1 iAF1260.cmd 8,0901178181E-7
500 3 1 iJN1463.cmd 7,0403220593E-7
500 3 7 iAF1260.cmd 7,0191301359E-7
500 3 7 iJN1463.cmd 5,6261646399E-7
500 3 8 iAF1260.cmd 8,2968170044E-7
500 3 8 iJN1463.cmd 6,6846529909E-7
500 3 10 iAF1260.cmd 1,0029348545E-6
500 3 10 iJN1463.cmd 8,4361402733E-7
500 3 12 iAF1260.cmd 7,95033065E-7
500 3 12 iJN1463.cmd 7,0219433604E-7
500 3 14 iAF1260.cmd 3,3948555672E-7
500 3 14 iJN1463.cmd 2,8128763274E-7
500 4 8 iAF1260.cmd 6,8867022708E-7
500 4 8 iJN1463.cmd 5,4335766541E-7
500 5 6 iAF1260.cmd 2,6982532894E-7
500 5 6 iJN1463.cmd 2,0698586785E-7
500 5 8 iAF1260.cmd 4,6797185258E-7
500 5 8 iJN1463.cmd 3,6091870244E-7
500 5 9 iAF1260.cmd 5,3411367933E-7
500 5 9 iJN1463.cmd 4,2270070547E-7
500 6 7 iAF1260.cmd 2,6977060823E-7
500 6 7 iJN1463.cmd 1,979970623E-7
500 7 12 iAF1260.cmd 2,4736072199E-7
500 7 12 iJN1463.cmd 1,9796751363E-7
500 8 6 iAF1260.cmd 2,1241394299E-7
500 8 6 iJN1463.cmd 1,3600691134E-7
500 8 9 iAF1260.cmd 1,8454835824E-7
500 8 9 iJN1463.cmd 1,2830531532E-7
500 8 11 iAF1260.cmd 2,287055965E-7
500 8 11 iJN1463.cmd 1,6517050979E-7
500 8 13 iAF1260.cmd 1,947847994E-7
500 8 13 iJN1463.cmd 1,5005682973E-7
500 9 5 iAF1260.cmd 2,209492716E-7
500 9 5 iJN1463.cmd 1,3565127206E-7
500 9 8 iAF1260.cmd 1,801426668E-7
500 9 8 iJN1463.cmd 1,1905522455E-7
500 9 10 iAF1260.cmd 1,8614674914E-7
500 9 10 iJN1463.cmd 1,2405455028E-7
500 9 12 iAF1260.cmd 2,0108909642E-7
500 9 12 iJN1463.cmd 1,3826711752E-7
500 10 3 iAF1260.cmd 1,5528858911E-7
500 10 3 iJN1463.cmd 9,4342763041E-8
500 10 5 iAF1260.cmd 2,1550829296E-7
500 10 5 iJN1463.cmd 1,3077495209E-7
500 10 9 iAF1260.cmd 1,3853793213E-7
500 10 9 iJN1463.cmd 8,7548571477E-8
500 10 11 iAF1260.cmd 1,3887956713E-7
500 10 11 iJN1463.cmd 9,1122165164E-8
500 11 4 iAF1260.cmd 1,4029690526E-7
500 11 4 iJN1463.cmd 8,512445432E-8
500 12 2 iAF1260.cmd 8,0854116544E-8
500 12 2 iJN1463.cmd 4,7401014987E-8
500 12 9 iAF1260.cmd 9,5710480805E-8
500 12 9 iJN1463.cmd 5,6202561564E-8
500 13 1 iAF1260.cmd 7,5235661467E-8
500 13 1 iJN1463.cmd 4,3929124304E-8
500 13 3 iAF1260.cmd 7,5881891548E-8
500 13 3 iJN1463.cmd 4,4313804979E-8
500 13 8 iAF1260.cmd 1,3167838549E-7
500 13 8 iJN1463.cmd 7,8140536902E-8
500 13 10 iAF1260.cmd 8,9485473377E-8
500 13 10 iJN1463.cmd 5,2397561405E-8
500 14 2 iAF1260.cmd 8,4596847309E-8
500 14 2 iJN1463.cmd 4,9874198817E-8
500 14 7 iAF1260.cmd 1,1921086896E-7
500 14 7 iJN1463.cmd 7,1541596165E-8
500 14 9 iAF1260.cmd 1,3599096828E-7
500 14 9 iJN1463.cmd 8,0539522916E-8
500 8 10 iAF1260.cmd 2,0539272532E-7
500 8 10 iJN1463.cmd 1,4599654026E-7
500 10 10 iAF1260.cmd 1,404810643E-7
500 10 10 iJN1463.cmd 9,0111257076E-8
500 1 9 iAF1260.cmd 9,7908603311E-7
500 1 9 iJN1463.cmd 8,752875981E-7
500 3 11 iAF1260.cmd 8,1748462573E-7
500 3 11 iJN1463.cmd 7,0399860388E-7
500 7 11 iAF1260.cmd 2,4520863035E-7
500 7 11 iJN1463.cmd 1,9305714949E-7
500 10 12 iAF1260.cmd 1,201367874E-7
500 10 12 iJN1463.cmd 8,1151521397E-8
500 12 8 iAF1260.cmd 8,1597950777E-8
500 12 8 iJN1463.cmd 4,7675521852E-8
500 14 10 iAF1260.cmd 9,4506079944E-8
500 14 10 iJN1463.cmd 5,5285739038E-8
500 1 0 iAF1260.cmd 9,2368806889E-7
500 1 0 iJN1463.cmd 8,2154301219E-7
500 1 2 iAF1260.cmd 9,7046525102E-7
500 1 2 iJN1463.cmd 8,9092152422E-7
500 3 0 iAF1260.cmd 8,2606128322E-7
500 3 0 iJN1463.cmd 7,178557817E-7
500 3 2 iAF1260.cmd 7,2360391364E-7
500 3 2 iJN1463.cmd 6,34724846E-7
500 6 8 iAF1260.cmd 3,0317870978E-7
500 6 8 iJN1463.cmd 2,269011026E-7
500 8 5 iAF1260.cmd 1,7716690287E-7
500 8 5 iJN1463.cmd 1,1405763924E-7
500 2 12 iAF1260.cmd 8,6837777039E-7
500 2 12 iJN1463.cmd 7,9022957935E-7
500 2 14 iAF1260.cmd 3,6339118693E-7
500 2 14 iJN1463.cmd 3,1127055344E-7
500 6 6 iAF1260.cmd 2,4111821822E-7
500 6 6 iJN1463.cmd 1,7573224032E-7
500 7 13 iAF1260.cmd 2,0217525404E-7
500 7 13 iJN1463.cmd 1,6554014412E-7
500 8 8 iAF1260.cmd 1,8138209244E-7
500 8 8 iJN1463.cmd 1,2545003409E-7
500 11 9 iAF1260.cmd 9,474473021E-8
500 11 9 iJN1463.cmd 5,7412322739E-8
500 12 1 iAF1260.cmd 6,6938016319E-8
500 12 1 iJN1463.cmd 3,8880111762E-8
500 12 3 iAF1260.cmd 7,8922866177E-8
500 12 3 iJN1463.cmd 4,5971892385E-8
500 12 10 iAF1260.cmd 8,2695570732E-8
500 12 10 iJN1463.cmd 4,947940846E-8
500 14 1 iAF1260.cmd 7,4734792356E-8
500 14 1 iJN1463.cmd 4,3448935454E-8
500 14 3 iAF1260.cmd 7,1296466035E-8
500 14 3 iJN1463.cmd 4,1416187686E-8
500 3 6 iAF1260.cmd 4,0304424691E-7
500 3 6 iJN1463.cmd 3,2871586353E-7
500 5 10 iAF1260.cmd 3,878267266E-7
500 5 10 iJN1463.cmd 3,2167641243E-7
500 7 6 iAF1260.cmd 2,100126033E-7
500 7 6 iJN1463.cmd 1,455766941E-7
500 12 4 iAF1260.cmd 7,6824580823E-8
500 12 4 iJN1463.cmd 4,5039822827E-8
500 0 1 iAF1260.cmd 4,8582356441E-7
500 0 1 iJN1463.cmd 4,2156926173E-7
500 0 10 iAF1260.cmd 4,5695793345E-7
500 0 10 iJN1463.cmd 4,0016688216E-7
500 1 11 iAF1260.cmd 8,7305697889E-7
500 1 11 iJN1463.cmd 8,1252085973E-7
500 1 13 iAF1260.cmd 6,34069774E-7
500 1 13 iJN1463.cmd 5,9350430978E-7
500 4 1 iAF1260.cmd 5,7002734518E-7
500 4 1 iJN1463.cmd 5,0146239733E-7
500 4 6 iAF1260.cmd 2,8871905796E-7
500 4 6 iJN1463.cmd 2,3282265351E-7
500 4 12 iAF1260.cmd 5,9208601364E-7
500 4 12 iJN1463.cmd 5,2264879785E-7
500 5 5 iAF1260.cmd 2,155261409E-7
500 5 5 iJN1463.cmd 1,7639357918E-7
500 6 12 iAF1260.cmd 2,8293794778E-7
500 6 12 iJN1463.cmd 2,4320643964E-7
500 7 7 iAF1260.cmd 2,1293303435E-7
500 7 7 iJN1463.cmd 1,530259006E-7
500 7 9 iAF1260.cmd 1,8922833913E-7
500 7 9 iJN1463.cmd 1,3922058729E-7
500 8 14 iAF1260.cmd 9,2901876485E-8
500 8 14 iJN1463.cmd 6,8427882821E-8
500 10 2 iAF1260.cmd 9,8590374611E-8
500 10 2 iJN1463.cmd 6,1730353509E-8
500 11 2 iAF1260.cmd 7,7538804244E-8
500 11 2 iJN1463.cmd 4,6157187938E-8
500 11 11 iAF1260.cmd 8,7345939661E-8
500 11 11 iJN1463.cmd 5,6288435396E-8
500 13 0 iAF1260.cmd 5,9607089313E-8
500 13 0 iJN1463.cmd 3,4070716789E-8
500 13 4 iAF1260.cmd 5,6949048885E-8
500 13 4 iJN1463.cmd 3,2533844388E-8
500 13 11 iAF1260.cmd 5,5889509082E-8
500 13 11 iJN1463.cmd 3,3810079963E-8
500 14 6 iAF1260.cmd 7,2771956443E-8
500 14 6 iJN1463.cmd 4,2350589913E-8
500 4 14 iAF1260.cmd 1,4466429315E-7
500 4 14 iJN1463.cmd 1,1085944032E-7
500 7 10 iAF1260.cmd 2,2066707374E-7
500 7 10 iJN1463.cmd 1,70670069E-7
500 11 10 iAF1260.cmd 9,6607443871E-8
500 11 10 iJN1463.cmd 6,001116683E-8
500 7 8 iAF1260.cmd 2,0842999079E-7
500 7 8 iJN1463.cmd 1,5159121125E-7
500 11 8 iAF1260.cmd 6,1358189053E-8
500 11 8 iJN1463.cmd 3,585977464E-8
500 4 11 iAF1260.cmd 5,9179868338E-7
500 4 11 iJN1463.cmd 5,1695147825E-7
500 0 9 iAF1260.cmd 4,0215533664E-7
500 0 9 iJN1463.cmd 3,4947775472E-7
500 1 12 iAF1260.cmd 7,8302275771E-7
500 1 12 iJN1463.cmd 7,3217840873E-7
500 6 11 iAF1260.cmd 2,9137941937E-7
500 6 11 iJN1463.cmd 2,4644740002E-7
500 11 12 iAF1260.cmd 6,9592235738E-8
500 11 12 iJN1463.cmd 4,7064532803E-8
500 14 11 iAF1260.cmd 5,4430712264E-8
500 14 11 iJN1463.cmd 3,2325991801E-8
500 4 0 iAF1260.cmd 5,8337832857E-7
500 4 0 iJN1463.cmd 5,1328166884E-7
500 12 11 iAF1260.cmd 6,20765766E-8
500 12 11 iJN1463.cmd 3,8887455154E-8
500 0 0 iAF1260.cmd 4,8115605941E-7
500 0 0 iJN1463.cmd 4,134069216E-7
500 4 2 iAF1260.cmd 5,3016133296E-7
500 4 2 iJN1463.cmd 4,682917489E-7
500 0 2 iAF1260.cmd 4,6590394432E-7
500 0 2 iJN1463.cmd 4,1558924417E-7
500 14 0 iAF1260.cmd 5,9475527113E-8
500 14 0 iJN1463.cmd 3,37204192E-8
500 14 4 iAF1260.cmd 5,0909939273E-8
500 14 4 iJN1463.cmd 2,8674917247E-8
500 6 13 iAF1260.cmd 2,1952402338E-7
500 6 13 iJN1463.cmd 1,9189572891E-7
500 10 13 iAF1260.cmd 6,2653228644E-8
500 10 13 iJN1463.cmd 4,440548184E-8
500 11 1 iAF1260.cmd 5,7787335412E-8
500 11 1 iJN1463.cmd 3,4020835188E-8
500 12 0 iAF1260.cmd 5,183456721E-8
500 12 0 iJN1463.cmd 3,0010954223E-8
500 12 7 iAF1260.cmd 3,8436144008E-8
500 12 7 iJN1463.cmd 2,1774069347E-8
500 7 14 iAF1260.cmd 1,0355283814E-7
500 7 14 iJN1463.cmd 8,0437540463E-8
500 1 3 iAF1260.cmd 9,9280184067E-7
500 1 3 iJN1463.cmd 9,4717968485E-7
500 3 3 iAF1260.cmd 4,8451250908E-7
500 3 3 iJN1463.cmd 4,2805191828E-7
500 8 4 iAF1260.cmd 1,0939508952E-7
500 8 4 iJN1463.cmd 8,2451733876E-8
500 1 14 iAF1260.cmd 2,9075189274E-7
500 1 14 iJN1463.cmd 2,5750686002E-7
500 4 5 iAF1260.cmd 2,3085148148E-7
500 4 5 iJN1463.cmd 1,9427385267E-7
500 5 12 iAF1260.cmd 3,7746067531E-7
500 5 12 iJN1463.cmd 3,3380684416E-7
500 0 11 iAF1260.cmd 4,1832405901E-7
500 0 11 iJN1463.cmd 3,7581576074E-7
500 6 10 iAF1260.cmd 2,796735272E-7
500 6 10 iJN1463.cmd 2,3185384397E-7
500 5 11 iAF1260.cmd 3,9905481665E-7
500 5 11 iJN1463.cmd 3,4601802433E-7
500 3 5 iAF1260.cmd 2,5992196962E-7
500 3 5 iJN1463.cmd 2,2365922811E-7
500 9 2 iAF1260.cmd 6,6342010125E-8
500 9 2 iJN1463.cmd 4,9774672553E-8
500 12 5 iAF1260.cmd 3,8799886646E-8
500 12 5 iJN1463.cmd 2,1673240569E-8
500 5 1 iAF1260.cmd 3,5741526977E-7
500 5 1 iJN1463.cmd 3,2241308512E-7
500 14 5 iAF1260.cmd 4,4496948224E-8
500 14 5 iJN1463.cmd 2,4786846598E-8
500 0 13 iAF1260.cmd 2,8067911194E-7
500 0 13 iJN1463.cmd 2,5514705117E-7
500 5 4 iAF1260.cmd 1,717786042E-7
500 5 4 iJN1463.cmd 1,5069506059E-7
500 13 5 iAF1260.cmd 3,8086476288E-8
500 13 5 iJN1463.cmd 2,0977567377E-8
500 13 12 iAF1260.cmd 3,269639687E-8
500 13 12 iJN1463.cmd 2,1255589864E-8
500 12 12 iAF1260.cmd 4,3143601041E-8
500 12 12 iJN1463.cmd 2,8983103021E-8
500 9 14 iAF1260.cmd 3,9123659672E-8
500 9 14 iJN1463.cmd 2,6747227243E-8
500 0 12 iAF1260.cmd 3,6141234561E-7
500 0 12 iJN1463.cmd 3,2864921269E-7
500 11 7 iAF1260.cmd 2,7064491475E-8
500 11 7 iJN1463.cmd 1,5005279615E-8
500 11 13 iAF1260.cmd 4,1947575438E-8
500 11 13 iJN1463.cmd 3,0175847109E-8
500 11 0 iAF1260.cmd 4,1444033171E-8
500 11 0 iJN1463.cmd 2,5491487786E-8
500 5 0 iAF1260.cmd 3,6920813113E-7
500 5 0 iJN1463.cmd 3,3349541727E-7
500 5 2 iAF1260.cmd 3,0191608783E-7
500 5 2 iJN1463.cmd 2,7272130505E-7
500 5 13 iAF1260.cmd 2,5155155509E-7
500 5 13 iJN1463.cmd 2,2649457584E-7
500 0 3 iAF1260.cmd 3,8782294374E-7
500 0 3 iJN1463.cmd 3,5951212151E-7
500 6 14 iAF1260.cmd 1,0575986478E-7
500 6 14 iJN1463.cmd 8,6911679558E-8
500 3 4 iAF1260.cmd 2,7142414127E-7
500 3 4 iJN1463.cmd 2,414591888E-7
500 4 4 iAF1260.cmd 2,0604808083E-7
500 4 4 iJN1463.cmd 1,8095176538E-7
500 14 12 iAF1260.cmd 2,8917142934E-8
500 14 12 iJN1463.cmd 1,82303879E-8
500 12 6 iAF1260.cmd 2,4133790341E-8
500 12 6 iJN1463.cmd 1,3226564678E-8
500 5 14 iAF1260.cmd 1,1733376406E-7
500 5 14 iJN1463.cmd 9,6928424655E-8
500 0 8 iAF1260.cmd 1,2354846813E-7
500 0 8 iJN1463.cmd 1,0308655432E-7
500 7 4 iAF1260.cmd 9,7051325669E-8
500 7 4 iJN1463.cmd 8,4042388184E-8
500 8 3 iAF1260.cmd 8,0979721096E-8
500 8 3 iJN1463.cmd 6,8665368674E-8
500 10 14 iAF1260.cmd 2,9359393572E-8
500 10 14 iJN1463.cmd 1,9985766552E-8
500 0 14 iAF1260.cmd 1,5869240599E-7
500 0 14 iJN1463.cmd 1,3768448224E-7
500 2 5 iAF1260.cmd 1,9446446244E-7
500 2 5 iJN1463.cmd 1,7604939675E-7
500 5 3 iAF1260.cmd 1,8629822112E-7
500 5 3 iJN1463.cmd 1,6953549474E-7
500 6 1 iAF1260.cmd 2,3415931089E-7
500 6 1 iJN1463.cmd 2,1731348753E-7
500 8 2 iAF1260.cmd 6,8397590546E-8
500 8 2 iJN1463.cmd 5,9481257285E-8
500 6 4 iAF1260.cmd 1,2097161426E-7
500 6 4 iJN1463.cmd 1,0906788554E-7
500 9 1 iAF1260.cmd 4,6749339801E-8
500 9 1 iJN1463.cmd 3,9121880967E-8
500 12 13 iAF1260.cmd 2,6109570603E-8
500 12 13 iJN1463.cmd 1,8857442558E-8
500 6 0 iAF1260.cmd 2,2087659394E-7
500 6 0 iJN1463.cmd 2,0612448096E-7
500 6 2 iAF1260.cmd 1,8010751003E-7
500 6 2 iJN1463.cmd 1,6684499475E-7
500 2 4 iAF1260.cmd 1,9639928765E-7
500 2 4 iJN1463.cmd 1,8008152705E-7
500 7 3 iAF1260.cmd 9,385162596E-8
500 7 3 iJN1463.cmd 8,515301243E-8
500 10 0 iAF1260.cmd 3,2143900229E-8
500 10 0 iJN1463.cmd 2,3839034086E-8
500 11 14 iAF1260.cmd 1,8992639953E-8
500 11 14 iJN1463.cmd 1,2987992411E-8
500 0 4 iAF1260.cmd 1,0784304099E-7
500 0 4 iJN1463.cmd 9,7146853983E-8
500 6 3 iAF1260.cmd 1,337795138E-7
500 6 3 iJN1463.cmd 1,2352783765E-7
500 13 13 iAF1260.cmd 1,8086537063E-8
500 13 13 iJN1463.cmd 1,2600782771E-8
500 7 2 iAF1260.cmd 1,0077346553E-7
500 7 2 iJN1463.cmd 9,3181151794E-8
500 8 1 iAF1260.cmd 5,0793475637E-8
500 8 1 iJN1463.cmd 4,5718899489E-8
500 11 6 iAF1260.cmd 1,6256117414E-8
500 11 6 iJN1463.cmd 8,6948308324E-9
500 9 0 iAF1260.cmd 3,9462999358E-8
500 9 0 iJN1463.cmd 3,4287663897E-8
500 7 0 iAF1260.cmd 1,1632185983E-7
500 7 0 iJN1463.cmd 1,1181582402E-7
500 14 13 iAF1260.cmd 1,4787986389E-8
500 14 13 iJN1463.cmd 9,7731576752E-9
500 0 7 iAF1260.cmd 3,1019855645E-8
500 0 7 iJN1463.cmd 2,4653192268E-8
500 8 0 iAF1260.cmd 5,8815809044E-8
500 8 0 iJN1463.cmd 5,5587836888E-8
500 12 14 iAF1260.cmd 1,1063239671E-8
500 12 14 iJN1463.cmd 7,3137152043E-9
500 10 7 iAF1260.cmd 1,1728115434E-8
500 10 7 iJN1463.cmd 5,108984684E-9
500 0 5 iAF1260.cmd 2,4547905492E-8
500 0 5 iJN1463.cmd 2,1147781584E-8
500 13 14 iAF1260.cmd 6,6820990406E-9
500 13 14 iJN1463.cmd 3,7885004622E-9
500 0 6 iAF1260.cmd 8,8195900906E-9
500 0 6 iJN1463.cmd 6,8787085559E-9
500 14 14 iAF1260.cmd 4,7283503365E-9
500 14 14 iJN1463.cmd 1,8615443444E-9
500 1 6 iAF1260.cmd 0E0
500 1 6 iJN1463.cmd 0E0
1000 2 10 iAF1260.cmd 1,1985974138E-6
1000 2 10 iJN1463.cmd 9,5452732547E-7
1000 4 9 iAF1260.cmd 8,6873270237E-7
1000 4 9 iJN1463.cmd 6,4246521868E-7
1000 9 6 iAF1260.cmd 2,2430926524E-7
1000 9 6 iJN1463.cmd 1,3559972667E-7
1000 3 13 iAF1260.cmd 8,2378268494E-7
1000 3 13 iJN1463.cmd 6,8256785033E-7
1000 8 12 iAF1260.cmd 2,4970348009E-7
1000 8 12 iJN1463.cmd 1,7650056254E-7
1000 2 1 iAF1260.cmd 1,0527487943E-6
1000 2 1 iJN1463.cmd 8,38194149E-7
1000 9 11 iAF1260.cmd 2,0293145922E-7
1000 9 11 iJN1463.cmd 1,3350562045E-7
1000 13 9 iAF1260.cmd 1,0328628846E-7
1000 13 9 iJN1463.cmd 5,8061535474E-8
1000 5 7 iAF1260.cmd 4,2201874295E-7
1000 5 7 iJN1463.cmd 2,9739441808E-7
1000 10 4 iAF1260.cmd 1,5374592316E-7
1000 10 4 iJN1463.cmd 9,1761674513E-8
1000 3 9 iAF1260.cmd 1,0637630825E-6
1000 3 9 iJN1463.cmd 8,1025787172E-7
1000 2 7 iAF1260.cmd 1,0015091884E-6
1000 2 7 iJN1463.cmd 7,4156071285E-7
1000 9 9 iAF1260.cmd 2,0126305819E-7
1000 9 9 iJN1463.cmd 1,2683861541E-7
1000 14 8 iAF1260.cmd 1,0917692995E-7
1000 14 8 iJN1463.cmd 6,2089145167E-8
1000 13 2 iAF1260.cmd 7,2792460584E-8
1000 13 2 iJN1463.cmd 4,2060369227E-8
1000 1 1 iAF1260.cmd 1,0412333163E-6
1000 1 1 iJN1463.cmd 8,5402854748E-7
1000 1 10 iAF1260.cmd 1,0831938083E-6
1000 1 10 iJN1463.cmd 9,0085722978E-7
1000 2 0 iAF1260.cmd 1,0579365084E-6
1000 2 0 iJN1463.cmd 8,3696937516E-7
1000 2 2 iAF1260.cmd 1,0374892754E-6
1000 2 2 iJN1463.cmd 8,3334059185E-7
1000 2 8 iAF1260.cmd 1,0802624673E-6
1000 2 8 iJN1463.cmd 8,1481739071E-7
1000 2 9 iAF1260.cmd 1,1513038426E-6
1000 2 9 iJN1463.cmd 9,0224707352E-7
1000 2 13 iAF1260.cmd 8,3526426706E-7
1000 2 13 iJN1463.cmd 7,0428840996E-7
1000 3 1 iAF1260.cmd 9,0760959308E-7
1000 3 1 iJN1463.cmd 7,0926193606E-7
1000 3 7 iAF1260.cmd 8,5317171546E-7
1000 3 7 iJN1463.cmd 6,2942721921E-7
1000 3 8 iAF1260.cmd 9,7332103801E-7
1000 3 8 iJN1463.cmd 7,2470704971E-7
1000 3 10 iAF1260.cmd 1,1376156233E-6
1000 3 10 iJN1463.cmd 8,8682729663E-7
1000 3 12 iAF1260.cmd 9,230211009E-7
1000 3 12 iJN1463.cmd 7,4743432677E-7
1000 3 14 iAF1260.cmd 5,6499613229E-7
1000 3 14 iJN1463.cmd 4,8255053238E-7
1000 4 8 iAF1260.cmd 8,195386366E-7
1000 4 8 iJN1463.cmd 5,999109908E-7
1000 5 6 iAF1260.cmd 3,5915044471E-7
1000 5 6 iJN1463.cmd 2,5535129879E-7
1000 5 8 iAF1260.cmd 5,7723284947E-7
1000 5 8 iJN1463.cmd 4,1440829636E-7
1000 5 9 iAF1260.cmd 6,6852308424E-7
1000 5 9 iJN1463.cmd 4,8904782725E-7
1000 6 7 iAF1260.cmd 3,5585361902E-7
1000 6 7 iJN1463.cmd 2,429461631E-7
1000 7 12 iAF1260.cmd 3,0988881039E-7
1000 7 12 iJN1463.cmd 2,2955521282E-7
1000 8 6 iAF1260.cmd 2,3234497639E-7
1000 8 6 iJN1463.cmd 1,445126349E-7
1000 8 9 iAF1260.cmd 2,3716206636E-7
1000 8 9 iJN1463.cmd 1,5638321371E-7
1000 8 11 iAF1260.cmd 2,5704476797E-7
1000 8 11 iJN1463.cmd 1,7769579045E-7
1000 8 13 iAF1260.cmd 2,2603344477E-7
1000 8 13 iJN1463.cmd 1,6629157735E-7
1000 9 5 iAF1260.cmd 2,0747843218E-7
1000 9 5 iJN1463.cmd 1,2548458014E-7
1000 9 8 iAF1260.cmd 2,1623357749E-7
1000 9 8 iJN1463.cmd 1,3603236667E-7
1000 9 10 iAF1260.cmd 2,0155703267E-7
1000 9 10 iJN1463.cmd 1,3003834224E-7
1000 9 12 iAF1260.cmd 1,9809055027E-7
1000 9 12 iJN1463.cmd 1,3232454515E-7
1000 10 3 iAF1260.cmd 1,3486300732E-7
1000 10 3 iJN1463.cmd 8,1321207655E-8
1000 10 5 iAF1260.cmd 1,8909315512E-7
1000 10 5 iJN1463.cmd 1,1303724469E-7
1000 10 9 iAF1260.cmd 1,5616294512E-7
1000 10 9 iJN1463.cmd 9,4453970976E-8
1000 10 11 iAF1260.cmd 1,5080952011E-7
1000 10 11 iJN1463.cmd 9,5118097071E-8
1000 11 4 iAF1260.cmd 1,2228232096E-7
1000 11 4 iJN1463.cmd 7,2460772689E-8
1000 12 2 iAF1260.cmd 7,552841136E-8
1000 12 2 iJN1463.cmd 4,3976081309E-8
1000 12 9 iAF1260.cmd 1,009419774E-7
1000 12 9 iJN1463.cmd 5,7083034924E-8
1000 13 1 iAF1260.cmd 6,9730851872E-8
1000 13 1 iJN1463.cmd 4,0174281297E-8
1000 13 3 iAF1260.cmd 7,2015420016E-8
1000 13 3 iJN1463.cmd 4,1554269277E-8
1000 13 8 iAF1260.cmd 1,0350094144E-7
1000 13 8 iJN1463.cmd 5,8315749047E-8
1000 13 10 iAF1260.cmd 9,3266984502E-8
1000 13 10 iJN1463.cmd 5,2499772493E-8
1000 14 2 iAF1260.cmd 7,1864865288E-8
1000 14 2 iJN1463.cmd 4,1447361952E-8
1000 14 7 iAF1260.cmd 1,0156393476E-7
1000 14 7 iJN1463.cmd 5,8384951772E-8
1000 14 9 iAF1260.cmd 1,0618987711E-7
1000 14 9 iJN1463.cmd 5,9823604301E-8
1000 8 10 iAF1260.cmd 2,4972232871E-7
1000 8 10 iJN1463.cmd 1,6896965411E-7
1000 10 10 iAF1260.cmd 1,5705733221E-7
1000 10 10 iJN1463.cmd 9,647775505E-8
1000 1 9 iAF1260.cmd 1,067562963E-6
1000 1 9 iJN1463.cmd 8,7940665925E-7
1000 3 11 iAF1260.cmd 9,9193431935E-7
1000 3 11 iJN1463.cmd 7,8201738859E-7
1000 7 11 iAF1260.cmd 3,2515691138E-7
1000 7 11 iJN1463.cmd 2,3569550855E-7
1000 10 12 iAF1260.cmd 1,3256209592E-7
1000 10 12 iJN1463.cmd 8,5213861526E-8
1000 12 8 iAF1260.cmd 8,6044733698E-8
1000 12 8 iJN1463.cmd 4,8096398651E-8
1000 14 10 iAF1260.cmd 9,2122500277E-8
1000 14 10 iJN1463.cmd 5,1593845299E-8
1000 1 0 iAF1260.cmd 1,035700695E-6
1000 1 0 iJN1463.cmd 8,4108294218E-7
1000 1 2 iAF1260.cmd 1,0430909193E-6
1000 1 2 iJN1463.cmd 8,7187678374E-7
1000 3 0 iAF1260.cmd 9,3288738018E-7
1000 3 0 iJN1463.cmd 7,2662561463E-7
1000 3 2 iAF1260.cmd 8,3327741076E-7
1000 3 2 iJN1463.cmd 6,5302730994E-7
1000 6 8 iAF1260.cmd 4,0156992364E-7
1000 6 8 iJN1463.cmd 2,7922252649E-7
1000 8 5 iAF1260.cmd 1,9934848022E-7
1000 8 5 iJN1463.cmd 1,2510221947E-7
1000 2 12 iAF1260.cmd 9,5827744133E-7
1000 2 12 iJN1463.cmd 7,9894711002E-7
1000 2 14 iAF1260.cmd 6,2006821604E-7
1000 2 14 iJN1463.cmd 5,3734764871E-7
1000 6 6 iAF1260.cmd 3,2254986779E-7
1000 6 6 iJN1463.cmd 2,182663853E-7
1000 7 13 iAF1260.cmd 2,6473059892E-7
1000 7 13 iJN1463.cmd 2,0122073834E-7
1000 8 8 iAF1260.cmd 2,4409863856E-7
1000 8 8 iJN1463.cmd 1,5838859033E-7
1000 11 9 iAF1260.cmd 1,1363675077E-7
1000 11 9 iJN1463.cmd 6,5897847847E-8
1000 12 1 iAF1260.cmd 6,9316051121E-8
1000 12 1 iJN1463.cmd 4,0222761521E-8
1000 12 3 iAF1260.cmd 7,6480503282E-8
1000 12 3 iJN1463.cmd 4,4336472596E-8
1000 12 10 iAF1260.cmd 9,974362684E-8
1000 12 10 iJN1463.cmd 5,7119535289E-8
1000 14 1 iAF1260.cmd 7,0171766892E-8
1000 14 1 iJN1463.cmd 4,0357930412E-8
1000 14 3 iAF1260.cmd 6,9969041194E-8
1000 14 3 iJN1463.cmd 4,0283397741E-8
1000 3 6 iAF1260.cmd 5,4828579929E-7
1000 3 6 iJN1463.cmd 4,0524902413E-7
1000 5 10 iAF1260.cmd 5,528185284E-7
1000 5 10 iJN1463.cmd 4,1166029615E-7
1000 7 6 iAF1260.cmd 2,7854409516E-7
1000 7 6 iJN1463.cmd 1,8101355119E-7
1000 12 4 iAF1260.cmd 8,177141322E-8
1000 12 4 iJN1463.cmd 4,754234897E-8
1000 0 1 iAF1260.cmd 8,6845492933E-7
1000 0 1 iJN1463.cmd 7,3899134968E-7
1000 0 10 iAF1260.cmd 8,2110181924E-7
1000 0 10 iJN1463.cmd 7,0749246981E-7
1000 1 11 iAF1260.cmd 1,006377407E-6
1000 1 11 iJN1463.cmd 8,5757154469E-7
1000 1 13 iAF1260.cmd 7,6929903305E-7
1000 1 13 iJN1463.cmd 6,6293375361E-7
1000 4 1 iAF1260.cmd 7,1377264115E-7
1000 4 1 iJN1463.cmd 5,5448920041E-7
1000 4 6 iAF1260.cmd 4,0767878656E-7
1000 4 6 iJN1463.cmd 2,9882773782E-7
1000 4 12 iAF1260.cmd 7,7434763199E-7
1000 4 12 iJN1463.cmd 6,1485208006E-7
1000 5 5 iAF1260.cmd 3,174393598E-7
1000 5 5 iJN1463.cmd 2,3447138616E-7
1000 6 12 iAF1260.cmd 3,9882042411E-7
1000 6 12 iJN1463.cmd 3,0612768726E-7
1000 7 7 iAF1260.cmd 3,020275763E-7
1000 7 7 iJN1463.cmd 2,0020591894E-7
1000 7 9 iAF1260.cmd 2,7384587594E-7
1000 7 9 iJN1463.cmd 1,8626221914E-7
1000 8 14 iAF1260.cmd 1,6043031477E-7
1000 8 14 iJN1463.cmd 1,2266368465E-7
1000 10 2 iAF1260.cmd 1,0561122001E-7
1000 10 2 iJN1463.cmd 6,5913917814E-8
1000 11 2 iAF1260.cmd 8,3145987526E-8
1000 11 2 iJN1463.cmd 4,9593541417E-8
1000 11 11 iAF1260.cmd 1,1132450308E-7
1000 11 11 iJN1463.cmd 6,7767153034E-8
1000 13 0 iAF1260.cmd 6,6291940716E-8
1000 13 0 iJN1463.cmd 3,8114051995E-8
1000 13 4 iAF1260.cmd 6,9332973599E-8
1000 13 4 iJN1463.cmd 3,9874806122E-8
1000 13 11 iAF1260.cmd 7,5849163931E-8
1000 13 11 iJN1463.cmd 4,3344917614E-8
1000 14 6 iAF1260.cmd 8,3967896148E-8
1000 14 6 iJN1463.cmd 4,8256694328E-8
1000 4 14 iAF1260.cmd 3,6191062576E-7
1000 4 14 iJN1463.cmd 3,0707267181E-7
1000 7 10 iAF1260.cmd 3,1319342214E-7
1000 7 10 iJN1463.cmd 2,2193947524E-7
1000 11 10 iAF1260.cmd 1,1972193219E-7
1000 11 10 iJN1463.cmd 7,0681906878E-8
1000 7 8 iAF1260.cmd 2,9889198518E-7
1000 7 8 iJN1463.cmd 2,0047963224E-7
1000 11 8 iAF1260.cmd 8,1379160675E-8
1000 11 8 iJN1463.cmd 4,5680688464E-8
1000 4 11 iAF1260.cmd 7,9856827672E-7
1000 4 11 iJN1463.cmd 6,2635085375E-7
1000 0 9 iAF1260.cmd 7,1317804516E-7
1000 0 9 iJN1463.cmd 6,0867882185E-7
1000 1 12 iAF1260.cmd 9,1252047818E-7
1000 1 12 iJN1463.cmd 7,8004318334E-7
1000 6 11 iAF1260.cmd 4,2880200753E-7
1000 6 11 iJN1463.cmd 3,2271563433E-7
1000 11 12 iAF1260.cmd 9,3777696303E-8
1000 11 12 iJN1463.cmd 5,8554889221E-8
1000 14 11 iAF1260.cmd 7,1674476091E-8
1000 14 11 iJN1463.cmd 4,0426828947E-8
1000 4 0 iAF1260.cmd 7,3558568101E-7
1000 4 0 iJN1463.cmd 5,7070580047E-7
1000 12 11 iAF1260.cmd 8,7081183656E-8
1000 12 11 iJN1463.cmd 5,1327239449E-8
1000 0 0 iAF1260.cmd 8,7478621764E-7
1000 0 0 iJN1463.cmd 7,3840296759E-7
1000 4 2 iAF1260.cmd 6,7138091579E-7
1000 4 2 iJN1463.cmd 5,2220091203E-7
1000 0 2 iAF1260.cmd 8,3240193804E-7
1000 0 2 iJN1463.cmd 7,182583943E-7
1000 14 0 iAF1260.cmd 6,7505756275E-8
1000 14 0 iJN1463.cmd 3,8683212143E-8
1000 14 4 iAF1260.cmd 6,6893914745E-8
1000 14 4 iJN1463.cmd 3,8334741139E-8
1000 6 13 iAF1260.cmd 3,2141597294E-7
1000 6 13 iJN1463.cmd 2,5183607451E-7
1000 10 13 iAF1260.cmd 8,7482987522E-8
1000 10 13 iJN1463.cmd 5,7100750243E-8
1000 11 1 iAF1260.cmd 7,0011645422E-8
1000 11 1 iJN1463.cmd 4,1282571617E-8
1000 12 0 iAF1260.cmd 6,42135345E-8
1000 12 0 iJN1463.cmd 3,7457982539E-8
1000 12 7 iAF1260.cmd 5,8858979088E-8
1000 12 7 iJN1463.cmd 3,2337743086E-8
1000 7 14 iAF1260.cmd 2,0328952147E-7
1000 7 14 iJN1463.cmd 1,6055389984E-7
1000 1 3 iAF1260.cmd 1,0340935125E-6
1000 1 3 iJN1463.cmd 8,9074504621E-7
1000 3 3 iAF1260.cmd 6,3453510956E-7
1000 3 3 iJN1463.cmd 4,9210234155E-7
1000 8 4 iAF1260.cmd 1,6440014298E-7
1000 8 4 iJN1463.cmd 1,1326548756E-7
1000 1 14 iAF1260.cmd 5,7640858722E-7
1000 1 14 iJN1463.cmd 5,0714869369E-7
1000 4 5 iAF1260.cmd 3,5530793234E-7
1000 4 5 iJN1463.cmd 2,6568566861E-7
1000 5 12 iAF1260.cmd 5,3694553487E-7
1000 5 12 iJN1463.cmd 4,2068033037E-7
1000 0 11 iAF1260.cmd 8,0105753617E-7
1000 0 11 iJN1463.cmd 7,0107948659E-7
1000 6 10 iAF1260.cmd 4,2371274543E-7
1000 6 10 iJN1463.cmd 3,1277505182E-7
1000 5 11 iAF1260.cmd 5,797990155E-7
1000 5 11 iJN1463.cmd 4,4579096044E-7
1000 3 5 iAF1260.cmd 4,0689026189E-7
1000 3 5 iJN1463.cmd 3,0757173027E-7
1000 9 2 iAF1260.cmd 1,0088456969E-7
1000 9 2 iJN1463.cmd 7,0208768633E-8
1000 12 5 iAF1260.cmd 6,0963941594E-8
1000 12 5 iJN1463.cmd 3,462889285E-8
1000 5 1 iAF1260.cmd 5,112113185E-7
1000 5 1 iJN1463.cmd 3,9905937607E-7
1000 14 5 iAF1260.cmd 6,8081391283E-8
1000 14 5 iJN1463.cmd 3,8905771664E-8
1000 0 13 iAF1260.cmd 6,0434497314E-7
1000 0 13 iJN1463.cmd 5,3579032501E-7
1000 5 4 iAF1260.cmd 2,8267228314E-7
1000 5 4 iJN1463.cmd 2,154992603E-7
1000 13 5 iAF1260.cmd 6,2459671781E-8
1000 13 5 iJN1463.cmd 3,5582025578E-8
1000 13 12 iAF1260.cmd 5,6261337299E-8
1000 13 12 iJN1463.cmd 3,3393711113E-8
1000 12 12 iAF1260.cmd 6,9481829722E-8
1000 12 12 iJN1463.cmd 4,2294838389E-8
1000 9 14 iAF1260.cmd 9,5694274426E-8
1000 9 14 iJN1463.cmd 7,1299089557E-8
1000 0 12 iAF1260.cmd 7,2196714489E-7
1000 0 12 iJN1463.cmd 6,3679416674E-7
1000 11 7 iAF1260.cmd 5,1198734867E-8
1000 11 7 iJN1463.cmd 2,7950749525E-8
1000 11 13 iAF1260.cmd 6,8259246812E-8
1000 11 13 iJN1463.cmd 4,3946037874E-8
1000 11 0 iAF1260.cmd 6,2612654292E-8
1000 11 0 iJN1463.cmd 3,8235844979E-8
1000 5 0 iAF1260.cmd 5,3046113092E-7
1000 5 0 iJN1463.cmd 4,1404935959E-7
1000 5 2 iAF1260.cmd 4,4160607969E-7
1000 5 2 iJN1463.cmd 3,4458190604E-7
1000 5 13 iAF1260.cmd 3,8278062084E-7
1000 5 13 iJN1463.cmd 3,0482337599E-7
1000 0 3 iAF1260.cmd 7,094350255E-7
1000 0 3 iJN1463.cmd 6,2265254772E-7
1000 6 14 iAF1260.cmd 2,4516287634E-7
1000 6 14 iJN1463.cmd 1,9923383263E-7
1000 3 4 iAF1260.cmd 4,2299927854E-7
1000 3 4 iJN1463.cmd 3,2551957366E-7
1000 4 4 iAF1260.cmd 3,3695842405E-7
1000 4 4 iJN1463.cmd 2,5698427385E-7
1000 14 12 iAF1260.cmd 5,0737485405E-8
1000 14 12 iJN1463.cmd 2,9630701063E-8
1000 12 6 iAF1260.cmd 4,9450630646E-8
1000 12 6 iJN1463.cmd 2,7219505317E-8
1000 5 14 iAF1260.cmd 2,9409430732E-7
1000 5 14 iJN1463.cmd 2,436972979E-7
1000 0 8 iAF1260.cmd 3,8091247199E-7
1000 0 8 iJN1463.cmd 3,2988477218E-7
1000 7 4 iAF1260.cmd 1,7364949829E-7
1000 7 4 iJN1463.cmd 1,2876566596E-7
1000 8 3 iAF1260.cmd 1,4541363016E-7
1000 8 3 iJN1463.cmd 1,0613245879E-7
1000 10 14 iAF1260.cmd 6,9254119018E-8
1000 10 14 iJN1463.cmd 4,8382767231E-8
1000 0 14 iAF1260.cmd 4,8959538821E-7
1000 0 14 iJN1463.cmd 4,3637277131E-7
1000 2 5 iAF1260.cmd 3,4930249003E-7
1000 2 5 iJN1463.cmd 2,690327418E-7
1000 5 3 iAF1260.cmd 3,0668164903E-7
1000 5 3 iJN1463.cmd 2,3859003102E-7
1000 6 1 iAF1260.cmd 3,7855727009E-7
1000 6 1 iJN1463.cmd 2,9779864579E-7
1000 8 2 iAF1260.cmd 1,2682800192E-7
1000 8 2 iJN1463.cmd 9,4637356507E-8
1000 6 4 iAF1260.cmd 2,1697575789E-7
1000 6 4 iJN1463.cmd 1,6605140643E-7
1000 9 1 iAF1260.cmd 8,796238006E-8
1000 9 1 iJN1463.cmd 6,4456543984E-8
1000 12 13 iAF1260.cmd 5,0705850577E-8
1000 12 13 iJN1463.cmd 3,2169419829E-8
1000 6 0 iAF1260.cmd 3,6357985254E-7
1000 6 0 iJN1463.cmd 2,8662187504E-7
1000 6 2 iAF1260.cmd 3,0158962848E-7
1000 6 2 iJN1463.cmd 2,3640264657E-7
1000 2 4 iAF1260.cmd 3,5508133068E-7
1000 2 4 iJN1463.cmd 2,7543980945E-7
1000 7 3 iAF1260.cmd 1,7664881562E-7
1000 7 3 iJN1463.cmd 1,3459635867E-7
1000 10 0 iAF1260.cmd 6,3969494768E-8
1000 10 0 iJN1463.cmd 4,367346906E-8
1000 11 14 iAF1260.cmd 5,1057687007E-8
1000 11 14 iJN1463.cmd 3,4555130149E-8
1000 0 4 iAF1260.cmd 3,7777394984E-7
1000 0 4 iJN1463.cmd 3,386002092E-7
1000 6 3 iAF1260.cmd 2,3922942394E-7
1000 6 3 iJN1463.cmd 1,8606750976E-7
1000 13 13 iAF1260.cmd 3,9432738795E-8
1000 13 13 iJN1463.cmd 2,4567620358E-8
1000 7 2 iAF1260.cmd 1,8831875036E-7
1000 7 2 iJN1463.cmd 1,4590796611E-7
1000 8 1 iAF1260.cmd 1,0326500277E-7
1000 8 1 iJN1463.cmd 7,8532886143E-8
1000 11 6 iAF1260.cmd 4,2401888933E-8
1000 11 6 iJN1463.cmd 2,2953316669E-8
1000 9 0 iAF1260.cmd 8,3505266524E-8
1000 9 0 iJN1463.cmd 6,2518847701E-8
1000 7 0 iAF1260.cmd 2,2258959365E-7
1000 7 0 iJN1463.cmd 1,770279879E-7
1000 14 13 iAF1260.cmd 3,4253867655E-8
1000 14 13 iJN1463.cmd 2,1019530279E-8
1000 0 7 iAF1260.cmd 2,3370394473E-7
1000 0 7 iJN1463.cmd 2,1137996707E-7
1000 8 0 iAF1260.cmd 1,2498634991E-7
1000 8 0 iJN1463.cmd 9,7955502599E-8
1000 12 14 iAF1260.cmd 3,7078911739E-8
1000 12 14 iJN1463.cmd 2,4587318118E-8
1000 10 7 iAF1260.cmd 3,5167751715E-8
1000 10 7 iJN1463.cmd 1,8729101081E-8
1000 0 5 iAF1260.cmd 2,3087772841E-7
1000 0 5 iJN1463.cmd 2,1434244955E-7
1000 13 14 iAF1260.cmd 2,7965205335E-8
1000 13 14 iJN1463.cmd 1,8126464855E-8
1000 0 6 iAF1260.cmd 3,0344882706E-7
1000 0 6 iJN1463.cmd 3,0167923905E-7
1000 14 14 iAF1260.cmd 2,3637913948E-8
1000 14 14 iJN1463.cmd 1,5013963394E-8
1000 1 6 iAF1260.cmd 7,0649524246E-7
1000 1 6 iJN1463.cmd 7,5364451235E-7
