0	1,5E-6	1,5E-7
1	1,5870357195E-6	1,5794259457E-7
2	1,6729742222E-6	1,6629174522E-7
3	1,7607630341E-6	1,7563419718E-7
4	1,8504482439E-6	1,8571144045E-7
5	1,9423597354E-6	1,9651522235E-7
6	2,0366802222E-6	2,0807258021E-7
7	2,1332548619E-6	2,2038746188E-7
8	2,2320724757E-6	2,3347840034E-7
9	2,3334314404E-6	2,4737627873E-7
10	2,437078258E-6	2,621153395E-7
11	2,5432818387E-6	2,7773011329E-7
12	2,6524203945E-6	2,9425847168E-7
13	2,7644300604E-6	3,1173976041E-7
14	2,8794573771E-6	3,3021449348E-7
15	2,9976068206E-6	3,4972588161E-7
16	3,1193984683E-6	3,7030305991E-7
17	3,2449523143E-6	3,9193708111E-7
18	3,373824228E-6	4,1463481846E-7
19	3,5038262223E-6	4,3830048731E-7
20	3,6341324926E-6	4,6295986122E-7
21	3,765192375E-6	4,8842737292E-7
22	3,8970687607E-6	5,1440633094E-7
23	4,0301507669E-6	5,4131143572E-7
24	4,1646390388E-6	5,6911562106E-7
25	4,3008663825E-6	5,9791321462E-7
26	4,4390948014E-6	6,2772242577E-7
27	4,5798043719E-6	6,5861758521E-7
28	4,7232376679E-6	6,9066202653E-7
29	4,8696305395E-6	7,2394135932E-7
30	5,0188638576E-6	7,5862519066E-7
31	5,1710141682E-6	7,9488767801E-7
32	5,32627176E-6	8,326990128E-7
33	5,4847345524E-6	8,7199572926E-7
34	5,6464906171E-6	9,1297052776E-7
35	5,811611995E-6	9,556161164E-7
36	5,9802245019E-6	1,000232294E-6
37	6,1525008614E-6	1,0469236232E-6
38	6,3284222599E-6	1,0957081881E-6
39	6,5081357137E-6	1,146548437E-6
40	6,6916772003E-6	1,1995888966E-6
41	6,879069993E-6	1,254919851E-6
42	7,0703280509E-6	1,3125553547E-6
43	7,2654455184E-6	1,3726627737E-6
44	7,4643493146E-6	1,4354110641E-6
45	7,6670405619E-6	1,5009514336E-6
46	7,873355884E-6	1,5695309767E-6
47	8,0830566846E-6	1,6412521322E-6
48	8,2961242154E-6	1,716256091E-6
49	8,5122235089E-6	1,7946857765E-6
50	8,7312945887E-6	1,8765148641E-6
51	8,9533157036E-6	1,9617117274E-6
52	9,1778123871E-6	2,0505470029E-6
53	9,4047003981E-6	2,1430708476E-6
54	9,6332146647E-6	2,2395427689E-6
55	9,8617044463E-6	2,3401230116E-6
56	1,0088145656E-5	2,4449726249E-6
57	1,0312139251E-5	2,5541098585E-6
58	1,0533089733E-5	2,6678569632E-6
59	1,075047637E-5	2,7862252253E-6
60	1,0964484703E-5	2,9094854963E-6
61	1,1175054653E-5	3,0375965869E-6
62	1,138154423E-5	3,1708978084E-6
63	1,1583693253E-5	3,3093406324E-6
64	1,1780609771E-5	3,4527512979E-6
65	1,1973102802E-5	3,6015445445E-6
66	1,2161709552E-5	3,755043267E-6
67	1,2345917013E-5	3,9133234186E-6
68	1,2525369381E-5	4,0763799362E-6
69	1,2700556965E-5	4,2441694703E-6
70	1,2871769043E-5	4,4168789806E-6
71	1,3039192135E-5	4,594818056E-6
72	1,3202940391E-5	4,7778658252E-6
73	1,3362408368E-5	4,9660357485E-6
74	1,3518294501E-5	5,1596155176E-6
75	1,3671316794E-5	5,3585520393E-6
76	1,3821625865E-5	5,5630432241E-6
77	1,3969830752E-5	5,7730010202E-6
78	1,4116166691E-5	5,9871946559E-6
79	1,4261198945E-5	6,2038369788E-6
80	1,4405229547E-5	6,4187350285E-6
81	1,4548979839E-5	6,6295567648E-6
82	1,4692083314E-5	6,8369933965E-6
83	1,4835233955E-5	7,041431167E-6
84	1,4977800009E-5	7,2422076336E-6
85	1,5120335017E-5	7,4370835916E-6
86	1,5262822151E-5	7,6256828052E-6
87	1,5404334733E-5	7,8039887715E-6
88	1,5544843557E-5	7,9688506796E-6
89	1,5684515099E-5	8,12247661E-6
90	1,5822964611E-5	8,2672507637E-6
91	1,5960414082E-5	8,4052246E-6
92	1,6097230084E-5	8,5379863182E-6
93	1,6233182331E-5	8,6663105325E-6
94	1,6367970016E-5	8,7905976348E-6
95	1,6501821409E-5	8,9113911579E-6
96	1,6635082056E-5	9,0296555452E-6
97	1,6767851085E-5	9,1455590836E-6
98	1,6900049578E-5	9,2601414555E-6
99	1,7032612442E-5	9,3723020179E-6
100	1,7164752921E-5	9,4840060822E-6
101	1,7295902314E-5	9,5956586758E-6
102	1,7427396818E-5	9,7074115279E-6
103	1,7559010736E-5	9,8191750854E-6
104	1,7690306522E-5	9,9311710344E-6
105	1,7821055427E-5	1,0043504792E-5
106	1,7951589485E-5	1,0155912715E-5
107	1,8082379027E-5	1,0268353158E-5
108	1,8213216281E-5	1,0381080123E-5
109	1,8343684788E-5	1,0494361418E-5
110	1,8472939264E-5	1,0608725046E-5
111	1,8602512718E-5	1,0722467286E-5
112	1,8732169975E-5	1,0836293031E-5
113	1,8861934628E-5	1,094984123E-5
114	1,8991220466E-5	1,1063786703E-5
115	1,9119967274E-5	1,1177723196E-5
116	1,9247995234E-5	1,1292382065E-5
117	1,9375015484E-5	1,1407790667E-5
118	1,9501864428E-5	1,1522671126E-5
119	1,9628519864E-5	1,1636372889E-5
120	1,97549954E-5	1,1749617538E-5
121	1,9881565248E-5	1,1862853089E-5
122	2,0007519038E-5	1,1976688054E-5
123	2,0132484653E-5	1,2091048592E-5
124	2,0257309422E-5	1,2205970483E-5
125	2,0382451659E-5	1,2321308703E-5
126	2,0507687765E-5	1,2437055732E-5
127	2,063325519E-5	1,2552954363E-5
128	2,0759484224E-5	1,2669608391E-5
129	2,0883824319E-5	1,2785553852E-5
130	2,1006431812E-5	1,2901674169E-5
131	2,1129007992E-5	1,3017256371E-5
132	2,1252041541E-5	1,3132640821E-5
133	2,1374891119E-5	1,3248386474E-5
134	2,1497966943E-5	1,3364472469E-5
135	2,162148403E-5	1,3481238973E-5
136	2,1743381826E-5	1,3598267133E-5
137	2,1866425588E-5	1,3714793188E-5
138	2,1989138549E-5	1,3831676141E-5
139	2,2110675166E-5	1,3949256586E-5
140	2,2231889987E-5	1,4067272231E-5
141	2,2352544701E-5	1,4185837438E-5
142	2,2473941384E-5	1,4304040799E-5
143	2,2594183452E-5	1,4422371193E-5
144	2,2714277023E-5	1,454100761E-5
145	2,2834036118E-5	1,4660012485E-5
146	2,2953849706E-5	1,4779063074E-5
147	2,3073523177E-5	1,4898143474E-5
148	2,3192009158E-5	1,5016961056E-5
149	2,3310374239E-5	1,5135651665E-5
150	2,3429039073E-5	1,5253709607E-5
151	2,3547190189E-5	1,5372158261E-5
152	2,3666438928E-5	1,5489546617E-5
153	2,3785468533E-5	1,5606699273E-5
154	2,3904601947E-5	1,5723848866E-5
155	2,4023017669E-5	1,5841542609E-5
156	2,4141190302E-5	1,5960047299E-5
157	2,4259541623E-5	1,6079105198E-5
158	2,4377235891E-5	1,619899681E-5
159	2,4497089996E-5	1,6316801463E-5
160	2,4615637789E-5	1,643357198E-5
161	2,4732569769E-5	1,655102338E-5
162	2,4849489526E-5	1,6669030622E-5
163	2,4968830118E-5	1,6784744325E-5
164	2,508786214E-5	1,6899741522E-5
165	2,5207314754E-5	1,7015018996E-5
166	2,532548284E-5	1,7130666704E-5
167	2,5442437114E-5	1,7247590942E-5
168	2,556076815E-5	1,7364229949E-5
169	2,5678497032E-5	1,7480576478E-5
170	2,5796012124E-5	1,7596957301E-5
171	2,591368161E-5	1,7713361978E-5
172	2,6031187582E-5	1,7829728472E-5
173	2,6148914553E-5	1,7945937467E-5
174	2,6265820868E-5	1,8061827917E-5
175	2,638278327E-5	1,8177749728E-5
176	2,6499014507E-5	1,8293252691E-5
177	2,6615200263E-5	1,8408723357E-5
178	2,6731276958E-5	1,8524083253E-5
179	2,6846791623E-5	1,8639071432E-5
180	2,6961948049E-5	1,8753844421E-5
181	2,7077383779E-5	1,8868697349E-5
182	2,7192322655E-5	1,8983362718E-5
183	2,730737673E-5	1,9097937843E-5
184	2,7422914121E-5	1,9211660683E-5
185	2,7538834427E-5	1,9325877545E-5
186	2,7654012531E-5	1,9439962921E-5
187	2,7768427121E-5	1,9553771554E-5
188	2,7882659751E-5	1,9667546946E-5
189	2,7996780032E-5	1,9781250739E-5
190	2,8110579929E-5	1,9894754474E-5
191	2,8225075043E-5	2,0007764555E-5
192	2,8338862764E-5	2,0120927392E-5
193	2,8452327276E-5	2,0234092069E-5
194	2,8565660636E-5	2,0347206843E-5
195	2,8678899469E-5	2,0460237207E-5
196	2,8791971757E-5	2,057310579E-5
197	2,8905792042E-5	2,0686162662E-5
198	2,9019118526E-5	2,079898758E-5
199	2,9131655426E-5	2,0911341028E-5
200	2,9243699531E-5	2,1023371613E-5
201	2,9354938629E-5	2,1135908553E-5
202	2,9465780987E-5	2,1248791418E-5
203	2,9577061389E-5	2,136102972E-5
204	2,9688470294E-5	2,1472736053E-5
205	2,9799956575E-5	2,1584031926E-5
206	2,9911028749E-5	2,1695171746E-5
207	3,002189238E-5	2,1806239814E-5
208	3,0132625875E-5	2,1917120494E-5
209	3,0243280298E-5	2,2027834434E-5
210	3,0353804712E-5	2,2138398634E-5
211	3,0464203375E-5	2,2248814013E-5
212	3,0574463165E-5	2,2359116339E-5
213	3,0684586308E-5	2,2469284367E-5
214	3,0794724993E-5	2,2579221462E-5
215	3,0904754678E-5	2,2688959505E-5
216	3,1014649406E-5	2,2798486155E-5
217	3,1124270013E-5	2,2907964207E-5
218	3,1233728055E-5	2,3017354105E-5
219	3,134301917E-5	2,3126659783E-5
220	3,1452294727E-5	2,3235684181E-5
221	3,1561296039E-5	2,3344380567E-5
222	3,1671040503E-5	2,345320525E-5
223	3,1781198422E-5	2,3562329775E-5
224	3,1890467902E-5	2,3671096762E-5
225	3,1999206388E-5	2,3779471391E-5
226	3,2107672624E-5	2,3887660216E-5
227	3,2216020099E-5	2,399569466E-5
228	3,232424143E-5	2,4103516615E-5
229	3,243209942E-5	2,4210979577E-5
230	3,2540247053E-5	2,431745112E-5
231	3,2649825397E-5	2,4424944762E-5
232	3,2758340668E-5	2,4532416817E-5
233	3,2866031749E-5	2,4639458817E-5
234	3,2973357197E-5	2,4746283105E-5
235	3,3080464321E-5	2,4852931185E-5
236	3,3187177889E-5	2,4959564191E-5
237	3,3293722041E-5	2,5066073385E-5
238	3,3400302922E-5	2,5172279708E-5
239	3,3507381132E-5	2,527841211E-5
240	3,3614692968E-5	2,5384368527E-5
241	3,3720982649E-5	2,5489839137E-5
242	3,3828147371E-5	2,5595803011E-5
243	3,3934589859E-5	2,570143276E-5
244	3,4040556042E-5	2,5806722707E-5
245	3,4146315293E-5	2,5911770745E-5
246	3,4251936123E-5	2,6016658321E-5
247	3,4357446665E-5	2,6121402551E-5
248	3,4463595681E-5	2,6226239044E-5
249	3,4569792973E-5	2,6330747585E-5
250	3,467759285E-5	2,6435949366E-5
251	3,4784473077E-5	2,6540945674E-5
252	3,4890675297E-5	2,6645548907E-5
253	3,4995756928E-5	2,674995938E-5
254	3,5100433587E-5	2,685378252E-5
255	3,521192775E-5	2,6949085865E-5
256	3,5321478939E-5	2,7044989871E-5
257	3,5426317334E-5	2,7143076101E-5
258	3,5529905749E-5	2,7241372896E-5
259	3,5636032531E-5	2,733866656E-5
260	3,5741983729E-5	2,7439582157E-5
261	3,5846951571E-5	2,7541311619E-5
262	3,5951044053E-5	2,7643028606E-5
263	3,6054667837E-5	2,7744795384E-5
264	3,6158336725E-5	2,7846687569E-5
265	3,6262001647E-5	2,7948683532E-5
266	3,6365158235E-5	2,8050559688E-5
267	3,6468643064E-5	2,8152252735E-5
268	3,6571797818E-5	2,8254137298E-5
269	3,6674988391E-5	2,8355618038E-5
270	3,6778077529E-5	2,8457306653E-5
271	3,6880724457E-5	2,8558374423E-5
272	3,6982997717E-5	2,8659333809E-5
273	3,7085722394E-5	2,8760063811E-5
274	3,7189033967E-5	2,8860852958E-5
275	3,7299646398E-5	2,8950774867E-5
276	3,741146053E-5	2,9036934808E-5
277	3,7523958047E-5	2,9121767163E-5
278	3,7636576621E-5	2,920591474E-5
279	3,7749306933E-5	2,9289750566E-5
280	3,7861945722E-5	2,9373246725E-5
281	3,7972319366E-5	2,9464310177E-5
282	3,8078598022E-5	2,9560452374E-5
283	3,8182888178E-5	2,965829743E-5
284	3,8284621469E-5	2,9756137116E-5
285	3,8385425015E-5	2,9854075765E-5
286	3,8486666833E-5	2,9952275091E-5
287	3,8587484086E-5	3,005070675E-5
288	3,8687258291E-5	3,01488313E-5
289	3,8786731994E-5	3,024654252E-5
290	3,8886433677E-5	3,0344283988E-5
291	3,8985813856E-5	3,0441947082E-5
292	3,9084418556E-5	3,0539079211E-5
293	3,9182488021E-5	3,0635812891E-5
294	3,9280237343E-5	3,0732255435E-5
295	3,9379536055E-5	3,0828908419E-5
296	3,9478732423E-5	3,0925927568E-5
297	3,9578540443E-5	3,102276042E-5
298	3,9677858906E-5	3,1119715795E-5
299	3,9777873132E-5	3,1216657741E-5
300	3,9877705471E-5	3,1313460516E-5
301	3,9975953113E-5	3,1409545558E-5
302	4,0073357114E-5	3,1504987603E-5
303	4,0171064885E-5	3,1600366318E-5
304	4,0268520456E-5	3,1695713149E-5
305	4,0365009176E-5	3,1790384859E-5
306	4,0462303313E-5	3,1885249239E-5
307	4,0559623275E-5	3,1979994094E-5
308	4,0656953288E-5	3,2074736928E-5
309	4,0753943656E-5	3,2169003069E-5
310	4,0850832493E-5	3,2263181561E-5
311	4,0948292273E-5	3,2358016795E-5
312	4,1044447049E-5	3,2451746885E-5
313	4,1140523841E-5	3,254557031E-5
314	4,1235633852E-5	3,2638528166E-5
315	4,1330104411E-5	3,2731051173E-5
316	4,142417321E-5	3,2823256648E-5
317	4,1518353097E-5	3,2915318522E-5
318	4,161351901E-5	3,3007898347E-5
319	4,170782722E-5	3,3100011012E-5
320	4,180155578E-5	3,3191547068E-5
321	4,1895191174E-5	3,3282894252E-5
322	4,1988864444E-5	3,3374240054E-5
323	4,2081847802E-5	3,3465130426E-5
324	4,2174429548E-5	3,3555715969E-5
325	4,2267109331E-5	3,3646155203E-5
326	4,2359856955E-5	3,3736703267E-5
327	4,2452000638E-5	3,3826782873E-5
328	4,2543783245E-5	3,3916557336E-5
329	4,2635286241E-5	3,4006110517E-5
330	4,2726532813E-5	3,4095435572E-5
331	4,2817703004E-5	3,4184475159E-5
332	4,2908564972E-5	3,4273344251E-5
333	4,2999315056E-5	3,4362049417E-5
334	4,3090559325E-5	3,4450946246E-5
335	4,3181862116E-5	3,4539877046E-5
336	4,3273090394E-5	3,4628617331E-5
337	4,3364097211E-5	3,471724008E-5
338	4,3454220785E-5	3,4805224124E-5
339	4,3543975689E-5	3,4892832929E-5
340	4,3633545691E-5	3,4980224565E-5
341	4,3723021161E-5	3,5067579021E-5
342	4,3812263496E-5	3,5154596972E-5
343	4,3901351314E-5	3,5241444658E-5
344	4,3990228997E-5	3,5328005922E-5
345	4,4078681559E-5	3,5414282553E-5
346	4,4167276482E-5	3,5500736709E-5
347	4,4255827081E-5	3,5587065651E-5
348	4,4343869062E-5	3,5673080461E-5
349	4,4431183443E-5	3,5758585362E-5
350	4,45181759E-5	3,5843615742E-5
351	4,4604769742E-5	3,5928443389E-5
352	4,4691069992E-5	3,6013050812E-5
353	4,4777254658E-5	3,6097366662E-5
354	4,4863222417E-5	3,6181417804E-5
355	4,49489521E-5	3,626522965E-5
356	4,5034395403E-5	3,634880054E-5
357	4,5119464552E-5	3,6432240687E-5
358	4,5209050987E-5	3,6504319581E-5
359	4,529609062E-5	3,6579562369E-5
360	4,5386513309E-5	3,665137817E-5
361	4,5478211106E-5	3,6720061402E-5
362	4,5570651656E-5	3,6787614099E-5
363	4,5659152813E-5	3,6861751997E-5
364	4,5745347083E-5	3,6939785432E-5
365	4,583134434E-5	3,701898342E-5
366	4,5916268521E-5	3,7099610955E-5
367	4,6000202863E-5	3,7181123008E-5
368	4,6083107379E-5	3,7262878134E-5
369	4,6165874677E-5	3,7344240989E-5
370	4,624876179E-5	3,7425604137E-5
371	4,6331431081E-5	3,750674623E-5
372	4,6414155582E-5	3,7588002904E-5
373	4,6496645611E-5	3,7669055957E-5
374	4,6578584731E-5	3,7749717048E-5
375	4,6660317003E-5	3,7829961673E-5
376	4,6741808712E-5	3,7909877024E-5
377	4,6822761909E-5	3,7989385621E-5
378	4,6903267053E-5	3,8068739151E-5
379	4,6983531485E-5	3,8147727945E-5
380	4,7063456564E-5	3,8226624286E-5
381	4,7142985996E-5	3,8305288088E-5
382	4,722256328E-5	3,8383984632E-5
383	4,730188373E-5	3,8462483317E-5
384	4,7381103546E-5	3,854087087E-5
385	4,7459891224E-5	3,8618936051E-5
386	4,7538444627E-5	3,8696528592E-5
387	4,7616458615E-5	3,8773924122E-5
388	4,7694397815E-5	3,8851232268E-5
389	4,7772119144E-5	3,8928362932E-5
390	4,7849492064E-5	3,9005243854E-5
391	4,7927104853E-5	3,9081960335E-5
392	4,8004349281E-5	3,9158533225E-5
393	4,8081373798E-5	3,9234747205E-5
394	4,8157737664E-5	3,9310658977E-5
395	4,8233715368E-5	3,9386325567E-5
396	4,8309706238E-5	3,946196888E-5
397	4,8385756994E-5	3,9537388157E-5
398	4,8461110198E-5	3,9612494351E-5
399	4,8536226105E-5	3,9687413002E-5
400	4,8611218144E-5	3,9762032454E-5
401	4,8685891964E-5	3,9836319564E-5
402	4,8760291119E-5	3,9910508212E-5
403	4,8834667429E-5	3,9984525981E-5
404	4,8908573493E-5	4,0058310564E-5
405	4,8982212278E-5	4,0131943974E-5
406	4,9055475263E-5	4,020529593E-5
407	4,9128885192E-5	4,0278601563E-5
408	4,920218923E-5	4,03517103E-5
409	4,9274985132E-5	4,0424593289E-5
410	4,9347281192E-5	4,0497134133E-5
411	4,9419153647E-5	4,0569614672E-5
412	4,9490924416E-5	4,0641827038E-5
413	4,956254768E-5	4,0713735248E-5
414	4,9633843749E-5	4,0785391394E-5
415	4,9704722216E-5	4,0857071385E-5
416	4,9775759417E-5	4,0928896846E-5
417	4,9846558518E-5	4,100052861E-5
418	4,9917116785E-5	4,1071977013E-5
419	4,9987296964E-5	4,1142866335E-5
420	5,0057101202E-5	4,121342009E-5
421	5,0126644294E-5	4,1283736478E-5
422	5,0195922704E-5	4,1353829291E-5
423	5,0264919776E-5	4,1423694096E-5
424	5,0333787793E-5	4,1493367125E-5
425	5,0402617933E-5	4,1562896134E-5
426	5,0471305906E-5	4,1632112636E-5
427	5,0540221118E-5	4,1700689486E-5
428	5,0609057651E-5	4,1768889409E-5
429	5,0677832947E-5	4,1836870151E-5
430	5,0745991859E-5	4,1904942243E-5
431	5,081397969E-5	4,1972755246E-5
432	5,0881836895E-5	4,2040379099E-5
433	5,0950229105E-5	4,2107324927E-5
434	5,1017871284E-5	4,2174314334E-5
435	5,1085684406E-5	4,2241086369E-5
436	5,1153026517E-5	4,2307549275E-5
437	5,1219983007E-5	4,2373725443E-5
438	5,1286814876E-5	4,2439550609E-5
439	5,135352845E-5	4,2505051724E-5
440	5,1420260686E-5	4,2570275224E-5
441	5,1486899182E-5	4,2635185695E-5
442	5,1553490483E-5	4,2699799646E-5
443	5,1621205575E-5	4,2765009656E-5
444	5,1688182999E-5	4,2829426768E-5
445	5,1755903102E-5	4,2894157549E-5
446	5,1824115086E-5	4,2958936335E-5
447	5,189261855E-5	4,3023617054E-5
448	5,1961298337E-5	4,3088017022E-5
449	5,2029861159E-5	4,3152134212E-5
450	5,2098228668E-5	4,3215928277E-5
451	5,2166710155E-5	4,3279451837E-5
452	5,2235455194E-5	4,3342677751E-5
453	5,2304383746E-5	4,3405441706E-5
454	5,2373176852E-5	4,3467944035E-5
455	5,244182123E-5	4,3530179831E-5
456	5,2510434288E-5	4,359213399E-5
457	5,257886643E-5	4,3653760616E-5
458	5,264714792E-5	4,3715042721E-5
459	5,2715295072E-5	4,3775995993E-5
460	5,2783600915E-5	4,3836553963E-5
461	5,2851914834E-5	4,3896802002E-5
462	5,2920364807E-5	4,3956671929E-5
463	5,2988724977E-5	4,4016263146E-5
464	5,3057080535E-5	4,4075505518E-5
465	5,3125181744E-5	4,4134516746E-5
466	5,3193317141E-5	4,4193197636E-5
467	5,3261279625E-5	4,4251667447E-5
468	5,332929945E-5	4,4309800107E-5
469	5,3397230543E-5	4,436787577E-5
470	5,3465166827E-5	4,4425756442E-5
471	5,3533165443E-5	4,4483331606E-5
472	5,3601121201E-5	4,4540610751E-5
473	5,3668774691E-5	4,4597659164E-5
474	5,3736588611E-5	4,4654412776E-5
475	5,3804319691E-5	4,471096659E-5
476	5,3872487279E-5	4,4767292852E-5
477	5,3940088464E-5	4,4823415951E-5
478	5,4007583466E-5	4,4879254762E-5
479	5,4074778713E-5	4,4934871224E-5
480	5,4142030281E-5	4,4990245018E-5
481	5,4209897658E-5	4,5045592673E-5
482	5,4277547345E-5	4,5100697336E-5
483	5,4344754481E-5	4,5155603246E-5
484	5,4411961431E-5	4,5210211043E-5
485	5,4478897591E-5	4,5264577752E-5
486	5,4546252164E-5	4,5318691929E-5
487	5,4613650791E-5	4,5372597241E-5
488	5,4681101552E-5	4,5426209532E-5
489	5,4748178711E-5	4,5479578683E-5
490	5,4815344512E-5	4,553260593E-5
491	5,4882305341E-5	4,5585372244E-5
492	5,4949453895E-5	4,5637879628E-5
493	5,501659737E-5	4,5690197362E-5
494	5,5083913514E-5	4,5742291677E-5
495	5,5150852988E-5	4,5794151753E-5
496	5,521786553E-5	4,5845763435E-5
497	5,5284716652E-5	4,5897130031E-5
498	5,5351799075E-5	4,5948300725E-5
499	5,5419141109E-5	4,5999322307E-5
500	5,5483001967E-5	4,6047532658E-5
501	5,554890357E-5	4,6096878386E-5
502	5,5612051989E-5	4,6144062938E-5
503	5,5674628193E-5	4,6190239983E-5
504	5,5736738664E-5	4,6235781397E-5
505	5,5798502893E-5	4,6280959172E-5
506	5,5860147922E-5	4,6325842545E-5
507	5,5921830464E-5	4,6370502295E-5
508	5,5983563666E-5	4,6411838698E-5
509	5,6045699326E-5	4,6451644884E-5
510	5,6108550196E-5	4,6493593804E-5
511	5,6171771194E-5	4,6536691582E-5
512	5,6232432027E-5	4,6582463992E-5
513	5,6288677726E-5	4,663496392E-5
514	5,6343954675E-5	4,6690392948E-5
515	5,6398318601E-5	4,674683109E-5
516	5,6452311486E-5	4,6803630866E-5
517	5,6512164547E-5	4,6849114046E-5
518	5,6571914918E-5	4,6890983824E-5
519	5,6634252101E-5	4,6929115828E-5
520	5,669593762E-5	4,6966369814E-5
521	5,6758774117E-5	4,7002604048E-5
522	5,682157619E-5	4,7038027578E-5
523	5,6885224713E-5	4,7078673014E-5
524	5,6948596096E-5	4,7114609107E-5
525	5,7011691209E-5	4,7155206186E-5
526	5,7074840611E-5	4,7191124785E-5
527	5,7137207445E-5	4,7226109202E-5
528	5,7199386837E-5	4,7260654831E-5
529	5,7261151639E-5	4,7294917756E-5
530	5,7322838565E-5	4,732894388E-5
531	5,7384161595E-5	4,7362768667E-5
532	5,7445449142E-5	4,7396388905E-5
533	5,7504587287E-5	4,7431686943E-5
534	5,7564612676E-5	4,7465529353E-5
535	5,7623262995E-5	4,7500682232E-5
536	5,7682783197E-5	4,7539745525E-5
537	5,7743450472E-5	4,757374146E-5
538	5,7804436529E-5	4,7606948936E-5
539	5,7864759414E-5	4,763983771E-5
540	5,7924913233E-5	4,7672377658E-5
541	5,7984573289E-5	4,7704585879E-5
542	5,8043769931E-5	4,773642412E-5
543	5,8102525756E-5	4,776791507E-5
544	5,8161515019E-5	4,7799355894E-5
545	5,822058907E-5	4,7830941318E-5
546	5,8279513262E-5	4,7862431523E-5
547	5,8337679597E-5	4,7893867775E-5
548	5,8394494096E-5	4,7924025719E-5
549	5,8452901191E-5	4,79550335E-5
550	5,8511097395E-5	4,7990950345E-5
551	5,8584211917E-5	4,8036699216E-5
552	5,8648316141E-5	4,8075598531E-5
553	5,8726238272E-5	4,8122349946E-5
554	5,8793325522E-5	4,8162574981E-5
555	5,8850935317E-5	4,8203292624E-5
556	5,8915662E-5	4,8246958011E-5
557	5,8987299856E-5	4,8297312425E-5
558	5,9062233928E-5	4,8352272684E-5
559	5,9125999281E-5	4,8391750323E-5
560	5,918495515E-5	4,8431131994E-5
561	5,9242391907E-5	4,8479285504E-5
562	5,9297222853E-5	4,8530170549E-5
563	5,9353301143E-5	4,857824581E-5
564	5,9406465347E-5	4,8627356188E-5
565	5,9467856387E-5	4,8672727338E-5
566	5,9528074192E-5	4,8712564242E-5
567	5,9594169787E-5	4,8754601618E-5
568	5,9655902446E-5	4,879209947E-5
569	5,9712966337E-5	4,8825997691E-5
570	5,9768973582E-5	4,8866303424E-5
571	5,9825072912E-5	4,8899636082E-5
572	5,9883213227E-5	4,8936451175E-5
573	5,9950918164E-5	4,897707688E-5
574	6,0010502093E-5	4,9019942688E-5
575	6,0061571494E-5	4,9064897166E-5
576	6,0111302458E-5	4,9113039794E-5
577	6,01616345E-5	4,9162533123E-5
578	6,0209908949E-5	4,9212237381E-5
579	6,0266138322E-5	4,9248899469E-5
580	6,0325667903E-5	4,9302160755E-5
581	6,0382440611E-5	4,9344886038E-5
582	6,043858452E-5	4,9380367879E-5
583	6,0491632102E-5	4,941299616E-5
584	6,0546911802E-5	4,9444660483E-5
585	6,0600941674E-5	4,947435403E-5
586	6,0652319705E-5	4,9502916464E-5
587	6,0700579124E-5	4,9543917302E-5
588	6,0747477579E-5	4,9589092885E-5
589	6,0794018857E-5	4,963049541E-5
590	6,0847428069E-5	4,9678690709E-5
591	6,0899628103E-5	4,9707304629E-5
592	6,0951341428E-5	4,9732713272E-5
593	6,1021943441E-5	4,977048882E-5
594	6,1098916245E-5	4,9812411519E-5
595	6,1162911187E-5	4,9853364602E-5
596	6,1218219375E-5	4,9896519766E-5
597	6,1266161594E-5	4,9937466972E-5
598	6,1310392855E-5	4,9977386782E-5
599	6,1355393713E-5	5,0016646399E-5
600	6,1400349399E-5	5,0056297532E-5
601	6,1463888216E-5	5,0108039148E-5
602	6,1516016088E-5	5,0158069183E-5
603	6,1563062029E-5	5,0206670138E-5
604	6,1614769175E-5	5,0254856857E-5
605	6,1662082795E-5	5,0297323337E-5
606	6,1705703431E-5	5,0336932704E-5
607	6,175022912E-5	5,0376496061E-5
608	6,1794160539E-5	5,0415388802E-5
609	6,1836837307E-5	5,0453325555E-5
610	6,1878922098E-5	5,0490822134E-5
611	6,1920681575E-5	5,0528108375E-5
612	6,1962344829E-5	5,0565284044E-5
613	6,2003791118E-5	5,060231403E-5
614	6,2044545559E-5	5,0639608935E-5
615	6,2085478407E-5	5,0677104735E-5
616	6,2128305732E-5	5,071537597E-5
617	6,2170069148E-5	5,0751764084E-5
618	6,2211738593E-5	5,0787000045E-5
619	6,2252798227E-5	5,0823238947E-5
620	6,229338332E-5	5,0859652609E-5
621	6,2333701435E-5	5,0896028739E-5
622	6,2374079833E-5	5,0932469177E-5
623	6,2414192948E-5	5,0969202234E-5
624	6,2454542894E-5	5,1003647428E-5
625	6,2494322383E-5	5,1039749556E-5
626	6,2534877257E-5	5,1071339052E-5
627	6,2577269034E-5	5,1102606565E-5
628	6,2619218274E-5	5,1138776667E-5
629	6,2659010053E-5	5,1174527947E-5
630	6,2700137853E-5	5,1209686884E-5
631	6,2740780299E-5	5,1238454195E-5
632	6,2784743436E-5	5,127361852E-5
633	6,2826683756E-5	5,1305523871E-5
634	6,2867126171E-5	5,1338433689E-5
635	6,2909760586E-5	5,1373513703E-5
636	6,2952220299E-5	5,1410790247E-5
637	6,2994403647E-5	5,1446865949E-5
638	6,3035433353E-5	5,1481831159E-5
639	6,3074147116E-5	5,1514893359E-5
640	6,3112576684E-5	5,1547786459E-5
641	6,315332069E-5	5,1583129532E-5
642	6,3192520191E-5	5,1615955579E-5
643	6,3230790962E-5	5,1646809015E-5
644	6,3270004346E-5	5,167812868E-5
645	6,3310572316E-5	5,1712462809E-5
646	6,3349341431E-5	5,1745868963E-5
647	6,3388150439E-5	5,1779571367E-5
648	6,3427029431E-5	5,1811511926E-5
649	6,3465825131E-5	5,1843754546E-5
650	6,3509734767E-5	5,1865806064E-5
651	6,355079773E-5	5,1893943321E-5
652	6,3591853989E-5	5,1917950188E-5
653	6,363049341E-5	5,1945731814E-5
654	6,3665386722E-5	5,1972685576E-5
655	6,3699198613E-5	5,1999479599E-5
656	6,3733735905E-5	5,2025213224E-5
657	6,3768211298E-5	5,205077026E-5
658	6,3802589022E-5	5,2076266527E-5
659	6,3837270788E-5	5,2101413676E-5
660	6,3871534484E-5	5,2126754724E-5
661	6,39060855E-5	5,2151768358E-5
662	6,3940179293E-5	5,2177000997E-5
663	6,3974234361E-5	5,2202149942E-5
664	6,4007146715E-5	5,2228100304E-5
665	6,4039885882E-5	5,2254020025E-5
666	6,4072518242E-5	5,2279832949E-5
667	6,4106980304E-5	5,2304028878E-5
668	6,4140652259E-5	5,2328705473E-5
669	6,4175384671E-5	5,2354241187E-5
670	6,4208410522E-5	5,238183233E-5
671	6,4242284741E-5	5,2406569265E-5
672	6,4275029247E-5	5,2427323708E-5
673	6,4307201988E-5	5,2446744359E-5
674	6,4339199702E-5	5,2465761208E-5
675	6,4370201618E-5	5,2485361241E-5
676	6,4400911841E-5	5,2505018746E-5
677	6,4432995974E-5	5,2523353035E-5
678	6,446456802E-5	5,2541907213E-5
679	6,4495988588E-5	5,2560405447E-5
680	6,4527309647E-5	5,2578830775E-5
681	6,4557734878E-5	5,2597929166E-5
682	6,4587885247E-5	5,2617143314E-5
683	6,4620486589E-5	5,2635585966E-5
684	6,4658024589E-5	5,2658963041E-5
685	6,469636959E-5	5,2682299632E-5
686	6,4735199385E-5	5,2704980351E-5
687	6,4779226992E-5	5,2731021256E-5
688	6,4826985653E-5	5,2759542053E-5
689	6,4875948361E-5	5,2788863871E-5
690	6,4925247165E-5	5,2818399735E-5
691	6,4974611568E-5	5,2847939499E-5
692	6,5023708108E-5	5,2877283802E-5
693	6,5072461518E-5	5,290644498E-5
694	6,5121064874E-5	5,2935478371E-5
695	6,5169546248E-5	5,2964403285E-5
696	6,5217776716E-5	5,2993231228E-5
697	6,5265796287E-5	5,3021976797E-5
698	6,5301570728E-5	5,3042414271E-5
699	6,5333732935E-5	5,3060292984E-5
700	6,5364663678E-5	5,3077365566E-5
701	6,5395163041E-5	5,3094131365E-5
702	6,5425517438E-5	5,3110762371E-5
703	6,5455765926E-5	5,3127317334E-5
704	6,5485244452E-5	5,3144438239E-5
705	6,5516431705E-5	5,3163219904E-5
706	6,5552191492E-5	5,3182763809E-5
707	6,5588208773E-5	5,3202898044E-5
708	6,5624230487E-5	5,3223156828E-5
709	6,5667261909E-5	5,3248069268E-5
710	6,5712548607E-5	5,3274531262E-5
711	6,5758639722E-5	5,3301551934E-5
712	6,5804866689E-5	5,3328763646E-5
713	6,5839399643E-5	5,3348041157E-5
714	6,5870521183E-5	5,3364985832E-5
715	6,5900466599E-5	5,3381217339E-5
716	6,5930044708E-5	5,3397168806E-5
717	6,59594697E-5	5,3412996108E-5
718	6,5988805306E-5	5,3428750523E-5
719	6,6018070411E-5	5,3444448576E-5
720	6,6049194169E-5	5,346128562E-5
721	6,6083172305E-5	5,3479988245E-5
722	6,6117620806E-5	5,3499038798E-5
723	6,6152180055E-5	5,3518173466E-5
724	6,6193256301E-5	5,354245482E-5
725	6,6236955836E-5	5,3567578451E-5
726	6,6269969003E-5	5,3585460227E-5
727	6,6300122957E-5	5,3601470354E-5
728	6,6329219112E-5	5,3616995996E-5
729	6,6357949762E-5	5,3632317964E-5
730	6,6386566431E-5	5,3647541842E-5
731	6,6415112462E-5	5,3662709756E-5
732	6,644360246E-5	5,3677838558E-5
733	6,6472044753E-5	5,3692932963E-5
734	6,650219822E-5	5,3709048118E-5
735	6,6535548064E-5	5,3727297039E-5
736	6,6569747548E-5	5,3746100601E-5
737	6,6603913325E-5	5,3764874383E-5
738	6,6645418351E-5	5,37884526E-5
739	6,6688959428E-5	5,3813369661E-5
740	6,6733117136E-5	5,3838687716E-5
741	6,6777410869E-5	5,3864086286E-5
742	6,6821667865E-5	5,3889458667E-5
743	6,6866755604E-5	5,3915478443E-5
744	6,6911988027E-5	5,3941635926E-5
745	6,6957239637E-5	5,3967796111E-5
746	6,700236813E-5	5,3993899221E-5
747	6,7045904282E-5	5,4018870337E-5
748	6,7088814875E-5	5,4043337441E-5
749	6,7131417346E-5	5,4067566646E-5
750	6,7173832267E-5	5,4091653721E-5
751	6,721610847E-5	5,4115634269E-5
752	6,725826497E-5	5,4139522018E-5
753	6,7300308393E-5	5,4163322324E-5
754	6,7342240572E-5	5,418703709E-5
755	6,7384039042E-5	5,421067982E-5
756	6,7425726883E-5	5,4234240893E-5
757	6,7467309898E-5	5,4257719309E-5
758	6,75087888E-5	5,4281115146E-5
759	6,7550166262E-5	5,4304431368E-5
760	6,7591443022E-5	5,4327669178E-5
761	6,7632619139E-5	5,4350829152E-5
762	6,7673695541E-5	5,437391135E-5
763	6,771467175E-5	5,439691676E-5
764	6,7755547833E-5	5,4419845972E-5
765	6,7796323847E-5	5,4442699143E-5
766	6,7836999462E-5	5,4465476275E-5
767	6,7877574724E-5	5,4488177512E-5
768	6,7918049833E-5	5,4510802843E-5
769	6,795843446E-5	5,4533352255E-5
770	6,7998709384E-5	5,4555827191E-5
771	6,803882281E-5	5,457832751E-5
772	6,807903246E-5	5,4600498055E-5
773	6,8119076565E-5	5,4622692753E-5
774	6,8158995042E-5	5,4644889862E-5
775	6,8199174794E-5	5,4666615418E-5
776	6,8239016291E-5	5,4688522945E-5
777	6,8278663639E-5	5,4710458954E-5
778	6,8318191808E-5	5,4732355598E-5
779	6,8357620904E-5	5,4754192828E-5
780	6,8396956757E-5	5,4775964298E-5
781	6,84362015E-5	5,4797667186E-5
782	6,8475356199E-5	5,4819300536E-5
783	6,8514421021E-5	5,4840864269E-5
784	6,8553395841E-5	5,4862358157E-5
785	6,8592280427E-5	5,4883782368E-5
786	6,8631075053E-5	5,4905136907E-5
787	6,8669741349E-5	5,4926486842E-5
788	6,8708482067E-5	5,4947499614E-5
789	6,874702465E-5	5,4968635808E-5
790	6,8785606811E-5	5,498948954E-5
791	6,8823565303E-5	5,5010617223E-5
792	6,8853021082E-5	5,5025205122E-5
793	6,8879828744E-5	5,5038695333E-5
794	6,8905802125E-5	5,5051918977E-5
795	6,8931486203E-5	5,5065040902E-5
796	6,8957051322E-5	5,5078105982E-5
797	6,8982543816E-5	5,5091136766E-5
798	6,9007983488E-5	5,5104136779E-5
799	6,9033375461E-5	5,511710829E-5
800	6,9058717359E-5	5,5130052016E-5
801	6,9084011376E-5	5,5142968095E-5
802	6,910925694E-5	5,5155856513E-5
803	6,913445432E-5	5,5168717108E-5
804	6,9159603782E-5	5,5181549717E-5
805	6,9184705889E-5	5,519435439E-5
806	6,9209760587E-5	5,520713101E-5
807	6,9234775303E-5	5,5219879418E-5
808	6,9259735017E-5	5,5232601125E-5
809	6,9284647877E-5	5,5245293436E-5
810	6,9309521062E-5	5,5257956898E-5
811	6,9334339412E-5	5,5270593482E-5
812	6,9359118413E-5	5,5283200697E-5
813	6,9383843238E-5	5,5295780728E-5
814	6,9408528133E-5	5,5308331249E-5
815	6,9433159157E-5	5,5320854493E-5
816	6,9457749935E-5	5,5333347685E-5
817	6,948228687E-5	5,53458132E-5
818	6,9506783808E-5	5,5358248595E-5
819	6,9531234246E-5	5,5370656525E-5
820	6,9555636961E-5	5,538303643E-5
821	6,9579993251E-5	5,5395387729E-5
822	6,9604179814E-5	5,5407636967E-5
823	6,9628276489E-5	5,5419849137E-5
824	6,9652239624E-5	5,5431959357E-5
825	6,9676258279E-5	5,5444122707E-5
826	6,9700235565E-5	5,5456256976E-5
827	6,9724156842E-5	5,5468375562E-5
828	6,9748054101E-5	5,5480463779E-5
829	6,9771900645E-5	5,5492523345E-5
830	6,9795694007E-5	5,5504552138E-5
831	6,9819438177E-5	5,551654906E-5
832	6,9844474445E-5	5,5529189015E-5
833	6,986964483E-5	5,5541889051E-5
834	6,9893645002E-5	5,5553985299E-5
835	6,9917206735E-5	5,5565850162E-5
836	6,9940780037E-5	5,5577723036E-5
837	6,9966643959E-5	5,5590913268E-5
838	6,9992245131E-5	5,5603964819E-5
839	7,0015712002E-5	5,5615804373E-5
840	7,0039130339E-5	5,5627577172E-5
841	7,0062556961E-5	5,5639339424E-5
842	7,0085961785E-5	5,5651085737E-5
843	7,0109332112E-5	5,5662810204E-5
844	7,0132529524E-5	5,5674452136E-5
845	7,0155665643E-5	5,5686056115E-5
846	7,0178594978E-5	5,5695993904E-5
847	7,0201536817E-5	5,5705562701E-5
848	7,0224516533E-5	5,5716554546E-5
849	7,0248124713E-5	5,5726747245E-5
850	7,0271083499E-5	5,5737798056E-5
851	7,0293885169E-5	5,5747543418E-5
852	7,0316644128E-5	5,5756967051E-5
853	7,033933788E-5	5,5766301117E-5
854	7,036200161E-5	5,5775606204E-5
855	7,0384638619E-5	5,5784885766E-5
856	7,040721671E-5	5,5794140271E-5
857	7,0429759911E-5	5,5803368184E-5
858	7,0452249221E-5	5,5812570787E-5
859	7,0474703166E-5	5,5821746721E-5
860	7,0497096581E-5	5,5830897389E-5
861	7,0519463603E-5	5,5840021374E-5
862	7,0541732975E-5	5,5849104445E-5
863	7,0563981275E-5	5,5858144983E-5
864	7,0586168799E-5	5,5867165324E-5
865	7,0608332797E-5	5,5876159999E-5
866	7,0630440477E-5	5,5885130039E-5
867	7,0652500476E-5	5,589407399E-5
868	7,067453619E-5	5,5902991839E-5
869	7,0696498445E-5	5,5911885687E-5
870	7,0718436199E-5	5,5920751751E-5
871	7,0740334799E-5	5,5929612311E-5
872	7,0762235238E-5	5,5938447948E-5
873	7,0784068323E-5	5,5947405997E-5
874	7,0806042565E-5	5,5956529418E-5
875	7,0827961206E-5	5,5965671154E-5
876	7,0849886823E-5	5,5974792934E-5
877	7,0871722108E-5	5,5983892743E-5
878	7,0893554766E-5	5,5992963054E-5
879	7,0915330021E-5	5,6002009141E-5
880	7,093705749E-5	5,6011028323E-5
881	7,0958737167E-5	5,6020020517E-5
882	7,0980369002E-5	5,6028985694E-5
883	7,1001952429E-5	5,6037923685E-5
884	7,102348785E-5	5,6046834619E-5
885	7,1044975148E-5	5,6055718396E-5
886	7,1066423583E-5	5,6064575159E-5
887	7,108781524E-5	5,6073405615E-5
888	7,1109167852E-5	5,6082208824E-5
889	7,1130758726E-5	5,6092541489E-5
890	7,1152969936E-5	5,6101727658E-5
891	7,1174211821E-5	5,6110232905E-5
892	7,1195251692E-5	5,611859708E-5
893	7,1216196656E-5	5,6126901375E-5
894	7,123707119E-5	5,6135170643E-5
895	7,1257912052E-5	5,6143416627E-5
896	7,1278713736E-5	5,6151723107E-5
897	7,1299626646E-5	5,6160234242E-5
898	7,1320506941E-5	5,6168766399E-5
899	7,1341376748E-5	5,6177279881E-5
900	7,1362209568E-5	5,6185771694E-5
901	7,1382986751E-5	5,6194239027E-5
902	7,1403724996E-5	5,6202680445E-5
903	7,142440682E-5	5,6211096388E-5
904	7,1445049189E-5	5,6219486068E-5
905	7,1465635561E-5	5,6227850539E-5
906	7,1486207038E-5	5,6236191208E-5
907	7,150670822E-5	5,6244512189E-5
908	7,1527229491E-5	5,625280899E-5
909	7,1547647385E-5	5,6261090197E-5
910	7,1568086782E-5	5,6269343766E-5
911	7,1588433093E-5	5,6277581077E-5
912	7,1608791004E-5	5,6285791617E-5
913	7,1629086515E-5	5,6293985598E-5
914	7,1649362827E-5	5,630215644E-5
915	7,1669576778E-5	5,6310307622E-5
916	7,1689794314E-5	5,6318433671E-5
917	7,1709911217E-5	5,6326539185E-5
918	7,173003585E-5	5,6334614503E-5
919	7,1750103325E-5	5,6342668567E-5
920	7,1770131037E-5	5,6350697152E-5
921	7,1790415462E-5	5,6358857634E-5
922	7,1810783408E-5	5,6367020603E-5
923	7,1831074351E-5	5,6375173078E-5
924	7,1851379103E-5	5,6383299637E-5
925	7,1871630651E-5	5,6391405684E-5
926	7,1891836098E-5	5,6399486968E-5
927	7,1912501144E-5	5,6407993443E-5
928	7,1932784579E-5	5,6415871289E-5
929	7,1952740949E-5	5,6423693419E-5
930	7,197253728E-5	5,6431280802E-5
931	7,1992012034E-5	5,6438826493E-5
932	7,2011567397E-5	5,6446329186E-5
933	7,2032776135E-5	5,6454718757E-5
934	7,2054349617E-5	5,6463245441E-5
935	7,207496091E-5	5,6471253339E-5
936	7,2096384468E-5	5,6479714493E-5
937	7,2117973301E-5	5,6488233612E-5
938	7,2139586992E-5	5,6496762379E-5
939	7,2161182925E-5	5,6505281556E-5
940	7,218171454E-5	5,6513223793E-5
941	7,2202978411E-5	5,6521607068E-5
942	7,2224494494E-5	5,6530037338E-5
943	7,2245933861E-5	5,6538487565E-5
944	7,2267445531E-5	5,6546918627E-5
945	7,2287822721E-5	5,655478294E-5
946	7,2308909717E-5	5,6563082685E-5
947	7,2330261554E-5	5,6571423784E-5
948	7,2351574794E-5	5,6579785023E-5
949	7,2372910521E-5	5,6588132953E-5
950	7,2393147099E-5	5,6595909896E-5
951	7,2414057287E-5	5,6604126208E-5
952	7,2435232157E-5	5,661237817E-5
953	7,245641013E-5	5,6620649857E-5
954	7,2477581375E-5	5,6628913545E-5
955	7,2497630088E-5	5,6636603308E-5
956	7,2518411748E-5	5,6644729834E-5
957	7,253940962E-5	5,6652899022E-5
958	7,2560410918E-5	5,6661082461E-5
959	7,2581405865E-5	5,6669256745E-5
960	7,2601295386E-5	5,6676858894E-5
961	7,2621939918E-5	5,6684898324E-5
962	7,2642761223E-5	5,6692983722E-5
963	7,2663598279E-5	5,6701079165E-5
964	7,2684417034E-5	5,6709165088E-5
965	7,2704179307E-5	5,6716680514E-5
966	7,2724646617E-5	5,6724637861E-5
967	7,2745291129E-5	5,6732635084E-5
968	7,2765951939E-5	5,6740642044E-5
969	7,2786594654E-5	5,6748639547E-5
970	7,2806168706E-5	5,6756068727E-5
971	7,2826459118E-5	5,6763937141E-5
972	7,2846953347E-5	5,6771846119E-5
973	7,2867438139E-5	5,6779767476E-5
974	7,2887983445E-5	5,6787677533E-5
975	7,2907369422E-5	5,6795027866E-5
976	7,2927483017E-5	5,6802811585E-5
977	7,2947871243E-5	5,6810635319E-5
978	7,2968180448E-5	5,681847818E-5
979	7,2988549651E-5	5,682630401E-5
980	7,3007747805E-5	5,6833568898E-5
981	7,3027684769E-5	5,6841266415E-5
982	7,3047895704E-5	5,6849004283E-5
983	7,3068106274E-5	5,6856761429E-5
984	7,3088299107E-5	5,6864510322E-5
985	7,3107396997E-5	5,6871690857E-5
986	7,3127157546E-5	5,6879315121E-5
987	7,3147191685E-5	5,688697038E-5
988	7,3167226287E-5	5,6894642887E-5
989	7,3187243163E-5	5,69023069E-5
990	7,3206202369E-5	5,6909401472E-5
991	7,3225786697E-5	5,6916947083E-5
992	7,3245644421E-5	5,6924519887E-5
993	7,3267103997E-5	5,6933081061E-5
994	7,3287409243E-5	5,6940837638E-5
995	7,3306384477E-5	5,6947898982E-5
996	7,3325832439E-5	5,6955383105E-5
997	7,3345534914E-5	5,6962877594E-5
998	7,3365239382E-5	5,6970385873E-5
999	7,3386498939E-5	5,6978844205E-5
1000	7,3405700121E-5	5,6985942401E-5
