0 10 6 iMM904.cmd 1E-10
0 10 6 iJN1463.cmd 1E-8
0 5 12 iMM904.cmd 1E-10
0 5 12 iJN1463.cmd 1E-8
0 8 12 iMM904.cmd 1E-10
0 8 12 iJN1463.cmd 1E-8
0 14 10 iMM904.cmd 1E-10
0 14 10 iJN1463.cmd 1E-8
0 8 7 iMM904.cmd 1E-10
0 8 7 iJN1463.cmd 1E-8
0 6 6 iMM904.cmd 1E-10
0 6 6 iJN1463.cmd 1E-8
0 6 4 iMM904.cmd 1E-10
0 6 4 iJN1463.cmd 1E-8
0 4 4 iMM904.cmd 1E-10
0 4 4 iJN1463.cmd 1E-8
0 12 9 iMM904.cmd 1E-10
0 12 9 iJN1463.cmd 1E-8
0 8 1 iMM904.cmd 1E-10
0 8 1 iJN1463.cmd 1E-8
0 2 14 iMM904.cmd 1E-10
0 2 14 iJN1463.cmd 1E-8
0 11 2 iMM904.cmd 1E-10
0 11 2 iJN1463.cmd 1E-8
0 1 4 iMM904.cmd 1E-10
0 1 4 iJN1463.cmd 1E-8
0 11 10 iMM904.cmd 1E-10
0 11 10 iJN1463.cmd 1E-8
0 7 12 iMM904.cmd 1E-10
0 7 12 iJN1463.cmd 1E-8
500 10 6 iMM904.cmd 1,5269349459E-8
500 10 6 iJN1463.cmd 2,7296332293E-7
500 5 12 iMM904.cmd 1,8497689751E-7
500 5 12 iJN1463.cmd 8,4714223609E-7
500 8 12 iMM904.cmd 7,2849228267E-8
500 8 12 iJN1463.cmd 5,7999619082E-7
500 14 10 iMM904.cmd 3,1339456069E-9
500 14 10 iJN1463.cmd 3,2471370302E-7
500 8 7 iMM904.cmd 2,947389012E-8
500 8 7 iJN1463.cmd 3,5296860364E-7
500 6 6 iMM904.cmd 7,8281153861E-8
500 6 6 iJN1463.cmd 5,2568702024E-7
500 6 4 iMM904.cmd 9,1292825628E-8
500 6 4 iJN1463.cmd 5,6434398984E-7
500 4 4 iMM904.cmd 2,069791992E-7
500 4 4 iJN1463.cmd 9,8838825087E-7
500 12 9 iMM904.cmd 1,1250588017E-8
500 12 9 iJN1463.cmd 3,0870031052E-7
500 8 1 iMM904.cmd 2,7101333782E-8
500 8 1 iJN1463.cmd 2,7253878515E-7
500 2 14 iMM904.cmd 2,6752561331E-8
500 2 14 iJN1463.cmd 4,0161723768E-7
500 11 2 iMM904.cmd 5,0811332823E-9
500 11 2 iJN1463.cmd 1,6984592758E-7
500 1 4 iMM904.cmd 3,039802048E-7
500 1 4 iJN1463.cmd 1,1376884439E-6
500 11 10 iMM904.cmd 2,1180930736E-8
500 11 10 iJN1463.cmd 3,2686158655E-7
500 7 12 iMM904.cmd 1,19233103E-7
500 7 12 iJN1463.cmd 8,0909323793E-7
500 0 4 iMM904.cmd 9,5227445296E-8
500 0 4 iJN1463.cmd 5,7293048487E-7
500 1 5 iMM904.cmd 2,9697981956E-7
500 1 5 iJN1463.cmd 1,1276640858E-6
500 1 14 iMM904.cmd 1,20656734E-8
500 1 14 iJN1463.cmd 3,3240544464E-7
500 2 4 iMM904.cmd 2,8682965752E-7
500 2 4 iJN1463.cmd 1,2034947404E-6
500 2 13 iMM904.cmd 1,359798844E-7
500 2 13 iJN1463.cmd 8,1984426937E-7
500 3 4 iMM904.cmd 2,452080341E-7
500 3 4 iJN1463.cmd 1,1167148457E-6
500 3 14 iMM904.cmd 4,1267392846E-8
500 3 14 iJN1463.cmd 4,0654119885E-7
500 4 3 iMM904.cmd 1,9102765141E-7
500 4 3 iJN1463.cmd 9,4454611613E-7
500 4 5 iMM904.cmd 2,128765921E-7
500 4 5 iJN1463.cmd 1,0240029261E-6
500 4 12 iMM904.cmd 1,9413115147E-7
500 4 12 iJN1463.cmd 8,7080172215E-7
500 5 4 iMM904.cmd 1,5137348469E-7
500 5 4 iJN1463.cmd 7,921686745E-7
500 5 6 iMM904.cmd 1,1126721348E-7
500 5 6 iJN1463.cmd 6,4215403993E-7
500 5 13 iMM904.cmd 1,5568164585E-7
500 5 13 iJN1463.cmd 6,891618601E-7
500 6 3 iMM904.cmd 8,2039724102E-8
500 6 3 iJN1463.cmd 5,0558054567E-7
500 6 5 iMM904.cmd 7,4564014721E-8
500 6 5 iJN1463.cmd 5,1986805205E-7
500 6 7 iMM904.cmd 6,9436624052E-8
500 6 7 iJN1463.cmd 4,5396079581E-7
500 6 12 iMM904.cmd 1,453245421E-7
500 6 12 iJN1463.cmd 7,5788724414E-7
500 7 1 iMM904.cmd 3,5713887192E-8
500 7 1 iJN1463.cmd 3,0146302104E-7
500 7 4 iMM904.cmd 5,4397948611E-8
500 7 4 iJN1463.cmd 3,9552118933E-7
500 7 6 iMM904.cmd 5,5587378587E-8
500 7 6 iJN1463.cmd 4,4506598489E-7
500 8 0 iMM904.cmd 2,7138938771E-8
500 8 0 iJN1463.cmd 2,6970235812E-7
500 8 2 iMM904.cmd 2,6576805606E-8
500 8 2 iJN1463.cmd 2,6151916582E-7
500 8 6 iMM904.cmd 3,7660078769E-8
500 8 6 iJN1463.cmd 3,7482053425E-7
500 8 8 iMM904.cmd 2,8099336219E-8
500 8 8 iJN1463.cmd 2,8939932892E-7
500 8 11 iMM904.cmd 4,95763628E-8
500 8 11 iJN1463.cmd 4,1781833864E-7
500 9 1 iMM904.cmd 1,6585800184E-8
500 9 1 iJN1463.cmd 2,241250345E-7
500 9 7 iMM904.cmd 2,504885288E-8
500 9 7 iJN1463.cmd 3,2185117857E-7
500 9 12 iMM904.cmd 4,1858786237E-8
500 9 12 iJN1463.cmd 3,4695078681E-7
500 10 2 iMM904.cmd 9,141350712E-9
500 10 2 iJN1463.cmd 1,9082432981E-7
500 10 5 iMM904.cmd 1,2898821965E-8
500 10 5 iJN1463.cmd 2,1181127358E-7
500 10 7 iMM904.cmd 2,0027155762E-8
500 10 7 iJN1463.cmd 3,0260247477E-7
500 10 10 iMM904.cmd 2,2042152447E-8
500 10 10 iJN1463.cmd 2,9986817935E-7
500 11 1 iMM904.cmd 3,2823141332E-9
500 11 1 iJN1463.cmd 1,5155210119E-7
500 11 3 iMM904.cmd 2,5648149911E-9
500 11 3 iJN1463.cmd 1,5152135111E-7
500 11 6 iMM904.cmd 9,068031693E-9
500 11 6 iJN1463.cmd 2,0944176929E-7
500 11 9 iMM904.cmd 1,7093767137E-8
500 11 9 iJN1463.cmd 3,0868451503E-7
500 11 11 iMM904.cmd 1,9011134473E-8
500 11 11 iJN1463.cmd 2,7908614139E-7
500 12 2 iMM904.cmd 0E0
500 12 2 iJN1463.cmd 1,1937743129E-7
500 12 8 iMM904.cmd 7,7807012475E-9
500 12 8 iJN1463.cmd 2,2733185653E-7
500 13 9 iMM904.cmd 4,7950334974E-9
500 13 9 iJN1463.cmd 2,9185059017E-7
500 13 10 iMM904.cmd 0E0
500 13 10 iJN1463.cmd 3,4200492272E-7
500 14 9 iMM904.cmd 0E0
500 14 9 iJN1463.cmd 2,7524385648E-7
500 14 11 iMM904.cmd 0E0
500 14 11 iJN1463.cmd 2,6656519362E-7
500 5 3 iMM904.cmd 1,4225178884E-7
500 5 3 iJN1463.cmd 7,5240947733E-7
500 7 5 iMM904.cmd 5,2821713317E-8
500 7 5 iJN1463.cmd 4,1435626401E-7
500 6 13 iMM904.cmd 1,3501204445E-7
500 6 13 iJN1463.cmd 6,2708861731E-7
500 9 2 iMM904.cmd 1,5593990688E-8
500 9 2 iJN1463.cmd 2,1513262054E-7
500 10 1 iMM904.cmd 8,2420052213E-9
500 10 1 iJN1463.cmd 1,8356698585E-7
500 10 9 iMM904.cmd 1,8710284411E-8
500 10 9 iJN1463.cmd 2,7270411537E-7
500 11 8 iMM904.cmd 1,426000418E-8
500 11 8 iJN1463.cmd 2,6374023008E-7
500 2 5 iMM904.cmd 2,7975906172E-7
500 2 5 iJN1463.cmd 1,2155836492E-6
500 6 11 iMM904.cmd 1,0929338881E-7
500 6 11 iJN1463.cmd 5,7460970479E-7
500 9 8 iMM904.cmd 2,0413137393E-8
500 9 8 iJN1463.cmd 2,6945467825E-7
500 9 11 iMM904.cmd 3,7109215163E-8
500 9 11 iJN1463.cmd 3,4099662507E-7
500 10 11 iMM904.cmd 2,4490037678E-8
500 10 11 iJN1463.cmd 2,8419512161E-7
500 13 8 iMM904.cmd 3,5158543892E-9
500 13 8 iJN1463.cmd 1,9236171558E-7
500 0 5 iMM904.cmd 8,9981044166E-8
500 0 5 iJN1463.cmd 5,5411120296E-7
500 3 3 iMM904.cmd 2,1637967192E-7
500 3 3 iJN1463.cmd 1,0486509549E-6
500 3 5 iMM904.cmd 2,3958891069E-7
500 3 5 iJN1463.cmd 1,1263665087E-6
500 4 6 iMM904.cmd 1,7676138553E-7
500 4 6 iJN1463.cmd 9,1502427222E-7
500 4 13 iMM904.cmd 1,6599403117E-7
500 4 13 iJN1463.cmd 7,3138747506E-7
500 5 7 iMM904.cmd 7,7510211777E-8
500 5 7 iJN1463.cmd 4,8101782245E-7
500 7 0 iMM904.cmd 3,5536571515E-8
500 7 0 iJN1463.cmd 3,0236115705E-7
500 7 2 iMM904.cmd 3,8843834803E-8
500 7 2 iJN1463.cmd 3,1247129787E-7
500 7 3 iMM904.cmd 4,8741466987E-8
500 7 3 iJN1463.cmd 3,5641933124E-7
500 9 0 iMM904.cmd 1,6413868816E-8
500 9 0 iJN1463.cmd 2,1405292124E-7
500 10 3 iMM904.cmd 6,2485405218E-9
500 10 3 iJN1463.cmd 1,7209962654E-7
500 11 5 iMM904.cmd 8,8258858827E-9
500 11 5 iJN1463.cmd 1,8579778571E-7
500 12 1 iMM904.cmd 0E0
500 12 1 iJN1463.cmd 1,0326648964E-7
500 12 3 iMM904.cmd 0E0
500 12 3 iJN1463.cmd 1,0359105778E-7
500 8 5 iMM904.cmd 3,22386281E-8
500 8 5 iJN1463.cmd 3,0624184467E-7
500 10 8 iMM904.cmd 1,8025849743E-8
500 10 8 iJN1463.cmd 2,679912555E-7
500 8 10 iMM904.cmd 3,9292267715E-8
500 8 10 iJN1463.cmd 3,0649632237E-7
500 10 12 iMM904.cmd 2,8078073731E-8
500 10 12 iJN1463.cmd 2,4798788435E-7
500 14 8 iMM904.cmd 0E0
500 14 8 iJN1463.cmd 1,7061394114E-7
500 2 3 iMM904.cmd 2,3670892782E-7
500 2 3 iJN1463.cmd 1,1129403036E-6
500 9 13 iMM904.cmd 2,7284054385E-8
500 9 13 iJN1463.cmd 1,9223982894E-7
500 10 4 iMM904.cmd 7,3557751496E-9
500 10 4 iJN1463.cmd 1,6952015297E-7
500 12 6 iMM904.cmd 0E0
500 12 6 iJN1463.cmd 1,2866950996E-7
500 12 11 iMM904.cmd 9,6161596184E-9
500 12 11 iJN1463.cmd 2,1737434603E-7
500 14 12 iMM904.cmd 0E0
500 14 12 iJN1463.cmd 1,6129237709E-7
500 0 3 iMM904.cmd 2,5007151627E-8
500 0 3 iJN1463.cmd 2,8661569354E-7
500 3 12 iMM904.cmd 1,87701312E-7
500 3 12 iJN1463.cmd 9,1960698485E-7
500 4 2 iMM904.cmd 1,8402904316E-7
500 4 2 iJN1463.cmd 9,6091701304E-7
500 4 11 iMM904.cmd 1,6943016389E-7
500 4 11 iJN1463.cmd 8,1606296024E-7
500 5 14 iMM904.cmd 5,2236241372E-8
500 5 14 iJN1463.cmd 3,7956722989E-7
500 6 1 iMM904.cmd 4,1126340284E-8
500 6 1 iJN1463.cmd 3,230692482E-7
500 6 2 iMM904.cmd 5,0872849714E-8
500 6 2 iJN1463.cmd 3,6380486121E-7
500 6 8 iMM904.cmd 5,1506588122E-8
500 6 8 iJN1463.cmd 3,5034128549E-7
500 7 8 iMM904.cmd 3,6670143612E-8
500 7 8 iJN1463.cmd 2,9003617139E-7
500 8 3 iMM904.cmd 2,7802246074E-8
500 8 3 iJN1463.cmd 2,5639609357E-7
500 8 4 iMM904.cmd 3,0029837E-8
500 8 4 iJN1463.cmd 2,705567909E-7
500 8 9 iMM904.cmd 2,9305415493E-8
500 8 9 iJN1463.cmd 2,6206894956E-7
500 9 5 iMM904.cmd 1,6840752399E-8
500 9 5 iJN1463.cmd 2,1578470145E-7
500 11 4 iMM904.cmd 3,870675693E-9
500 11 4 iJN1463.cmd 1,4156203627E-7
500 12 7 iMM904.cmd 0E0
500 12 7 iJN1463.cmd 1,3933376907E-7
500 11 0 iMM904.cmd 4,6334135531E-10
500 11 0 iJN1463.cmd 1,2273688022E-7
500 13 2 iMM904.cmd 0E0
500 13 2 iJN1463.cmd 6,4985888914E-8
500 3 13 iMM904.cmd 1,6080853187E-7
500 3 13 iJN1463.cmd 7,8054350493E-7
500 2 12 iMM904.cmd 1,5935397629E-7
500 2 12 iJN1463.cmd 9,5875067921E-7
500 9 9 iMM904.cmd 1,9420745885E-8
500 9 9 iJN1463.cmd 2,409421032E-7
500 1 13 iMM904.cmd 9,0455536178E-8
500 1 13 iJN1463.cmd 7,3904951102E-7
500 9 3 iMM904.cmd 1,4101451817E-8
500 9 3 iJN1463.cmd 1,9498086136E-7
500 10 0 iMM904.cmd 7,0567285958E-9
500 10 0 iJN1463.cmd 1,6181241397E-7
500 3 6 iMM904.cmd 2,0973735752E-7
500 3 6 iJN1463.cmd 1,0829125633E-6
500 6 14 iMM904.cmd 4,1808372369E-8
500 6 14 iJN1463.cmd 3,0434512256E-7
500 3 2 iMM904.cmd 1,7630546835E-7
500 3 2 iJN1463.cmd 9,7849997544E-7
500 4 14 iMM904.cmd 5,0850909799E-8
500 4 14 iJN1463.cmd 3,9926109141E-7
500 5 8 iMM904.cmd 5,4548293641E-8
500 5 8 iJN1463.cmd 3,7200830452E-7
500 6 0 iMM904.cmd 3,9939373724E-8
500 6 0 iJN1463.cmd 3,4744118026E-7
500 13 7 iMM904.cmd 0E0
500 13 7 iJN1463.cmd 1,0570835093E-7
500 9 4 iMM904.cmd 1,4696246164E-8
500 9 4 iJN1463.cmd 1,9354150341E-7
500 12 0 iMM904.cmd 0E0
500 12 0 iJN1463.cmd 8,0168987314E-8
500 12 4 iMM904.cmd 0E0
500 12 4 iJN1463.cmd 8,494422886E-8
500 6 10 iMM904.cmd 6,7090224219E-8
500 6 10 iJN1463.cmd 3,9280099902E-7
500 13 1 iMM904.cmd 0E0
500 13 1 iJN1463.cmd 5,6007374835E-8
500 13 3 iMM904.cmd 0E0
500 13 3 iJN1463.cmd 5,5243418785E-8
500 2 6 iMM904.cmd 2,3152323129E-7
500 2 6 iJN1463.cmd 1,2061561467E-6
500 10 13 iMM904.cmd 1,9440236792E-8
500 10 13 iJN1463.cmd 1,4366381839E-7
500 0 6 iMM904.cmd 2,0585454956E-8
500 0 6 iJN1463.cmd 2,6529710165E-7
500 3 11 iMM904.cmd 1,6668155365E-7
500 3 11 iJN1463.cmd 8,9750712064E-7
500 7 9 iMM904.cmd 3,7176027181E-8
500 7 9 iJN1463.cmd 2,7755527095E-7
500 7 10 iMM904.cmd 4,4605565254E-8
500 7 10 iJN1463.cmd 2,9832861504E-7
500 14 7 iMM904.cmd 0E0
500 14 7 iJN1463.cmd 8,5008081568E-8
500 2 2 iMM904.cmd 1,7493156415E-7
500 2 2 iJN1463.cmd 9,9791155606E-7
500 13 6 iMM904.cmd 0E0
500 13 6 iJN1463.cmd 6,4902224061E-8
500 14 13 iMM904.cmd 0E0
500 14 13 iJN1463.cmd 8,2603866477E-8
500 6 9 iMM904.cmd 4,9709015471E-8
500 6 9 iJN1463.cmd 3,3176095943E-7
500 9 14 iMM904.cmd 6,7642465709E-9
500 9 14 iJN1463.cmd 8,2330490341E-8
500 4 10 iMM904.cmd 1,0870130668E-7
500 4 10 iJN1463.cmd 6,2296078441E-7
500 0 2 iMM904.cmd 2,0451396138E-8
500 0 2 iJN1463.cmd 3,1481103464E-7
500 14 2 iMM904.cmd 0E0
500 14 2 iJN1463.cmd 3,5094719215E-8
500 1 12 iMM904.cmd 1,0851545001E-7
500 1 12 iJN1463.cmd 8,5766582671E-7
500 2 11 iMM904.cmd 1,3994887252E-7
500 2 11 iJN1463.cmd 9,5517872149E-7
500 13 0 iMM904.cmd 0E0
500 13 0 iJN1463.cmd 4,3468042129E-8
500 13 4 iMM904.cmd 0E0
500 13 4 iJN1463.cmd 4,0987925748E-8
500 5 9 iMM904.cmd 5,4545791892E-8
500 5 9 iJN1463.cmd 3,7842858911E-7
500 5 10 iMM904.cmd 7,2119145813E-8
500 5 10 iJN1463.cmd 4,4298109293E-7
500 3 1 iMM904.cmd 1,2102999239E-7
500 3 1 iJN1463.cmd 8,978878744E-7
500 4 8 iMM904.cmd 4,0266641076E-8
500 4 8 iJN1463.cmd 3,3758636003E-7
500 5 0 iMM904.cmd 3,5586676517E-8
500 5 0 iJN1463.cmd 4,6734895557E-7
500 0 13 iMM904.cmd 1,0336393861E-8
500 0 13 iJN1463.cmd 3,1736837737E-7
500 2 7 iMM904.cmd 1,8681007682E-7
500 2 7 iJN1463.cmd 1,2474446001E-6
500 3 10 iMM904.cmd 1,2892032136E-7
500 3 10 iJN1463.cmd 8,2331572505E-7
500 10 14 iMM904.cmd 4,8580725345E-9
500 10 14 iJN1463.cmd 6,8285917692E-8
500 14 1 iMM904.cmd 0E0
500 14 1 iJN1463.cmd 3,0629064064E-8
500 14 3 iMM904.cmd 0E0
500 14 3 iJN1463.cmd 2,9995244746E-8
500 11 13 iMM904.cmd 9,217756418E-9
500 11 13 iJN1463.cmd 8,1433616852E-8
500 7 14 iMM904.cmd 8,8263651401E-9
500 7 14 iJN1463.cmd 1,0673154507E-7
500 14 6 iMM904.cmd 0E0
500 14 6 iJN1463.cmd 4,1850494384E-8
500 1 2 iMM904.cmd 1,3529845809E-7
500 1 2 iJN1463.cmd 8,7525397014E-7
500 2 1 iMM904.cmd 1,2199202793E-7
500 2 1 iJN1463.cmd 9,2786299485E-7
500 4 9 iMM904.cmd 6,0595089723E-8
500 4 9 iJN1463.cmd 4,3036392912E-7
500 14 14 iMM904.cmd 0E0
500 14 14 iJN1463.cmd 3,0014931251E-8
500 13 5 iMM904.cmd 0E0
500 13 5 iJN1463.cmd 3,1341698848E-8
500 1 11 iMM904.cmd 9,031263906E-8
500 1 11 iJN1463.cmd 8,6719132463E-7
500 2 10 iMM904.cmd 9,9705166165E-8
500 2 10 iJN1463.cmd 9,2150899678E-7
500 0 12 iMM904.cmd 1,3564231361E-8
500 0 12 iJN1463.cmd 3,6745153274E-7
500 0 7 iMM904.cmd 1,1907401492E-8
500 0 7 iJN1463.cmd 3,7051306624E-7
500 8 14 iMM904.cmd 1,8493030576E-9
500 8 14 iJN1463.cmd 5,1620150362E-8
500 3 0 iMM904.cmd 6,2520697615E-8
500 3 0 iJN1463.cmd 8,007943014E-7
500 1 7 iMM904.cmd 1,0472463169E-7
500 1 7 iJN1463.cmd 1,0916139789E-6
500 3 8 iMM904.cmd 1,809655856E-8
500 3 8 iJN1463.cmd 2,7863220916E-7
500 4 0 iMM904.cmd 2,3902874372E-8
500 4 0 iJN1463.cmd 6,3211689436E-7
500 0 14 iMM904.cmd 1,3901113036E-9
500 0 14 iJN1463.cmd 1,7249239419E-7
500 11 14 iMM904.cmd 1,3221043022E-9
500 11 14 iJN1463.cmd 4,1755112349E-8
500 14 0 iMM904.cmd 0E0
500 14 0 iJN1463.cmd 2,4241190718E-8
500 2 0 iMM904.cmd 6,2835799648E-8
500 2 0 iJN1463.cmd 8,6706253258E-7
500 14 4 iMM904.cmd 0E0
500 14 4 iJN1463.cmd 2,2634412294E-8
500 12 13 iMM904.cmd 0E0
500 12 13 iJN1463.cmd 6,1999666734E-8
500 1 10 iMM904.cmd 5,6881520047E-8
500 1 10 iJN1463.cmd 8,5876511406E-7
500 0 11 iMM904.cmd 9,7732812902E-9
500 0 11 iJN1463.cmd 3,4808914587E-7
500 2 9 iMM904.cmd 4,260454956E-8
500 2 9 iJN1463.cmd 9,496459054E-7
500 14 5 iMM904.cmd 0E0
500 14 5 iJN1463.cmd 2,2082954777E-8
500 0 1 iMM904.cmd 1,6661232142E-9
500 0 1 iJN1463.cmd 1,2077967911E-7
500 1 8 iMM904.cmd 2,5736214769E-8
500 1 8 iJN1463.cmd 1,0785790435E-6
500 1 0 iMM904.cmd 1,0901169853E-8
500 1 0 iJN1463.cmd 7,6518028096E-7
500 0 10 iMM904.cmd 4,2152875048E-9
500 0 10 iJN1463.cmd 2,8853333726E-7
500 12 14 iMM904.cmd 0E0
500 12 14 iJN1463.cmd 2,5634236452E-8
500 0 8 iMM904.cmd 2,0259393902E-9
500 0 8 iJN1463.cmd 3,2174675861E-7
500 0 0 iMM904.cmd 2,0225878474E-10
500 0 0 iJN1463.cmd 2,1702423381E-7
500 0 9 iMM904.cmd 0E0
500 0 9 iJN1463.cmd 1,2444599886E-7
500 13 14 iMM904.cmd 0E0
500 13 14 iJN1463.cmd 1,3424874065E-8
1000 10 6 iMM904.cmd 2,3843774775E-8
1000 10 6 iJN1463.cmd 2,2704430696E-7
1000 5 12 iMM904.cmd 2,7637620201E-7
1000 5 12 iJN1463.cmd 8,0278232115E-7
1000 8 12 iMM904.cmd 1,0490614591E-7
1000 8 12 iJN1463.cmd 4,5627303159E-7
1000 14 10 iMM904.cmd 1,8127579058E-9
1000 14 10 iJN1463.cmd 2,5264535857E-7
1000 8 7 iMM904.cmd 5,8636652643E-8
1000 8 7 iJN1463.cmd 3,273580615E-7
1000 6 6 iMM904.cmd 1,2983265365E-7
1000 6 6 iJN1463.cmd 5,3055575748E-7
1000 6 4 iMM904.cmd 1,4346088329E-7
1000 6 4 iJN1463.cmd 5,695864344E-7
1000 4 4 iMM904.cmd 3,2820348294E-7
1000 4 4 iJN1463.cmd 1,037291238E-6
1000 12 9 iMM904.cmd 1,5742846275E-8
1000 12 9 iJN1463.cmd 2,5082921761E-7
1000 8 1 iMM904.cmd 5,1553547068E-8
1000 8 1 iJN1463.cmd 2,7635973446E-7
1000 2 14 iMM904.cmd 1,8850061931E-7
1000 2 14 iJN1463.cmd 6,9400111624E-7
1000 11 2 iMM904.cmd 1,2915551221E-8
1000 11 2 iJN1463.cmd 1,4498483322E-7
1000 1 4 iMM904.cmd 3,8688046158E-7
1000 1 4 iJN1463.cmd 1,1043952304E-6
1000 11 10 iMM904.cmd 3,5633975322E-8
1000 11 10 iJN1463.cmd 2,8057254418E-7
1000 7 12 iMM904.cmd 1,6594772263E-7
1000 7 12 iJN1463.cmd 6,0925455823E-7
1000 0 4 iMM904.cmd 2,3330423538E-7
1000 0 4 iJN1463.cmd 8,2179750702E-7
1000 1 5 iMM904.cmd 3,9036661505E-7
1000 1 5 iJN1463.cmd 1,1153344151E-6
1000 1 14 iMM904.cmd 1,5546538034E-7
1000 1 14 iJN1463.cmd 6,207215388E-7
1000 2 4 iMM904.cmd 4,1970997483E-7
1000 2 4 iJN1463.cmd 1,2133098907E-6
1000 2 13 iMM904.cmd 3,1282724971E-7
1000 2 13 iJN1463.cmd 8,7903905928E-7
1000 3 4 iMM904.cmd 3,8930998807E-7
1000 3 4 iJN1463.cmd 1,1703475002E-6
1000 3 14 iMM904.cmd 1,9674724743E-7
1000 3 14 iJN1463.cmd 7,0699693726E-7
1000 4 3 iMM904.cmd 3,2456364939E-7
1000 4 3 iJN1463.cmd 1,0316655506E-6
1000 4 5 iMM904.cmd 3,5249163457E-7
1000 4 5 iJN1463.cmd 1,0961483939E-6
1000 4 12 iMM904.cmd 3,2670286193E-7
1000 4 12 iJN1463.cmd 9,0848497472E-7
1000 5 4 iMM904.cmd 2,3415093837E-7
1000 5 4 iJN1463.cmd 8,06802225E-7
1000 5 6 iMM904.cmd 1,9466498566E-7
1000 5 6 iJN1463.cmd 6,9210856935E-7
1000 5 13 iMM904.cmd 2,4511523644E-7
1000 5 13 iJN1463.cmd 7,3042446124E-7
1000 6 3 iMM904.cmd 1,3736929594E-7
1000 6 3 iJN1463.cmd 5,4415355798E-7
1000 6 5 iMM904.cmd 1,1949081119E-7
1000 6 5 iJN1463.cmd 5,0644361672E-7
1000 6 7 iMM904.cmd 1,2551124814E-7
1000 6 7 iJN1463.cmd 4,9510800667E-7
1000 6 12 iMM904.cmd 2,1481789908E-7
1000 6 12 iJN1463.cmd 6,811718394E-7
1000 7 1 iMM904.cmd 6,7426236711E-8
1000 7 1 iJN1463.cmd 3,3366056327E-7
1000 7 4 iMM904.cmd 9,6564492389E-8
1000 7 4 iJN1463.cmd 4,2644716178E-7
1000 7 6 iMM904.cmd 9,7203750423E-8
1000 7 6 iJN1463.cmd 4,3888436683E-7
1000 8 0 iMM904.cmd 5,1574777971E-8
1000 8 0 iJN1463.cmd 2,7536629052E-7
1000 8 2 iMM904.cmd 5,4661050643E-8
1000 8 2 iJN1463.cmd 2,8711062037E-7
1000 8 6 iMM904.cmd 7,1959969372E-8
1000 8 6 iJN1463.cmd 3,6696206439E-7
1000 8 8 iMM904.cmd 6,3881564501E-8
1000 8 8 iJN1463.cmd 3,2298774099E-7
1000 8 11 iMM904.cmd 8,139700979E-8
1000 8 11 iJN1463.cmd 3,9058855684E-7
1000 9 1 iMM904.cmd 3,5913119912E-8
1000 9 1 iJN1463.cmd 2,2569557164E-7
1000 9 7 iMM904.cmd 4,4996738057E-8
1000 9 7 iJN1463.cmd 2,9778671669E-7
1000 9 12 iMM904.cmd 6,6311401033E-8
1000 9 12 iJN1463.cmd 3,2111031766E-7
1000 10 2 iMM904.cmd 2,3389007861E-8
1000 10 2 iJN1463.cmd 1,8524767533E-7
1000 10 5 iMM904.cmd 2,6211588224E-8
1000 10 5 iJN1463.cmd 2,1748867065E-7
1000 10 7 iMM904.cmd 3,3411455764E-8
1000 10 7 iJN1463.cmd 2,6953262995E-7
1000 10 10 iMM904.cmd 4,0983874925E-8
1000 10 10 iJN1463.cmd 2,8607635521E-7
1000 11 1 iMM904.cmd 1,2565379608E-8
1000 11 1 iJN1463.cmd 1,4147093385E-7
1000 11 3 iMM904.cmd 1,3508659839E-8
1000 11 3 iJN1463.cmd 1,4877458714E-7
1000 11 6 iMM904.cmd 1,5409732436E-8
1000 11 6 iJN1463.cmd 1,8865794568E-7
1000 11 9 iMM904.cmd 2,805422849E-8
1000 11 9 iJN1463.cmd 2,702887901E-7
1000 11 11 iMM904.cmd 3,9769358938E-8
1000 11 11 iJN1463.cmd 2,7692266969E-7
1000 12 2 iMM904.cmd 5,3139690263E-9
1000 12 2 iJN1463.cmd 1,0701346486E-7
1000 12 8 iMM904.cmd 1,3319529463E-8
1000 12 8 iJN1463.cmd 2,2095287669E-7
1000 13 9 iMM904.cmd 6,0101206303E-9
1000 13 9 iJN1463.cmd 2,4442297974E-7
1000 13 10 iMM904.cmd 0E0
1000 13 10 iJN1463.cmd 2,6738254611E-7
1000 14 9 iMM904.cmd 0E0
1000 14 9 iJN1463.cmd 2,3593034022E-7
1000 14 11 iMM904.cmd 0E0
1000 14 11 iJN1463.cmd 2,2219762601E-7
1000 5 3 iMM904.cmd 2,3153352267E-7
1000 5 3 iJN1463.cmd 7,9760085222E-7
1000 7 5 iMM904.cmd 9,3466969776E-8
1000 7 5 iJN1463.cmd 4,254716406E-7
1000 6 13 iMM904.cmd 2,0811695447E-7
1000 6 13 iJN1463.cmd 6,4625930331E-7
1000 9 2 iMM904.cmd 3,7152817349E-8
1000 9 2 iJN1463.cmd 2,3084454849E-7
1000 10 1 iMM904.cmd 2,2854131832E-8
1000 10 1 iJN1463.cmd 1,8159438749E-7
1000 10 9 iMM904.cmd 3,7901173905E-8
1000 10 9 iJN1463.cmd 2,8172714846E-7
1000 11 8 iMM904.cmd 2,4788318706E-8
1000 11 8 iJN1463.cmd 2,5777719612E-7
1000 2 5 iMM904.cmd 4,3088204552E-7
1000 2 5 iJN1463.cmd 1,2417069867E-6
1000 6 11 iMM904.cmd 1,8402702966E-7
1000 6 11 iJN1463.cmd 6,0061914162E-7
1000 9 8 iMM904.cmd 4,7552339836E-8
1000 9 8 iJN1463.cmd 2,9530194731E-7
1000 9 11 iMM904.cmd 6,7055072798E-8
1000 9 11 iJN1463.cmd 3,3761050084E-7
1000 10 11 iMM904.cmd 5,0432227812E-8
1000 10 11 iJN1463.cmd 2,9141334685E-7
1000 13 8 iMM904.cmd 5,9772936332E-9
1000 13 8 iJN1463.cmd 2,017169936E-7
1000 0 5 iMM904.cmd 2,3564743052E-7
1000 0 5 iJN1463.cmd 8,4110687973E-7
1000 3 3 iMM904.cmd 3,7765400207E-7
1000 3 3 iJN1463.cmd 1,153165527E-6
1000 3 5 iMM904.cmd 3,9965554947E-7
1000 3 5 iJN1463.cmd 1,1961904501E-6
1000 4 6 iMM904.cmd 3,1591990148E-7
1000 4 6 iJN1463.cmd 1,0047070237E-6
1000 4 13 iMM904.cmd 2,8312374705E-7
1000 4 13 iJN1463.cmd 8,1577368596E-7
1000 5 7 iMM904.cmd 1,4707143629E-7
1000 5 7 iJN1463.cmd 5,4656977309E-7
1000 7 0 iMM904.cmd 7,016121911E-8
1000 7 0 iJN1463.cmd 3,4106583061E-7
1000 7 2 iMM904.cmd 7,5455934953E-8
1000 7 2 iJN1463.cmd 3,5457915233E-7
1000 7 3 iMM904.cmd 9,0308332363E-8
1000 7 3 iJN1463.cmd 4,0251530505E-7
1000 9 0 iMM904.cmd 3,5620844751E-8
1000 9 0 iJN1463.cmd 2,2365258276E-7
1000 10 3 iMM904.cmd 2,4280880396E-8
1000 10 3 iJN1463.cmd 1,904261549E-7
1000 11 5 iMM904.cmd 1,7636011862E-8
1000 11 5 iJN1463.cmd 1,8692457177E-7
1000 12 1 iMM904.cmd 5,0759451881E-9
1000 12 1 iJN1463.cmd 1,0435358332E-7
1000 12 3 iMM904.cmd 5,61710764E-9
1000 12 3 iJN1463.cmd 1,0780323666E-7
1000 8 5 iMM904.cmd 6,6382348482E-8
1000 8 5 iJN1463.cmd 3,4112234909E-7
1000 10 8 iMM904.cmd 3,5072979577E-8
1000 10 8 iJN1463.cmd 2,7622162241E-7
1000 8 10 iMM904.cmd 7,9942566604E-8
1000 8 10 iJN1463.cmd 3,6474099381E-7
1000 10 12 iMM904.cmd 5,0407667733E-8
1000 10 12 iJN1463.cmd 2,6284004414E-7
1000 14 8 iMM904.cmd 0E0
1000 14 8 iJN1463.cmd 1,9072088539E-7
1000 2 3 iMM904.cmd 4,0496487738E-7
1000 2 3 iJN1463.cmd 1,2021179322E-6
1000 9 13 iMM904.cmd 4,5605562471E-8
1000 9 13 iJN1463.cmd 2,1465061998E-7
1000 10 4 iMM904.cmd 2,5416034318E-8
1000 10 4 iJN1463.cmd 2,0077168559E-7
1000 12 6 iMM904.cmd 7,5959463519E-9
1000 12 6 iJN1463.cmd 1,5243655566E-7
1000 12 11 iMM904.cmd 3,5285069985E-8
1000 12 11 iJN1463.cmd 2,6073388392E-7
1000 14 12 iMM904.cmd 0E0
1000 14 12 iJN1463.cmd 1,696906328E-7
1000 0 3 iMM904.cmd 1,5101362155E-7
1000 0 3 iJN1463.cmd 6,3543603492E-7
1000 3 12 iMM904.cmd 3,6114328135E-7
1000 3 12 iJN1463.cmd 9,8453145131E-7
1000 4 2 iMM904.cmd 3,511576894E-7
1000 4 2 iJN1463.cmd 1,1039747204E-6
1000 4 11 iMM904.cmd 3,3228347427E-7
1000 4 11 iJN1463.cmd 9,2735485667E-7
1000 5 14 iMM904.cmd 1,6352458925E-7
1000 5 14 iJN1463.cmd 5,9670250306E-7
1000 6 1 iMM904.cmd 8,498119276E-8
1000 6 1 iJN1463.cmd 3,8734815808E-7
1000 6 2 iMM904.cmd 9,5292050719E-8
1000 6 2 iJN1463.cmd 4,2004964592E-7
1000 6 8 iMM904.cmd 1,1313925817E-7
1000 6 8 iJN1463.cmd 4,3500028502E-7
1000 7 8 iMM904.cmd 8,3852683392E-8
1000 7 8 iJN1463.cmd 3,6305052546E-7
1000 8 3 iMM904.cmd 6,0454232897E-8
1000 8 3 iJN1463.cmd 3,0744298384E-7
1000 8 4 iMM904.cmd 6,4384034266E-8
1000 8 4 iJN1463.cmd 3,2555126275E-7
1000 8 9 iMM904.cmd 6,8764802405E-8
1000 8 9 iJN1463.cmd 3,3067187826E-7
1000 9 5 iMM904.cmd 4,2499108658E-8
1000 9 5 iJN1463.cmd 2,6327990429E-7
1000 11 4 iMM904.cmd 1,4732507986E-8
1000 11 4 iJN1463.cmd 1,5890845392E-7
1000 12 7 iMM904.cmd 7,6510186935E-9
1000 12 7 iJN1463.cmd 1,7057004323E-7
1000 11 0 iMM904.cmd 1,2351617239E-8
1000 11 0 iJN1463.cmd 1,3826560024E-7
1000 13 2 iMM904.cmd 0E0
1000 13 2 iJN1463.cmd 7,5830917502E-8
1000 3 13 iMM904.cmd 3,0968875036E-7
1000 3 13 iJN1463.cmd 8,7482155146E-7
1000 2 12 iMM904.cmd 3,6840346654E-7
1000 2 12 iJN1463.cmd 9,9979006616E-7
1000 9 9 iMM904.cmd 5,0339189942E-8
1000 9 9 iJN1463.cmd 2,9579367671E-7
1000 1 13 iMM904.cmd 2,7139965339E-7
1000 1 13 iJN1463.cmd 7,9643636732E-7
1000 9 3 iMM904.cmd 3,9318822606E-8
1000 9 3 iJN1463.cmd 2,3967736493E-7
1000 10 0 iMM904.cmd 2,2611205479E-8
1000 10 0 iJN1463.cmd 1,7893103955E-7
1000 3 6 iMM904.cmd 3,9458928699E-7
1000 3 6 iJN1463.cmd 1,1926154695E-6
1000 6 14 iMM904.cmd 1,2577495853E-7
1000 6 14 iJN1463.cmd 4,7940083186E-7
1000 3 2 iMM904.cmd 3,675753976E-7
1000 3 2 iJN1463.cmd 1,1416585056E-6
1000 4 14 iMM904.cmd 1,8688470138E-7
1000 4 14 iJN1463.cmd 6,7047901896E-7
1000 5 8 iMM904.cmd 1,3449365195E-7
1000 5 8 iJN1463.cmd 4,8033839996E-7
1000 6 0 iMM904.cmd 1,01856855E-7
1000 6 0 iJN1463.cmd 4,3867380223E-7
1000 13 7 iMM904.cmd 3,7384268948E-9
1000 13 7 iJN1463.cmd 1,5093116832E-7
1000 9 4 iMM904.cmd 4,1294241219E-8
1000 9 4 iJN1463.cmd 2,5134295506E-7
1000 12 0 iMM904.cmd 4,9049095383E-9
1000 12 0 iJN1463.cmd 1,0133626935E-7
1000 12 4 iMM904.cmd 6,0039617121E-9
1000 12 4 iJN1463.cmd 1,0906034154E-7
1000 6 10 iMM904.cmd 1,4690090073E-7
1000 6 10 iJN1463.cmd 5,0021891793E-7
1000 13 1 iMM904.cmd 0E0
1000 13 1 iJN1463.cmd 7,4129344932E-8
1000 13 3 iMM904.cmd 0E0
1000 13 3 iJN1463.cmd 7,5117242502E-8
1000 2 6 iMM904.cmd 4,4598522966E-7
1000 2 6 iJN1463.cmd 1,3019652546E-6
1000 10 13 iMM904.cmd 3,7129866994E-8
1000 10 13 iJN1463.cmd 1,7732752098E-7
1000 0 6 iMM904.cmd 1,6275533353E-7
1000 0 6 iJN1463.cmd 7,1690249347E-7
1000 3 11 iMM904.cmd 3,688627456E-7
1000 3 11 iJN1463.cmd 1,0177064699E-6
1000 7 9 iMM904.cmd 9,0643419697E-8
1000 7 9 iJN1463.cmd 3,7268031919E-7
1000 7 10 iMM904.cmd 1,0208279851E-7
1000 7 10 iJN1463.cmd 3,9879365278E-7
1000 14 7 iMM904.cmd 0E0
1000 14 7 iJN1463.cmd 1,3799479918E-7
1000 2 2 iMM904.cmd 3,7392077156E-7
1000 2 2 iJN1463.cmd 1,1345202256E-6
1000 13 6 iMM904.cmd 2,1700159581E-9
1000 13 6 iJN1463.cmd 1,1197231518E-7
1000 14 13 iMM904.cmd 0E0
1000 14 13 iJN1463.cmd 1,14863396E-7
1000 6 9 iMM904.cmd 1,2290719823E-7
1000 6 9 iJN1463.cmd 4,4360381647E-7
1000 9 14 iMM904.cmd 2,7226379179E-8
1000 9 14 iJN1463.cmd 1,5761225379E-7
1000 4 10 iMM904.cmd 2,6560569281E-7
1000 4 10 iJN1463.cmd 7,7573930189E-7
1000 0 2 iMM904.cmd 1,6030616854E-7
1000 0 2 iJN1463.cmd 6,45318932E-7
1000 14 2 iMM904.cmd 0E0
1000 14 2 iJN1463.cmd 5,819628315E-8
1000 1 12 iMM904.cmd 3,2090498501E-7
1000 1 12 iJN1463.cmd 9,0746702662E-7
1000 2 11 iMM904.cmd 3,8154850983E-7
1000 2 11 iJN1463.cmd 1,0526562998E-6
1000 13 0 iMM904.cmd 0E0
1000 13 0 iJN1463.cmd 7,1759203619E-8
1000 13 4 iMM904.cmd 0E0
1000 13 4 iJN1463.cmd 7,3948157339E-8
1000 5 9 iMM904.cmd 1,5378158222E-7
1000 5 9 iJN1463.cmd 5,1131515635E-7
1000 5 10 iMM904.cmd 1,8667603812E-7
1000 5 10 iJN1463.cmd 5,8745265329E-7
1000 3 1 iMM904.cmd 3,4676549227E-7
1000 3 1 iJN1463.cmd 1,1132118671E-6
1000 4 8 iMM904.cmd 1,3867191578E-7
1000 4 8 iJN1463.cmd 4,7291272755E-7
1000 5 0 iMM904.cmd 1,596402779E-7
1000 5 0 iJN1463.cmd 6,184009142E-7
1000 0 13 iMM904.cmd 1,5243795652E-7
1000 0 13 iJN1463.cmd 6,2219617421E-7
1000 2 7 iMM904.cmd 4,5907014624E-7
1000 2 7 iJN1463.cmd 1,3305200246E-6
1000 3 10 iMM904.cmd 3,492854593E-7
1000 3 10 iJN1463.cmd 9,8755199252E-7
1000 10 14 iMM904.cmd 2,2627144998E-8
1000 10 14 iJN1463.cmd 1,316731297E-7
1000 14 1 iMM904.cmd 0E0
1000 14 1 iJN1463.cmd 5,6975208218E-8
1000 14 3 iMM904.cmd 0E0
1000 14 3 iJN1463.cmd 5,7483574876E-8
1000 11 13 iMM904.cmd 2,5710105792E-8
1000 11 13 iJN1463.cmd 1,15300879E-7
1000 7 14 iMM904.cmd 5,7765565701E-8
1000 7 14 iJN1463.cmd 2,7582875567E-7
1000 14 6 iMM904.cmd 0E0
1000 14 6 iJN1463.cmd 9,5179638031E-8
1000 1 2 iMM904.cmd 3,191057321E-7
1000 1 2 iJN1463.cmd 9,6117569319E-7
1000 2 1 iMM904.cmd 3,5658292952E-7
1000 2 1 iJN1463.cmd 1,1279148502E-6
1000 4 9 iMM904.cmd 1,8309085843E-7
1000 4 9 iJN1463.cmd 5,7681593819E-7
1000 14 14 iMM904.cmd 0E0
1000 14 14 iJN1463.cmd 7,2717230762E-8
1000 13 5 iMM904.cmd 0E0
1000 13 5 iJN1463.cmd 7,4696512505E-8
1000 1 11 iMM904.cmd 3,3315663199E-7
1000 1 11 iJN1463.cmd 9,5340543583E-7
1000 2 10 iMM904.cmd 3,789097334E-7
1000 2 10 iJN1463.cmd 1,0799505102E-6
1000 0 12 iMM904.cmd 1,8305114768E-7
1000 0 12 iJN1463.cmd 7,0663824625E-7
1000 0 7 iMM904.cmd 2,0370608957E-7
1000 0 7 iJN1463.cmd 8,2724949485E-7
1000 8 14 iMM904.cmd 2,9487032276E-8
1000 8 14 iJN1463.cmd 1,7432139738E-7
1000 3 0 iMM904.cmd 3,0152919748E-7
1000 3 0 iJN1463.cmd 1,0109275058E-6
1000 1 7 iMM904.cmd 3,8594296258E-7
1000 1 7 iJN1463.cmd 1,1534486627E-6
1000 3 8 iMM904.cmd 1,1623692979E-7
1000 3 8 iJN1463.cmd 4,1296158839E-7
1000 4 0 iMM904.cmd 2,2688033127E-7
1000 4 0 iJN1463.cmd 8,1790447534E-7
1000 0 14 iMM904.cmd 1,0415388297E-7
1000 0 14 iJN1463.cmd 5,2172763603E-7
1000 11 14 iMM904.cmd 1,5929442565E-8
1000 11 14 iJN1463.cmd 9,5396125875E-8
1000 14 0 iMM904.cmd 0E0
1000 14 0 iJN1463.cmd 5,5114204547E-8
1000 2 0 iMM904.cmd 3,2164247358E-7
1000 2 0 iJN1463.cmd 1,0491046224E-6
1000 14 4 iMM904.cmd 0E0
1000 14 4 iJN1463.cmd 5,7738981551E-8
1000 12 13 iMM904.cmd 1,9752246091E-8
1000 12 13 iJN1463.cmd 8,694992861E-8
1000 1 10 iMM904.cmd 3,291068402E-7
1000 1 10 iJN1463.cmd 9,5898781314E-7
1000 0 11 iMM904.cmd 1,8819638753E-7
1000 0 11 iJN1463.cmd 7,3429340237E-7
1000 2 9 iMM904.cmd 3,9985692636E-7
1000 2 9 iJN1463.cmd 1,1884182429E-6
1000 14 5 iMM904.cmd 0E0
1000 14 5 iJN1463.cmd 6,5943294178E-8
1000 0 1 iMM904.cmd 9,8191251075E-8
1000 0 1 iJN1463.cmd 5,1261050373E-7
1000 1 8 iMM904.cmd 3,6265214099E-7
1000 1 8 iJN1463.cmd 1,0888884158E-6
1000 1 0 iMM904.cmd 2,6997932196E-7
1000 1 0 iJN1463.cmd 9,0319485047E-7
1000 0 10 iMM904.cmd 1,6974897364E-7
1000 0 10 iJN1463.cmd 7,0193690592E-7
1000 12 14 iMM904.cmd 9,5844494193E-9
1000 12 14 iJN1463.cmd 7,0098427486E-8
1000 0 8 iMM904.cmd 1,8528528445E-7
1000 0 8 iJN1463.cmd 7,8259199703E-7
1000 0 0 iMM904.cmd 1,3228284135E-7
1000 0 0 iJN1463.cmd 6,1552732464E-7
1000 0 9 iMM904.cmd 1,1488323854E-7
1000 0 9 iJN1463.cmd 6,0795980552E-7
1000 13 14 iMM904.cmd 3,9030112298E-10
1000 13 14 iJN1463.cmd 5,6351101929E-8
