0	1,5E-9	1,5E-7
1	1,5626890634E-9	1,5745760591E-7
2	1,6282819643E-9	1,6530704579E-7
3	1,7111344107E-9	1,741534162E-7
4	1,8008680336E-9	1,8385608203E-7
5	1,8961258982E-9	1,9434952248E-7
6	1,9969517369E-9	2,0563147613E-7
7	2,1035706725E-9	2,1769133146E-7
8	2,2163207754E-9	2,3053558132E-7
9	2,3355194883E-9	2,4418355169E-7
10	2,4615288557E-9	2,5867243791E-7
11	2,5947212054E-9	2,7404880388E-7
12	2,7355032798E-9	2,9036649941E-7
13	2,8843049751E-9	3,0768262455E-7
14	3,041580642E-9	3,2605772411E-7
15	3,207810466E-9	3,4555599416E-7
16	3,3835019299E-9	3,6624550099E-7
17	3,5691913625E-9	3,8819841329E-7
18	3,7654455753E-9	4,1149124832E-7
19	3,9728635951E-9	4,3620513273E-7
20	4,1920784936E-9	4,6242607915E-7
21	4,4237593227E-9	4,9024527915E-7
22	4,6686131588E-9	5,1975941388E-7
23	4,9273872633E-9	5,5107098319E-7
24	5,2008713653E-9	5,8428865444E-7
25	5,4899000716E-9	6,195276321E-7
26	5,7953554119E-9	6,5691004942E-7
27	6,1181695248E-9	6,9661917234E-7
28	6,4593274889E-9	7,3874672395E-7
29	6,8198702765E-9	7,8343909144E-7
30	7,1999169364E-9	8,3091488602E-7
31	7,6003855744E-9	8,8105218385E-7
32	8,0231245614E-9	9,3392427328E-7
33	8,4692813292E-9	9,8970204038E-7
34	8,9400331891E-9	1,0486758563E-6
35	9,4365762978E-9	1,1111029936E-6
36	9,9601065597E-9	1,1767434648E-6
37	1,0511788165E-8	1,2457970837E-6
38	1,1092700423E-8	1,3184677976E-6
39	1,1703742464E-8	1,3948580567E-6
40	1,2345453807E-8	1,4750376121E-6
41	1,3017698632E-8	1,5592229493E-6
42	1,3719046347E-8	1,6476065685E-6
43	1,4446070979E-8	1,7402477624E-6
44	1,5195060818E-8	1,837374175E-6
45	1,5960983334E-8	1,9388028771E-6
46	1,6737103268E-8	2,0448330487E-6
47	1,7514928738E-8	2,1558306839E-6
48	1,8274799815E-8	2,2722565752E-6
49	1,9008053838E-8	2,3944088727E-6
50	1,9705279921E-8	2,522573461E-6
51	2,0352171197E-8	2,6571496781E-6
52	2,0956262548E-8	2,7985953348E-6
53	2,1534037826E-8	2,9473667548E-6
54	2,2096024837E-8	3,1039380941E-6
55	2,2653671111E-8	3,2687660368E-6
56	2,3213847179E-8	3,4422890331E-6
57	2,3780754677E-8	3,6249861196E-6
58	2,4357185931E-8	3,8173559057E-6
59	2,4945195758E-8	4,0199206379E-6
60	2,5545974617E-8	4,2332224294E-6
61	2,6160510117E-8	4,4578816035E-6
62	2,6789322822E-8	4,6944849935E-6
63	2,7432580927E-8	4,9434084403E-6
64	2,8090949115E-8	5,2049703723E-6
65	2,8765144551E-8	5,4795174854E-6
66	2,9455819985E-8	5,7677693817E-6
67	3,0163248061E-8	6,0704494251E-6
68	3,0887527085E-8	6,3883316973E-6
69	3,162855975E-8	6,7221951938E-6
70	3,2386822724E-8	7,0726431436E-6
71	3,3162951411E-8	7,439291386E-6
72	3,3957524489E-8	7,8218015767E-6
73	3,4770934159E-8	8,2206641303E-6
74	3,5603654561E-8	8,6363473501E-6
75	3,6456411106E-8	9,0690093708E-6
76	3,7330313286E-8	9,5192446203E-6
77	3,8224382125E-8	9,987817233E-6
78	3,9140552902E-8	1,0475312091E-5
79	4,0078869735E-8	1,0982537367E-5
80	4,1039249118E-8	1,1510234948E-5
81	4,2020739023E-8	1,20587516E-5
82	4,3023205767E-8	1,2627800933E-5
83	4,4047597192E-8	1,3217133419E-5
84	4,5097756638E-8	1,3826675332E-5
85	4,617348485E-8	1,4457552134E-5
86	4,7274495213E-8	1,5110925393E-5
87	4,8402042154E-8	1,5787289598E-5
88	4,9584331663E-8	1,6485385973E-5
89	5,079816246E-8	1,7204553094E-5
90	5,2041355619E-8	1,7943321502E-5
91	5,3313426862E-8	1,8697885628E-5
92	5,4614966051E-8	1,9459308867E-5
93	5,5934383392E-8	2,0220030865E-5
94	5,7285904674E-8	2,0977943092E-5
95	5,8670477364E-8	2,1720458391E-5
96	6,0067804368E-8	2,2440825101E-5
97	6,1496831272E-8	2,3135488294E-5
98	6,2962383028E-8	2,3800864656E-5
99	6,4464032814E-8	2,4425452001E-5
100	6,598431325E-8	2,4997464417E-5
101	6,7542639411E-8	2,5507673333E-5
102	6,9138927408E-8	2,5964881458E-5
103	7,080129098E-8	2,6376691956E-5
104	7,2501853497E-8	2,674341427E-5
105	7,4242290236E-8	2,7070518524E-5
106	7,6018024141E-8	2,7367252217E-5
107	7,7825671834E-8	2,7643729639E-5
108	7,9665328791E-8	2,7905677057E-5
109	8,1544694346E-8	2,81557612E-5
110	8,3463841046E-8	2,8396979625E-5
111	8,5483642124E-8	2,8631824469E-5
112	8,7539231239E-8	2,8862371014E-5
113	8,9655728237E-8	2,9089668967E-5
114	9,1805496023E-8	2,9314407816E-5
115	9,4041408832E-8	2,9537429702E-5
116	9,6396892907E-8	2,9758622787E-5
117	9,8799521802E-8	2,9978177757E-5
118	1,0124225586E-7	3,0196328957E-5
119	1,0372513995E-7	3,0413420717E-5
120	1,0626800039E-7	3,0630011949E-5
121	1,0891249689E-7	3,0845893037E-5
122	1,1159312905E-7	3,1061480752E-5
123	1,1428129948E-7	3,127691159E-5
124	1,170011528E-7	3,1491808199E-5
125	1,198094781E-7	3,1705992387E-5
126	1,2266428972E-7	3,1920260247E-5
127	1,2553771541E-7	3,2134632198E-5
128	1,2840255252E-7	3,234878901E-5
129	1,3148616596E-7	3,2561816471E-5
130	1,3462514555E-7	3,2774515297E-5
131	1,3782489326E-7	3,2987042736E-5
132	1,411591848E-7	3,3198965576E-5
133	1,4463340604E-7	3,341037923E-5
134	1,4812301724E-7	3,3622470499E-5
135	1,5159029051E-7	3,38341224E-5
136	1,5513366113E-7	3,4044447516E-5
137	1,5880993199E-7	3,4254890906E-5
138	1,6244344764E-7	3,4465802955E-5
139	1,6618949559E-7	3,4675472335E-5
140	1,700376179E-7	3,4885777811E-5
141	1,7390570476E-7	3,5095354211E-5
142	1,7788056192E-7	3,5304553262E-5
143	1,8192834829E-7	3,5512991685E-5
144	1,8605280301E-7	3,5720923194E-5
145	1,9035622288E-7	3,592854849E-5
146	1,9474098364E-7	3,6135917542E-5
147	1,992609989E-7	3,6343996881E-5
148	2,0387334323E-7	3,6551683496E-5
149	2,0854684959E-7	3,6759202291E-5
150	2,1326314443E-7	3,6966610821E-5
151	2,1812188791E-7	3,71732117E-5
152	2,2307313356E-7	3,7379233006E-5
153	2,2815759159E-7	3,7585119897E-5
154	2,3329454064E-7	3,7789982938E-5
155	2,384902562E-7	3,7994414033E-5
156	2,4370628239E-7	3,819921117E-5
157	2,4899011098E-7	3,8403558879E-5
158	2,5433363048E-7	3,8607489797E-5
159	2,5983546972E-7	3,8811442373E-5
160	2,654027927E-7	3,9015222236E-5
161	2,7111701822E-7	3,921887902E-5
162	2,76944293E-7	3,9422114181E-5
163	2,8286338813E-7	3,9624154015E-5
164	2,8883158419E-7	3,9825571807E-5
165	2,948844085E-7	4,0026417073E-5
166	3,0110370123E-7	4,0227948821E-5
167	3,0750223389E-7	4,0429217997E-5
168	3,1393011317E-7	4,0630172647E-5
169	3,2058653378E-7	4,0830938235E-5
170	3,2736023707E-7	4,1031767892E-5
171	3,3428194642E-7	4,1232551537E-5
172	3,4129352456E-7	4,1432010878E-5
173	3,4849644132E-7	4,1631158615E-5
174	3,5583076133E-7	4,1830394426E-5
175	3,6328979795E-7	4,2029721977E-5
176	3,7095841669E-7	4,2229238016E-5
177	3,7869755288E-7	4,2427565329E-5
178	3,867549528E-7	4,2626566652E-5
179	3,9488841935E-7	4,282507257E-5
180	4,0307415702E-7	4,3022761993E-5
181	4,1147699531E-7	4,3220053961E-5
182	4,2001656571E-7	4,3416834943E-5
183	4,286635307E-7	4,36146107E-5
184	4,3736530315E-7	4,3812241919E-5
185	4,4604437952E-7	4,4009246067E-5
186	4,5481164666E-7	4,420548195E-5
187	4,6403298804E-7	4,4401425583E-5
188	4,7330856318E-7	4,459635744E-5
189	4,8268623532E-7	4,4790697716E-5
190	4,920344336E-7	4,4985233586E-5
191	5,0175150905E-7	4,5178758552E-5
192	5,1152781231E-7	4,5371575527E-5
193	5,2140316798E-7	4,5564622797E-5
194	5,3137417408E-7	4,5756732973E-5
195	5,4157097326E-7	4,5948161339E-5
196	5,5210826962E-7	4,613880757E-5
197	5,6269287791E-7	4,6329312978E-5
198	5,733725076E-7	4,651906264E-5
199	5,8439608027E-7	4,6709170138E-5
200	5,9557830065E-7	4,6898494883E-5
201	6,0667513733E-7	4,7087912599E-5
202	6,1800220345E-7	4,7277497026E-5
203	6,2965717143E-7	4,7466822599E-5
204	6,414388024E-7	4,7655519294E-5
205	6,533919291E-7	4,7844346524E-5
206	6,6549513535E-7	4,8032990963E-5
207	6,7781108119E-7	4,8221395089E-5
208	6,905975769E-7	4,8409528127E-5
209	7,0375258644E-7	4,8596752429E-5
210	7,1705104298E-7	4,8783454123E-5
211	7,3051263971E-7	4,8970101017E-5
212	7,4399174375E-7	4,9156767122E-5
213	7,5759160402E-7	4,9343201987E-5
214	7,7135291384E-7	4,9529285238E-5
215	7,8535040447E-7	4,9715082352E-5
216	7,9980411399E-7	4,9899611138E-5
217	8,1455948527E-7	5,0081927949E-5
218	8,296553195E-7	5,0264775954E-5
219	8,4506501915E-7	5,0446305121E-5
220	8,6103444524E-7	5,0628526792E-5
221	8,7684925712E-7	5,0810715286E-5
222	8,9248334257E-7	5,0989669513E-5
223	9,0828852215E-7	5,1169738042E-5
224	9,2442859968E-7	5,134996051E-5
225	9,4043873096E-7	5,1529569802E-5
226	9,5633399155E-7	5,1711751246E-5
227	9,7277216897E-7	5,1892674119E-5
228	9,8929223653E-7	5,2073318206E-5
229	1,0060347868E-6	5,2253027839E-5
230	1,0228437382E-6	5,2431656125E-5
231	1,04005468E-6	5,2610208692E-5
232	1,0572707553E-6	5,2788500549E-5
233	1,0744550932E-6	5,2965455248E-5
234	1,0922237474E-6	5,314177182E-5
235	1,110653729E-6	5,3315265527E-5
236	1,1294137389E-6	5,3490052179E-5
237	1,1480217366E-6	5,3663593352E-5
238	1,1669083689E-6	5,3837379421E-5
239	1,186079146E-6	5,4011992579E-5
240	1,205526237E-6	5,4185417905E-5
241	1,2260672953E-6	5,4356022826E-5
242	1,2463541702E-6	5,4528585935E-5
243	1,2669047485E-6	5,4698512289E-5
244	1,2878879538E-6	5,4869380869E-5
245	1,3088827932E-6	5,5038717654E-5
246	1,3304481444E-6	5,520767498E-5
247	1,3518839052E-6	5,5375942496E-5
248	1,3732725677E-6	5,5545283444E-5
249	1,3951261658E-6	5,5714091928E-5
250	1,4177808812E-6	5,588141454E-5
251	1,4406233722E-6	5,6048805553E-5
252	1,4631086876E-6	5,6216068464E-5
253	1,486413343E-6	5,6383533783E-5
254	1,5095134999E-6	5,6549273645E-5
255	1,5329144104E-6	5,671625548E-5
256	1,5559631464E-6	5,6882799943E-5
257	1,579204759E-6	5,7047032932E-5
258	1,603755258E-6	5,7210787425E-5
259	1,6280730788E-6	5,7373100645E-5
260	1,6534448102E-6	5,7534713604E-5
261	1,6784898402E-6	5,76963427E-5
262	1,7033870004E-6	5,7861142388E-5
263	1,7295298011E-6	5,8023772887E-5
264	1,7553309294E-6	5,8184705054E-5
265	1,7811968515E-6	5,8345131938E-5
266	1,8074847078E-6	5,8505199241E-5
267	1,833998853E-6	5,8663597155E-5
268	1,8585565155E-6	5,88233353E-5
269	1,8849599682E-6	5,898262934E-5
270	1,9102452681E-6	5,914276872E-5
271	1,9353350777E-6	5,9302894915E-5
272	1,960648837E-6	5,9461643238E-5
273	1,9880091712E-6	5,962077349E-5
274	2,0138425215E-6	5,9778503318E-5
275	2,0397537396E-6	5,9936745409E-5
276	2,0660224194E-6	6,0093067938E-5
277	2,0925685894E-6	6,0249103617E-5
278	2,1194136723E-6	6,0403141765E-5
279	2,1464561483E-6	6,0557215738E-5
280	2,1746869539E-6	6,0709138803E-5
281	2,2025779046E-6	6,086162159E-5
282	2,230607096E-6	6,1014905162E-5
283	2,259569391E-6	6,1167227653E-5
284	2,2863345361E-6	6,1320161621E-5
285	2,3151402336E-6	6,1471600625E-5
286	2,3429239275E-6	6,1623454731E-5
287	2,3712542959E-6	6,1773925769E-5
288	2,400369953E-6	6,1924249008E-5
289	2,4310751479E-6	6,2072158555E-5
290	2,4615514784E-6	6,2219817907E-5
291	2,4926627779E-6	6,236648888E-5
292	2,522202783E-6	6,2514272059E-5
293	2,5530488668E-6	6,2662020213E-5
294	2,5853503593E-6	6,2807932467E-5
295	2,6174987246E-6	6,29544132E-5
296	2,6503316659E-6	6,3099707751E-5
297	2,6801200996E-6	6,3248593408E-5
298	2,709927367E-6	6,3395187918E-5
299	2,7428991282E-6	6,3539118627E-5
300	2,7739263021E-6	6,3685030952E-5
301	2,8055107668E-6	6,3829975579E-5
302	2,8368552586E-6	6,3974173577E-5
303	2,86707028E-6	6,4120700464E-5
304	2,8952516492E-6	6,4266106878E-5
305	2,9263372327E-6	6,4408735621E-5
306	2,9570014887E-6	6,4553053611E-5
307	2,9860255801E-6	6,4698245065E-5
308	3,0159277104E-6	6,4842198456E-5
309	3,0492442536E-6	6,498230466E-5
310	3,0809496404E-6	6,5123797243E-5
311	3,1120798832E-6	6,5265706757E-5
312	3,1464612317E-6	6,5403603079E-5
313	3,1806108106E-6	6,5542763654E-5
314	3,2133811906E-6	6,5681809487E-5
315	3,2458105123E-6	6,5820646023E-5
316	3,2792429585E-6	6,5959366471E-5
317	3,3107739949E-6	6,6100909499E-5
318	3,3454564999E-6	6,623705189E-5
319	3,3773329817E-6	6,6376356207E-5
320	3,4112605396E-6	6,6511947832E-5
321	3,4471585671E-6	6,6646055436E-5
322	3,4829447852E-6	6,6779324451E-5
323	3,519247123E-6	6,6911837341E-5
324	3,5529982534E-6	6,7047304797E-5
325	3,5881259683E-6	6,7179043791E-5
326	3,6233372386E-6	6,7311850873E-5
327	3,6529243481E-6	6,745111357E-5
328	3,6883452102E-6	6,7583482652E-5
329	3,7255222939E-6	6,7714373932E-5
330	3,7626117954E-6	6,7843458096E-5
331	3,7982552463E-6	6,7975426761E-5
332	3,8357981933E-6	6,8105001677E-5
333	3,8729929082E-6	6,823431178E-5
334	3,9094826128E-6	6,8363533534E-5
335	3,9457110649E-6	6,8492519713E-5
336	3,9829742997E-6	6,8617246084E-5
337	4,0186388349E-6	6,874674041E-5
338	4,0559902653E-6	6,8873369281E-5
339	4,0946049263E-6	6,899947213E-5
340	4,1330306283E-6	6,9125421755E-5
341	4,1703702414E-6	6,9252527312E-5
342	4,2102678545E-6	6,9376068093E-5
343	4,2489765629E-6	6,9501048448E-5
344	4,284239818E-6	6,9628224391E-5
345	4,3233426411E-6	6,9751173155E-5
346	4,3613581828E-6	6,9875206287E-5
347	4,4035160664E-6	6,9994907812E-5
348	4,4454366805E-6	7,0114268273E-5
349	4,4831040562E-6	7,023863648E-5
350	4,5221335756E-6	7,0360878436E-5
351	4,5590001765E-6	7,0484557303E-5
352	4,5944451264E-6	7,0608581626E-5
353	4,6333315543E-6	7,0730252165E-5
354	4,6744853069E-6	7,0850242749E-5
355	4,7130071155E-6	7,0971823817E-5
356	4,7557501793E-6	7,1089063023E-5
357	4,7931581081E-6	7,1212054999E-5
358	4,8296455592E-6	7,1335077537E-5
359	4,8676496447E-6	7,1455930476E-5
360	4,908716123E-6	7,1572410633E-5
361	4,9459837333E-6	7,1692261742E-5
362	4,9844601395E-6	7,1810781114E-5
363	5,0237769741E-6	7,1928056426E-5
364	5,0654573059E-6	7,2041906604E-5
365	5,1081366593E-6	7,2154646294E-5
366	5,1479366764E-6	7,2270851581E-5
367	5,1901338557E-6	7,2383416511E-5
368	5,228014722E-6	7,2502021598E-5
369	5,2694841735E-6	7,2616821308E-5
370	5,3069005551E-6	7,273412612E-5
371	5,3427233932E-6	7,2852977945E-5
372	5,3800548021E-6	7,2968441024E-5
373	5,4199176026E-6	7,3081116735E-5
374	5,4615371189E-6	7,3189797948E-5
375	5,5035283173E-6	7,3298823962E-5
376	5,5438292287E-6	7,3410420656E-5
377	5,5827017219E-6	7,3525512561E-5
378	5,6225903046E-6	7,36370498E-5
379	5,6635679631E-6	7,3747931526E-5
380	5,7042368018E-6	7,3858336546E-5
381	5,7476483979E-6	7,3965988772E-5
382	5,785598784E-6	7,4075723183E-5
383	5,8299634007E-6	7,4178776394E-5
384	5,8716911629E-6	7,4287855447E-5
385	5,9146270312E-6	7,4393051867E-5
386	5,9595530179E-6	7,4495957644E-5
387	6,002711919E-6	7,4601348849E-5
388	6,0473853993E-6	7,4704083945E-5
389	6,0881229213E-6	7,4812926634E-5
390	6,132820596E-6	7,4915707277E-5
391	6,1773927772E-6	7,5018565608E-5
392	6,2208241381E-6	7,5122962628E-5
393	6,2637275979E-6	7,5225845035E-5
394	6,3090135508E-6	7,5328054312E-5
395	6,3457076486E-6	7,5439671757E-5
396	6,3883867907E-6	7,5544732901E-5
397	6,4313343958E-6	7,564878028E-5
398	6,4762602317E-6	7,5750576185E-5
399	6,5228380174E-6	7,5848573942E-5
400	6,5657972626E-6	7,5948628797E-5
401	6,6099793485E-6	7,6049569852E-5
402	6,6511144392E-6	7,6153766313E-5
403	6,6957614086E-6	7,6253548885E-5
404	6,7389238487E-6	7,6356157113E-5
405	6,786263301E-6	7,6453434307E-5
406	6,8336821076E-6	7,6549158945E-5
407	6,8815729861E-6	7,664787315E-5
408	6,9274923314E-6	7,6745266404E-5
409	6,9730986121E-6	7,6843421083E-5
410	7,0174801025E-6	7,6941411816E-5
411	7,0649213564E-6	7,7033168755E-5
412	7,1075590897E-6	7,7132521652E-5
413	7,1537542535E-6	7,7227072788E-5
414	7,1980065229E-6	7,7327410559E-5
415	7,2448008656E-6	7,7421199405E-5
416	7,2906843412E-6	7,7515842268E-5
417	7,3364579641E-6	7,7608293995E-5
418	7,3852329833E-6	7,7699591666E-5
419	7,4333310026E-6	7,7791948279E-5
420	7,4805842311E-6	7,7883701719E-5
421	7,5285963968E-6	7,7974409196E-5
422	7,5735602493E-6	7,8067602969E-5
423	7,6191874321E-6	7,8159103674E-5
424	7,6676917534E-6	7,8246643143E-5
425	7,7148061484E-6	7,8335582241E-5
426	7,759046498E-6	7,8428147681E-5
427	7,8056204245E-6	7,8515890391E-5
428	7,8551173451E-6	7,8602245334E-5
429	7,9026921653E-6	7,8688849183E-5
430	7,9505595474E-6	7,8773460334E-5
431	7,9997157949E-6	7,8858593483E-5
432	8,0515184013E-6	7,8942594057E-5
433	8,1007808065E-6	7,9028459571E-5
434	8,1491081929E-6	7,9114753558E-5
435	8,1961520594E-6	7,9201018799E-5
436	8,2443385016E-6	7,9287632319E-5
437	8,2914353447E-6	7,9374349345E-5
438	8,3411025616E-6	7,9458407615E-5
439	8,3908466424E-6	7,9540802229E-5
440	8,4389763635E-6	7,9623613166E-5
441	8,486594557E-6	7,970647042E-5
442	8,5342239769E-6	7,9788077146E-5
443	8,5788939998E-6	7,987207319E-5
444	8,6271973423E-6	7,9954052182E-5
445	8,67634268E-6	8,0037787337E-5
446	8,7220900311E-6	8,011998428E-5
447	8,7696271933E-6	8,0201371759E-5
448	8,8180164673E-6	8,0279656115E-5
449	8,8656836876E-6	8,0360897776E-5
450	8,9166084137E-6	8,0442044155E-5
451	8,9616851939E-6	8,0524481238E-5
452	9,0065174618E-6	8,0605914337E-5
453	9,0546666521E-6	8,0683539508E-5
454	9,1048236987E-6	8,0760411546E-5
455	9,1521869255E-6	8,0839370887E-5
456	9,2038744292E-6	8,091354609E-5
457	9,2533332179E-6	8,0992136461E-5
458	9,3006630666E-6	8,1070547422E-5
459	9,3504758854E-6	8,1145988588E-5
460	9,399481244E-6	8,1223603363E-5
461	9,4488832711E-6	8,1299118831E-5
462	9,4981526189E-6	8,1373518266E-5
463	9,548437079E-6	8,1447360252E-5
464	9,6031013993E-6	8,1517718389E-5
465	9,6558856292E-6	8,1590598273E-5
466	9,7051387096E-6	8,1664056081E-5
467	9,7545956588E-6	8,1736222988E-5
468	9,8042562396E-6	8,1808314394E-5
469	9,8502312907E-6	8,1886013041E-5
470	9,8988100881E-6	8,1958557508E-5
471	9,948304461E-6	8,2031064779E-5
472	9,9951717553E-6	8,2105495125E-5
473	1,0044112419E-5	8,2176759617E-5
474	1,0095297224E-5	8,2248086688E-5
475	1,014471433E-5	8,2318531286E-5
476	1,0192761902E-5	8,2389357584E-5
477	1,0242496518E-5	8,245959182E-5
478	1,0291010352E-5	8,2532378705E-5
479	1,0340973317E-5	8,2603054352E-5
480	1,0391802887E-5	8,2669575658E-5
481	1,044186278E-5	8,2737208015E-5
482	1,0487705995E-5	8,2810196168E-5
483	1,0537633369E-5	8,2878177464E-5
484	1,0584742918E-5	8,2947763539E-5
485	1,0631654886E-5	8,3017128805E-5
486	1,0681325927E-5	8,3084314789E-5
487	1,0730888288E-5	8,3152701195E-5
488	1,0782795129E-5	8,3217394037E-5
489	1,0833895282E-5	8,3280643599E-5
490	1,0885774748E-5	8,3344932779E-5
491	1,0938074871E-5	8,3414196862E-5
492	1,0987424094E-5	8,3482527612E-5
493	1,1036345931E-5	8,3549861361E-5
494	1,1083848065E-5	8,3618101787E-5
495	1,1132919446E-5	8,3682833783E-5
496	1,1186022598E-5	8,3744285059E-5
497	1,1236350282E-5	8,3807989893E-5
498	1,1283292727E-5	8,3877600172E-5
499	1,1332664377E-5	8,3941199315E-5
500	1,1383603947E-5	8,3999749621E-5
501	1,1432804374E-5	8,406088013E-5
502	1,1482181939E-5	8,4122850654E-5
503	1,1532091426E-5	8,4184904508E-5
504	1,1581980287E-5	8,4246057237E-5
505	1,1630012987E-5	8,4308385554E-5
506	1,1676193531E-5	8,4372755192E-5
507	1,1722662012E-5	8,4437369561E-5
508	1,1768583323E-5	8,4502534328E-5
509	1,1815321228E-5	8,4566799447E-5
510	1,186000384E-5	8,4632720444E-5
511	1,1905203512E-5	8,4697697137E-5
512	1,1951564358E-5	8,4760677308E-5
513	1,1998222089E-5	8,4822714408E-5
514	1,2045292339E-5	8,4883742752E-5
515	1,2092898617E-5	8,4943772721E-5
516	1,2141577803E-5	8,5002038275E-5
517	1,2190487133E-5	8,5059782187E-5
518	1,2239780033E-5	8,511792678E-5
519	1,2289896405E-5	8,5175089247E-5
520	1,2340312648E-5	8,5231433076E-5
521	1,2388096909E-5	8,5289222885E-5
522	1,2435657267E-5	8,5346457215E-5
523	1,2483071486E-5	8,5403495234E-5
524	1,2531483616E-5	8,5459294786E-5
525	1,2579721775E-5	8,5514995151E-5
526	1,262724209E-5	8,557120616E-5
527	1,2675722536E-5	8,5626307809E-5
528	1,2723384864E-5	8,5682075739E-5
529	1,2770756101E-5	8,5737813465E-5
530	1,281916024E-5	8,5792288987E-5
531	1,2866773075E-5	8,5847462363E-5
532	1,2914090767E-5	8,5902655873E-5
533	1,2962496508E-5	8,5956503654E-5
534	1,3010008593E-5	8,6011072738E-5
535	1,3057196305E-5	8,6065645646E-5
536	1,3105539714E-5	8,6118887919E-5
537	1,3152950882E-5	8,6172869579E-5
538	1,3199997437E-5	8,622684269E-5
539	1,3247948314E-5	8,6279540067E-5
540	1,3295989691E-5	8,6331854989E-5
541	1,3343181763E-5	8,6384802643E-5
542	1,339039631E-5	8,6437233624E-5
543	1,3438214381E-5	8,6489357706E-5
544	1,3489025548E-5	8,6537727556E-5
545	1,3540575265E-5	8,6583755297E-5
546	1,3586946114E-5	8,6636656551E-5
547	1,3633637683E-5	8,6689633366E-5
548	1,3679321501E-5	8,6744013054E-5
549	1,3728778961E-5	8,6792031731E-5
550	1,378021352E-5	8,6837848335E-5
551	1,382863816E-5	8,688608906E-5
552	1,3873892359E-5	8,6938455057E-5
553	1,3917848933E-5	8,6992164618E-5
554	1,3963588387E-5	8,7044686477E-5
555	1,4009556648E-5	8,709543249E-5
556	1,4055294248E-5	8,7147646033E-5
557	1,4099734627E-5	8,7201317326E-5
558	1,4144102605E-5	8,7253820144E-5
559	1,4187925857E-5	8,7306391893E-5
560	1,4231105525E-5	8,7358907052E-5
561	1,4273684541E-5	8,7411393215E-5
562	1,4315647736E-5	8,7464085822E-5
563	1,4359257951E-5	8,7516003797E-5
564	1,4403624636E-5	8,7567273375E-5
565	1,4448424927E-5	8,7617710623E-5
566	1,4493577207E-5	8,7667686364E-5
567	1,4539679412E-5	8,771631696E-5
568	1,4585660716E-5	8,776428872E-5
569	1,4631385015E-5	8,7812004233E-5
570	1,4676914724E-5	8,7859355731E-5
571	1,4722277751E-5	8,7906433183E-5
572	1,4765809181E-5	8,7955204741E-5
573	1,4808882473E-5	8,8004216208E-5
574	1,485178044E-5	8,805317664E-5
575	1,4894490914E-5	8,8102156613E-5
576	1,4937226653E-5	8,8151064867E-5
577	1,497998379E-5	8,8199785637E-5
578	1,502270473E-5	8,8248335715E-5
579	1,5065373885E-5	8,829672108E-5
580	1,5107919612E-5	8,8344867496E-5
581	1,5150390288E-5	8,8392831835E-5
582	1,5192798042E-5	8,8440627769E-5
583	1,5235145765E-5	8,8488258853E-5
584	1,527743944E-5	8,8535719329E-5
585	1,5319682783E-5	8,8583005765E-5
586	1,5361876428E-5	8,863011799E-5
587	1,5404020412E-5	8,8677056305E-5
588	1,544611451E-5	8,8723820669E-5
589	1,5488160853E-5	8,8770407123E-5
590	1,5530170084E-5	8,8816809E-5
591	1,5572139458E-5	8,8863016988E-5
592	1,5614068458E-5	8,890903942E-5
593	1,5655951603E-5	8,8954871505E-5
594	1,5697818758E-5	8,9000518842E-5
595	1,5739640223E-5	8,9045976266E-5
596	1,57814212E-5	8,9091248611E-5
597	1,5823157278E-5	8,9136331029E-5
598	1,5864853231E-5	8,9181229023E-5
599	1,5906551143E-5	8,92259418E-5
600	1,5948163409E-5	8,927047795E-5
601	1,5989776832E-5	8,9314822923E-5
602	1,6031347839E-5	8,9358990613E-5
603	1,6072876414E-5	8,9402975903E-5
604	1,6114362552E-5	8,9446778438E-5
605	1,6155806248E-5	8,9490398524E-5
606	1,6197207623E-5	8,9533835942E-5
607	1,6238567165E-5	8,957709146E-5
608	1,6279875931E-5	8,9620175448E-5
609	1,6321128331E-5	8,9663094492E-5
610	1,6362321928E-5	8,9705850158E-5
611	1,6403461297E-5	8,9748437004E-5
612	1,6444548795E-5	8,9790852384E-5
613	1,6484743328E-5	8,9834032065E-5
614	1,6525502711E-5	8,9876354358E-5
615	1,6565531619E-5	8,9919249847E-5
616	1,6606185085E-5	8,9961235782E-5
617	1,6646141865E-5	9,0003747623E-5
618	1,6686732578E-5	9,004533556E-5
619	1,6726639957E-5	9,0087433459E-5
620	1,6767181953E-5	9,0128605903E-5
621	1,6807047199E-5	9,0170288632E-5
622	1,6847541901E-5	9,0211046884E-5
623	1,6887360856E-5	9,0252312723E-5
624	1,6927806747E-5	9,0292656896E-5
625	1,6967579037E-5	9,0333507023E-5
626	1,7007976233E-5	9,0373439014E-5
627	1,7047701362E-5	9,0413875823E-5
628	1,7088048976E-5	9,0453398016E-5
629	1,7127715726E-5	9,0493435231E-5
630	1,7167996606E-5	9,0532566886E-5
631	1,7207593166E-5	9,0572218198E-5
632	1,7247803271E-5	9,0610971916E-5
633	1,7287325217E-5	9,0650246697E-5
634	1,7326600616E-5	9,0689573688E-5
635	1,7365764688E-5	9,0728789798E-5
636	1,7404864583E-5	9,0767852325E-5
637	1,7443908182E-5	9,0806744169E-5
638	1,748290366E-5	9,0845465126E-5
639	1,752184758E-5	9,088401079E-5
640	1,7560747864E-5	9,0922387308E-5
641	1,759959433E-5	9,096058682E-5
642	1,7638396085E-5	9,0998616256E-5
643	1,7677143763E-5	9,1036468744E-5
644	1,7715846672E-5	9,1074151399E-5
645	1,7754495682E-5	9,1111657563E-5
646	1,7793097366E-5	9,1148996831E-5
647	1,7831633665E-5	9,1186173682E-5
648	1,7870165499E-5	9,1223195786E-5
649	1,79086322E-5	9,1260070355E-5
650	1,7947037461E-5	9,1296793613E-5
651	1,7985372507E-5	9,1333358146E-5
652	1,8023647354E-5	9,136976946E-5
653	1,8061859356E-5	9,1406028584E-5
654	1,810001304E-5	9,1442138098E-5
655	1,813810321E-5	9,1478096621E-5
656	1,8176134493E-5	9,1513906954E-5
657	1,8214106586E-5	9,1549569794E-5
658	1,8251254201E-5	9,158591596E-5
659	1,8288882922E-5	9,1621513506E-5
660	1,8326610159E-5	9,1656801038E-5
661	1,8362825055E-5	9,1693573385E-5
662	1,840005283E-5	9,1728972949E-5
663	1,8436789898E-5	9,1764741131E-5
664	1,847412164E-5	9,1799654661E-5
665	1,8510035423E-5	9,1835912557E-5
666	1,8547043004E-5	9,1870750322E-5
667	1,8582772379E-5	9,1906786554E-5
668	1,8619642466E-5	9,1941354838E-5
669	1,8655249442E-5	9,1977106595E-5
670	1,8692000504E-5	9,2011387599E-5
671	1,8726678156E-5	9,2047750034E-5
672	1,8763080161E-5	9,2081992774E-5
673	1,8797572337E-5	9,2118141134E-5
674	1,8833839122E-5	9,2152116846E-5
675	1,8868203019E-5	9,2187998007E-5
676	1,8904342937E-5	9,2221712403E-5
677	1,8938581418E-5	9,2257331596E-5
678	1,8974593631E-5	9,2290788871E-5
679	1,9008710263E-5	9,2326148414E-5
680	1,9044602627E-5	9,235934038E-5
681	1,9078606422E-5	9,2394417717E-5
682	1,9114386688E-5	9,2427329705E-5
683	1,914828523E-5	9,2462127059E-5
684	1,9183956493E-5	9,2494762573E-5
685	1,9217743548E-5	9,2529284478E-5
686	1,9253303902E-5	9,256164547E-5
687	1,9288772802E-5	9,2594014647E-5
688	1,9326352404E-5	9,2623875002E-5
689	1,936357173E-5	9,2653941337E-5
690	1,940134531E-5	9,2683248931E-5
691	1,943994096E-5	9,2711479377E-5
692	1,9478762363E-5	9,2739381847E-5
693	1,9517567622E-5	9,2767123055E-5
694	1,9556300161E-5	9,2794742735E-5
695	1,9594958104E-5	9,2822254041E-5
696	1,9633560723E-5	9,2849661501E-5
697	1,9672116976E-5	9,2876971184E-5
698	1,9710583193E-5	9,2904187252E-5
699	1,9748958499E-5	9,2931309688E-5
700	1,9787242816E-5	9,2958338792E-5
701	1,9825436295E-5	9,2985275105E-5
702	1,9862914085E-5	9,3012960655E-5
703	1,9894772445E-5	9,3046545382E-5
704	1,992576772E-5	9,3080790566E-5
705	1,9956074585E-5	9,3115604405E-5
706	1,998541876E-5	9,3151287741E-5
707	2,0014454155E-5	9,3187058504E-5
708	2,0044177512E-5	9,3221915287E-5
709	2,0072312536E-5	9,3258293605E-5
710	2,0102505305E-5	9,3292257192E-5
711	2,0133754126E-5	9,3324748731E-5
712	2,0166714686E-5	9,3355168532E-5
713	2,019836684E-5	9,3386870085E-5
714	2,0230399596E-5	9,3417970444E-5
715	2,0261686269E-5	9,3449706158E-5
716	2,0294377779E-5	9,3479722794E-5
717	2,0325739882E-5	9,351104295E-5
718	2,0357469153E-5	9,3541764438E-5
719	2,0388448035E-5	9,3573123363E-5
720	2,0419959702E-5	9,3603709475E-5
721	2,0450758426E-5	9,3634895632E-5
722	2,0481281482E-5	9,3666185475E-5
723	2,0511649275E-5	9,3697582393E-5
724	2,054121893E-5	9,3729748915E-5
725	2,057042448E-5	9,3762134783E-5
726	2,0599552617E-5	9,379447065E-5
727	2,0627493617E-5	9,3827824101E-5
728	2,065517945E-5	9,3861251858E-5
729	2,0683358464E-5	9,3894060996E-5
730	2,0710809714E-5	9,3927499581E-5
731	2,0739900791E-5	9,3959086318E-5
732	2,0769176533E-5	9,3990308393E-5
733	2,0798409872E-5	9,4021393535E-5
734	2,0827881737E-5	9,4052102776E-5
735	2,0857304804E-5	9,4082662799E-5
736	2,0886650152E-5	9,4113109214E-5
737	2,0915911646E-5	9,4143466061E-5
738	2,0944821845E-5	9,4174009547E-5
739	2,0973570056E-5	9,420455011E-5
740	2,1002197484E-5	9,4235024206E-5
741	2,1028957288E-5	9,4267267899E-5
742	2,1054526555E-5	9,4300627166E-5
743	2,10788192E-5	9,4335159653E-5
744	2,1101783298E-5	9,4370972487E-5
745	2,1125998152E-5	9,4405289023E-5
746	2,1150364856E-5	9,4439268596E-5
747	2,1174686075E-5	9,4473121786E-5
748	2,1198926271E-5	9,4506882991E-5
749	2,1223103137E-5	9,4540559108E-5
750	2,1247190945E-5	9,4574151458E-5
751	2,1271189124E-5	9,4607659642E-5
752	2,1295097675E-5	9,4641083547E-5
753	2,1318916716E-5	9,4674423098E-5
754	2,1342646391E-5	9,4707678499E-5
755	2,1366286851E-5	9,4740849752E-5
756	2,1389838248E-5	9,4773936578E-5
757	2,1413300735E-5	9,4806939029E-5
758	2,1436672062E-5	9,4839855357E-5
759	2,1459954736E-5	9,4872687394E-5
760	2,1482332592E-5	9,4906281778E-5
761	2,1504473545E-5	9,4939960471E-5
762	2,1527304112E-5	9,4972757619E-5
763	2,1550215235E-5	9,5005310216E-5
764	2,1573045885E-5	9,5037752493E-5
765	2,1595824941E-5	9,5070096381E-5
766	2,1618518658E-5	9,5102362933E-5
767	2,1641125551E-5	9,5134549492E-5
768	2,1663643029E-5	9,5166651631E-5
769	2,1686075311E-5	9,5198673991E-5
770	2,1709334836E-5	9,5229621076E-5
771	2,1732739051E-5	9,5260247617E-5
772	2,1756107037E-5	9,5290728495E-5
773	2,1779452284E-5	9,5321108863E-5
774	2,1802679561E-5	9,5351414522E-5
775	2,1826741677E-5	9,5380675764E-5
776	2,185189026E-5	9,5408676491E-5
777	2,1877245583E-5	9,5436298994E-5
778	2,1902597307E-5	9,5463751708E-5
779	2,1927888425E-5	9,5491098136E-5
780	2,1953097835E-5	9,5518353053E-5
781	2,197822899E-5	9,5545530655E-5
782	2,2003267941E-5	9,5572624438E-5
783	2,2027499342E-5	9,5600386439E-5
784	2,2052244993E-5	9,562745712E-5
785	2,207701581E-5	9,5654351827E-5
786	2,2101714588E-5	9,5681144226E-5
787	2,2126337275E-5	9,5707858383E-5
788	2,2150856325E-5	9,5734490536E-5
789	2,217529294E-5	9,576104731E-5
790	2,2199636568E-5	9,5787523139E-5
791	2,2223628684E-5	9,5814213813E-5
792	2,2250243406E-5	9,5837934123E-5
793	2,2277267007E-5	9,5861080599E-5
794	2,2304315689E-5	9,588404208E-5
795	2,233135658E-5	9,5906898558E-5
796	2,2358318535E-5	9,5929677333E-5
797	2,238519894E-5	9,5952380404E-5
798	2,2411991317E-5	9,5975008214E-5
799	2,243870203E-5	9,5997563959E-5
800	2,2465337239E-5	9,602004613E-5
801	2,249187511E-5	9,6042456389E-5
802	2,2518340904E-5	9,6064794282E-5
803	2,2544707237E-5	9,6087061394E-5
804	2,2570985473E-5	9,6109256908E-5
805	2,2597177198E-5	9,6131380979E-5
806	2,2623316859E-5	9,6153435027E-5
807	2,264934421E-5	9,6175421522E-5
808	2,2675281609E-5	9,6197335551E-5
809	2,2701132604E-5	9,6219178326E-5
810	2,2726898387E-5	9,6240950345E-5
811	2,2752530863E-5	9,6262652053E-5
812	2,2778124726E-5	9,6284281304E-5
813	2,2803636741E-5	9,6305842927E-5
814	2,2829068074E-5	9,6327336431E-5
815	2,2854414089E-5	9,6348760159E-5
816	2,2879676021E-5	9,637011444E-5
817	2,2904857008E-5	9,6391400163E-5
818	2,2929972835E-5	9,6412616895E-5
819	2,2955011405E-5	9,6433766834E-5
820	2,2979946112E-5	9,6454847512E-5
821	2,3004817566E-5	9,6475858893E-5
822	2,3029628616E-5	9,649680271E-5
823	2,3054340909E-5	9,6517679962E-5
824	2,3078946822E-5	9,6538486882E-5
825	2,3103490467E-5	9,6559224861E-5
826	2,3127953219E-5	9,657989568E-5
827	2,3152335139E-5	9,6600499338E-5
828	2,3176612835E-5	9,6621034692E-5
829	2,3200807629E-5	9,6641501238E-5
830	2,3224918215E-5	9,6661899501E-5
831	2,3248949291E-5	9,6682230474E-5
832	2,3272921341E-5	9,6702494929E-5
833	2,3296794861E-5	9,6722694006E-5
834	2,3320585662E-5	9,6742826122E-5
835	2,3344292904E-5	9,6762891237E-5
836	2,3367921478E-5	9,6782890134E-5
837	2,3391470629E-5	9,6802823594E-5
838	2,3414983122E-5	9,6822690944E-5
839	2,3438417547E-5	9,6842499937E-5
840	2,346177047E-5	9,686224521E-5
841	2,3485045823E-5	9,6881926708E-5
842	2,3508239989E-5	9,6901543129E-5
843	2,3531356875E-5	9,692109572E-5
844	2,3554392888E-5	9,694058332E-5
845	2,3577379293E-5	9,6960007468E-5
846	2,3600315941E-5	9,6979368963E-5
847	2,3623154199E-5	9,6998668914E-5
848	2,3645912066E-5	9,7017903074E-5
849	2,3668593857E-5	9,7037073276E-5
850	2,3691196113E-5	9,7056178695E-5
851	2,3713692737E-5	9,7075219953E-5
852	2,3736164201E-5	9,7094195816E-5
853	2,3758566607E-5	9,7113111988E-5
854	2,3780892187E-5	9,7131965348E-5
855	2,3803143538E-5	9,7150756078E-5
856	2,3825316792E-5	9,716948333E-5
857	2,3847415634E-5	9,7188147585E-5
858	2,3869404249E-5	9,7206748071E-5
859	2,3891345309E-5	9,7225283967E-5
860	2,3913212696E-5	9,7243759073E-5
861	2,3935007402E-5	9,7262173085E-5
862	2,3956725162E-5	9,7280525344E-5
863	2,3978369474E-5	9,7298815918E-5
864	2,3999980389E-5	9,7317045419E-5
865	2,402151388E-5	9,7335219911E-5
866	2,4042940479E-5	9,7353334857E-5
867	2,40642874E-5	9,7371387078E-5
868	2,408559215E-5	9,7389378286E-5
869	2,4106827011E-5	9,7407311852E-5
870	2,4128003403E-5	9,7425184724E-5
871	2,4149101971E-5	9,7442999044E-5
872	2,4170161821E-5	9,7460753162E-5
873	2,4191110333E-5	9,7478454225E-5
874	2,4212021087E-5	9,7496090287E-5
875	2,4232894077E-5	9,7513673108E-5
876	2,425369629E-5	9,7531200469E-5
877	2,4274388646E-5	9,7548669091E-5
878	2,4295041967E-5	9,7566077056E-5
879	2,4315624245E-5	9,758342812E-5
880	2,4336131427E-5	9,7600719451E-5
881	2,4356567506E-5	9,761795119E-5
882	2,437693138E-5	9,7635123834E-5
883	2,4397222768E-5	9,7652237485E-5
884	2,4418424362E-5	9,766834539E-5
885	2,4440555865E-5	9,7683392517E-5
886	2,4463637965E-5	9,7697410792E-5
887	2,4487531409E-5	9,7710536479E-5
888	2,4511430631E-5	9,7723530341E-5
889	2,4535348987E-5	9,7736447973E-5
890	2,4559197842E-5	9,7749303497E-5
891	2,4582999225E-5	9,776209896E-5
892	2,4606728021E-5	9,7774835692E-5
893	2,4630383491E-5	9,7787515016E-5
894	2,4653877146E-5	9,7800136557E-5
895	2,4677364199E-5	9,7812696428E-5
896	2,4700817327E-5	9,7825202761E-5
897	2,4724202159E-5	9,7837657329E-5
898	2,4747563265E-5	9,7850060063E-5
899	2,4770856734E-5	9,7862412761E-5
900	2,4794078549E-5	9,7874713313E-5
901	2,4817227771E-5	9,7886961237E-5
902	2,4840258876E-5	9,7899155449E-5
903	2,4863213674E-5	9,7911293762E-5
904	2,4886091926E-5	9,79233774E-5
905	2,4908938297E-5	9,7935406966E-5
906	2,4931718443E-5	9,7947387299E-5
907	2,4954424957E-5	9,7959317158E-5
908	2,4977006904E-5	9,7971194386E-5
909	2,4999563037E-5	9,7983018249E-5
910	2,5022055077E-5	9,7994794277E-5
911	2,5044477963E-5	9,8006520997E-5
912	2,5066830291E-5	9,8018198093E-5
913	2,5089111734E-5	9,8029825396E-5
914	2,5111372282E-5	9,8041404489E-5
915	2,5133566417E-5	9,8052936963E-5
916	2,5155691396E-5	9,8064420686E-5
917	2,5177695529E-5	9,8075854494E-5
918	2,519962533E-5	9,808723586E-5
919	2,5221483831E-5	9,8098567118E-5
920	2,5243271975E-5	9,8109849026E-5
921	2,5265042618E-5	9,8121082707E-5
922	2,5286748094E-5	9,8132270596E-5
923	2,5308385555E-5	9,8143410575E-5
924	2,5329954331E-5	9,8154502005E-5
925	2,5351514395E-5	9,8165544828E-5
926	2,5373005666E-5	9,8176541646E-5
927	2,5394428299E-5	9,818749153E-5
928	2,5415782447E-5	9,8198394021E-5
929	2,5437068255E-5	9,8209248837E-5
930	2,5458361221E-5	9,8220056613E-5
931	2,5479585943E-5	9,8230819647E-5
932	2,5500742666E-5	9,8241536561E-5
933	2,5521831493E-5	9,8252207104E-5
934	2,5542852554E-5	9,8262831326E-5
935	2,5563805992E-5	9,8273409582E-5
936	2,5584691956E-5	9,8283941513E-5
937	2,5605510597E-5	9,8294427181E-5
938	2,5626262065E-5	9,8304866683E-5
939	2,5646946511E-5	9,8315260163E-5
940	2,5667564087E-5	9,8325607769E-5
941	2,5688114943E-5	9,8335909409E-5
942	2,570859923E-5	9,8346165179E-5
943	2,5729017098E-5	9,8356375163E-5
944	2,5749368697E-5	9,8366539465E-5
945	2,5769654178E-5	9,8376658405E-5
946	2,5789873689E-5	9,8386731836E-5
947	2,581002738E-5	9,839676003E-5
948	2,58301154E-5	9,840674359E-5
949	2,5850137897E-5	9,841668188E-5
950	2,5870155865E-5	9,8426575998E-5
951	2,5890108448E-5	9,8436428142E-5
952	2,5909995878E-5	9,8446237008E-5
953	2,5929818263E-5	9,8456002371E-5
954	2,5949575729E-5	9,8465724432E-5
955	2,5969338323E-5	9,8475402326E-5
956	2,5986768631E-5	9,8486833849E-5
957	2,6006178661E-5	9,8496524347E-5
958	2,6025671181E-5	9,8506089259E-5
959	2,6045175724E-5	9,8515603857E-5
960	2,6064617015E-5	9,8525075391E-5
961	2,6083924796E-5	9,8534500731E-5
962	2,6103232408E-5	9,8543880862E-5
963	2,6122480563E-5	9,8553221117E-5
964	2,6141666229E-5	9,8562520496E-5
965	2,6160788827E-5	9,8571778054E-5
966	2,6179848291E-5	9,8580994145E-5
967	2,6198844702E-5	9,8590168887E-5
968	2,621778112E-5	9,8599304395E-5
969	2,6236658651E-5	9,8608401453E-5
970	2,6255477697E-5	9,8617460646E-5
971	2,6274238469E-5	9,8626482073E-5
972	2,6293031072E-5	9,863546567E-5
973	2,631182321E-5	9,8644414021E-5
974	2,6330557295E-5	9,8653327401E-5
975	2,6349233429E-5	9,8662205314E-5
976	2,6367851704E-5	9,8671047187E-5
977	2,6386412225E-5	9,8679852923E-5
978	2,640491511E-5	9,8688622661E-5
979	2,6423360479E-5	9,8697356565E-5
980	2,6441748457E-5	9,8706054571E-5
981	2,6460091292E-5	9,8714723359E-5
982	2,6478372819E-5	9,8723353565E-5
983	2,6496592981E-5	9,8731947095E-5
984	2,651475415E-5	9,8740504859E-5
985	2,6532894755E-5	9,8749033949E-5
986	2,6550974163E-5	9,8757524681E-5
987	2,6568992541E-5	9,876597887E-5
988	2,6586952351E-5	9,8774397662E-5
989	2,6604867006E-5	9,8782787799E-5
990	2,6622720972E-5	9,8791139665E-5
991	2,6640514421E-5	9,8799455499E-5
992	2,6658261893E-5	9,880774289E-5
993	2,6675948498E-5	9,8815992407E-5
994	2,6693574719E-5	9,8824206459E-5
995	2,6711155201E-5	9,8832392258E-5
996	2,6728675159E-5	9,8840540179E-5
997	2,6746135098E-5	9,8848652751E-5
998	2,6763549631E-5	9,8856737296E-5
999	2,6780904018E-5	9,8864784929E-5
1000	2,6799134759E-5	9,8872189907E-5
