0 3 6 iAF1260.cmd 1E-10
0 3 6 iJN1463.cmd 1E-8
0 8 7 iAF1260.cmd 1E-10
0 8 7 iJN1463.cmd 1E-8
0 7 11 iAF1260.cmd 1E-10
0 7 11 iJN1463.cmd 1E-8
0 14 1 iAF1260.cmd 1E-10
0 14 1 iJN1463.cmd 1E-8
0 8 4 iAF1260.cmd 1E-10
0 8 4 iJN1463.cmd 1E-8
0 9 8 iAF1260.cmd 1E-10
0 9 8 iJN1463.cmd 1E-8
0 10 2 iAF1260.cmd 1E-10
0 10 2 iJN1463.cmd 1E-8
0 6 8 iAF1260.cmd 1E-10
0 6 8 iJN1463.cmd 1E-8
0 10 3 iAF1260.cmd 1E-10
0 10 3 iJN1463.cmd 1E-8
0 5 14 iAF1260.cmd 1E-10
0 5 14 iJN1463.cmd 1E-8
0 9 10 iAF1260.cmd 1E-10
0 9 10 iJN1463.cmd 1E-8
0 2 10 iAF1260.cmd 1E-10
0 2 10 iJN1463.cmd 1E-8
0 1 6 iAF1260.cmd 1E-10
0 1 6 iJN1463.cmd 1E-8
0 13 14 iAF1260.cmd 1E-10
0 13 14 iJN1463.cmd 1E-8
0 8 5 iAF1260.cmd 1E-10
0 8 5 iJN1463.cmd 1E-8
500 3 6 iAF1260.cmd 3,1913575054E-7
500 3 6 iJN1463.cmd 7,7739873073E-7
500 8 7 iAF1260.cmd 7,5770574305E-8
500 8 7 iJN1463.cmd 4,9727372207E-7
500 7 11 iAF1260.cmd 1,1245767234E-7
500 7 11 iJN1463.cmd 4,9633647859E-7
500 14 1 iAF1260.cmd 1,9122705703E-8
500 14 1 iJN1463.cmd 2,8020186629E-7
500 8 4 iAF1260.cmd 8,5987581463E-8
500 8 4 iJN1463.cmd 4,5342975291E-7
500 9 8 iAF1260.cmd 6,0038402124E-8
500 9 8 iJN1463.cmd 4,3823710012E-7
500 10 2 iAF1260.cmd 4,4793687384E-8
500 10 2 iJN1463.cmd 3,5684964977E-7
500 6 8 iAF1260.cmd 9,4593480127E-8
500 6 8 iJN1463.cmd 3,8541089902E-7
500 10 3 iAF1260.cmd 4,5574872105E-8
500 10 3 iJN1463.cmd 3,7133001406E-7
500 5 14 iAF1260.cmd 3,5784958747E-8
500 5 14 iJN1463.cmd 1,7297843791E-7
500 9 10 iAF1260.cmd 7,7467542158E-8
500 9 10 iJN1463.cmd 5,4697158895E-7
500 2 10 iAF1260.cmd 6,1710771502E-7
500 2 10 iJN1463.cmd 1,0985779581E-6
500 1 6 iAF1260.cmd 5,7370161353E-7
500 1 6 iJN1463.cmd 1,0019882302E-6
500 13 14 iAF1260.cmd 1,4523742456E-10
500 13 14 iJN1463.cmd 3,3435813318E-8
500 8 5 iAF1260.cmd 8,6175644418E-8
500 8 5 iJN1463.cmd 4,3989720623E-7
500 0 6 iAF1260.cmd 2,3018574125E-7
500 0 6 iJN1463.cmd 6,3752958935E-7
500 1 5 iAF1260.cmd 5,0554438204E-7
500 1 5 iJN1463.cmd 9,0970415699E-7
500 1 7 iAF1260.cmd 5,8434200497E-7
500 1 7 iJN1463.cmd 1,0283315678E-6
500 1 10 iAF1260.cmd 5,4466883221E-7
500 1 10 iJN1463.cmd 9,4063358996E-7
500 2 11 iAF1260.cmd 5,7859986118E-7
500 2 11 iJN1463.cmd 1,0268891685E-6
500 3 5 iAF1260.cmd 3,7084421848E-7
500 3 5 iJN1463.cmd 8,0587147216E-7
500 3 10 iAF1260.cmd 5,449564377E-7
500 3 10 iJN1463.cmd 1,0122967062E-6
500 4 6 iAF1260.cmd 2,174246884E-7
500 4 6 iJN1463.cmd 5,5398020634E-7
500 4 14 iAF1260.cmd 3,354881606E-8
500 4 14 iJN1463.cmd 1,6881542939E-7
500 5 8 iAF1260.cmd 1,058918086E-7
500 5 8 iJN1463.cmd 3,5628779621E-7
500 5 13 iAF1260.cmd 1,3079022702E-7
500 5 13 iJN1463.cmd 3,3027155868E-7
500 6 7 iAF1260.cmd 1,0930077846E-7
500 6 7 iJN1463.cmd 3,7986033383E-7
500 6 9 iAF1260.cmd 8,9542455431E-8
500 6 9 iJN1463.cmd 3,6813013544E-7
500 6 14 iAF1260.cmd 3,5731005646E-8
500 6 14 iJN1463.cmd 1,5444264589E-7
500 7 4 iAF1260.cmd 1,0378944092E-7
500 7 4 iJN1463.cmd 4,2699745414E-7
500 7 5 iAF1260.cmd 1,0031831109E-7
500 7 5 iJN1463.cmd 4,1710511658E-7
500 7 8 iAF1260.cmd 8,3957525002E-8
500 7 8 iJN1463.cmd 4,3095006792E-7
500 7 10 iAF1260.cmd 9,0156311171E-8
500 7 10 iJN1463.cmd 4,5402605493E-7
500 7 12 iAF1260.cmd 1,1541466735E-7
500 7 12 iJN1463.cmd 3,5263605775E-7
500 8 3 iAF1260.cmd 7,3664407443E-8
500 8 3 iJN1463.cmd 4,6756997775E-7
500 8 6 iAF1260.cmd 8,191675336E-8
500 8 6 iJN1463.cmd 4,4467113976E-7
500 8 8 iAF1260.cmd 7,4601371589E-8
500 8 8 iJN1463.cmd 4,7141034388E-7
500 8 10 iAF1260.cmd 8,4342491225E-8
500 8 10 iJN1463.cmd 5,0090412046E-7
500 9 3 iAF1260.cmd 6,0591014536E-8
500 9 3 iJN1463.cmd 4,3559935408E-7
500 9 4 iAF1260.cmd 6,2976475118E-8
500 9 4 iJN1463.cmd 4,0665174441E-7
500 9 5 iAF1260.cmd 6,1810749784E-8
500 9 5 iJN1463.cmd 3,7738283068E-7
500 9 7 iAF1260.cmd 6,5602642721E-8
500 9 7 iJN1463.cmd 4,6714272834E-7
500 9 9 iAF1260.cmd 6,2690683781E-8
500 9 9 iJN1463.cmd 4,4793123161E-7
500 10 1 iAF1260.cmd 4,2389950515E-8
500 10 1 iJN1463.cmd 2,6028473754E-7
500 10 4 iAF1260.cmd 4,2342544269E-8
500 10 4 iJN1463.cmd 3,1798832783E-7
500 10 8 iAF1260.cmd 3,6944210721E-8
500 10 8 iJN1463.cmd 2,943598722E-7
500 11 2 iAF1260.cmd 3,2144634755E-8
500 11 2 iJN1463.cmd 2,7598920184E-7
500 11 3 iAF1260.cmd 2,9618286945E-8
500 11 3 iJN1463.cmd 2,6455709128E-7
500 12 14 iAF1260.cmd 0E0
500 12 14 iJN1463.cmd 2,9799144749E-8
500 13 1 iAF1260.cmd 1,803257299E-8
500 13 1 iJN1463.cmd 2,2707512523E-7
500 13 13 iAF1260.cmd 0E0
500 13 13 iJN1463.cmd 4,8722060818E-8
500 14 0 iAF1260.cmd 1,9746126293E-8
500 14 0 iJN1463.cmd 2,8787045773E-7
500 14 2 iAF1260.cmd 1,4466428728E-8
500 14 2 iJN1463.cmd 2,1607227515E-7
500 14 14 iAF1260.cmd 0E0
500 14 14 iJN1463.cmd 3,0438202957E-8
500 8 9 iAF1260.cmd 7,5963044277E-8
500 8 9 iJN1463.cmd 4,6151489878E-7
500 9 6 iAF1260.cmd 6,1331932016E-8
500 9 6 iJN1463.cmd 3,8822844125E-7
500 7 9 iAF1260.cmd 8,0966494727E-8
500 7 9 iJN1463.cmd 4,2206662705E-7
500 7 6 iAF1260.cmd 9,4763368833E-8
500 7 6 iJN1463.cmd 4,0625675947E-7
500 10 9 iAF1260.cmd 3,6772268571E-8
500 10 9 iJN1463.cmd 2,8526341879E-7
500 1 11 iAF1260.cmd 5,1464545533E-7
500 1 11 iJN1463.cmd 8,8750057185E-7
500 2 5 iAF1260.cmd 4,9434789602E-7
500 2 5 iJN1463.cmd 9,3918100493E-7
500 3 11 iAF1260.cmd 4,4147795674E-7
500 3 11 iJN1463.cmd 8,3387832112E-7
500 4 5 iAF1260.cmd 2,3900950147E-7
500 4 5 iJN1463.cmd 5,6782035275E-7
500 6 10 iAF1260.cmd 9,4351610534E-8
500 6 10 iJN1463.cmd 3,6856175758E-7
500 10 5 iAF1260.cmd 3,9061355118E-8
500 10 5 iJN1463.cmd 2,672343355E-7
500 11 1 iAF1260.cmd 3,078459834E-8
500 11 1 iJN1463.cmd 2,2595374654E-7
500 11 4 iAF1260.cmd 2,4562881743E-8
500 11 4 iJN1463.cmd 2,0763176765E-7
500 13 0 iAF1260.cmd 1,7965970581E-8
500 13 0 iJN1463.cmd 2,2525988013E-7
500 0 5 iAF1260.cmd 1,987744435E-7
500 0 5 iJN1463.cmd 5,6460917486E-7
500 0 7 iAF1260.cmd 2,2270983734E-7
500 0 7 iJN1463.cmd 6,2125145962E-7
500 5 7 iAF1260.cmd 1,2533165281E-7
500 5 7 iJN1463.cmd 3,833274697E-7
500 5 9 iAF1260.cmd 1,0066992837E-7
500 5 9 iJN1463.cmd 3,3823089884E-7
500 13 2 iAF1260.cmd 1,4939049765E-8
500 13 2 iJN1463.cmd 1,90473981E-7
500 4 7 iAF1260.cmd 1,4723706238E-7
500 4 7 iJN1463.cmd 4,1301917389E-7
500 5 6 iAF1260.cmd 1,5343396626E-7
500 5 6 iJN1463.cmd 4,2847260352E-7
500 6 4 iAF1260.cmd 1,2555366716E-7
500 6 4 iJN1463.cmd 3,9156163006E-7
500 12 2 iAF1260.cmd 2,0114894355E-8
500 12 2 iJN1463.cmd 2,0154396659E-7
500 3 9 iAF1260.cmd 5,1793202801E-7
500 3 9 iJN1463.cmd 9,8496878387E-7
500 6 5 iAF1260.cmd 1,2479504879E-7
500 6 5 iJN1463.cmd 3,9547625525E-7
500 6 6 iAF1260.cmd 1,1705895732E-7
500 6 6 iJN1463.cmd 3,8822616981E-7
500 6 12 iAF1260.cmd 1,4189928624E-7
500 6 12 iJN1463.cmd 3,5957733469E-7
500 7 13 iAF1260.cmd 9,4556188981E-8
500 7 13 iJN1463.cmd 2,437378112E-7
500 8 12 iAF1260.cmd 8,4299583896E-8
500 8 12 iJN1463.cmd 2,2888655507E-7
500 9 1 iAF1260.cmd 4,2817230252E-8
500 9 1 iJN1463.cmd 2,1244438254E-7
500 10 0 iAF1260.cmd 3,468336685E-8
500 10 0 iJN1463.cmd 2,0113811308E-7
500 12 1 iAF1260.cmd 2,0860279528E-8
500 12 1 iJN1463.cmd 1,9740068218E-7
500 12 3 iAF1260.cmd 1,6495106257E-8
500 12 3 iJN1463.cmd 1,6844886822E-7
500 14 3 iAF1260.cmd 7,9295385832E-9
500 14 3 iJN1463.cmd 1,2894154846E-7
500 0 10 iAF1260.cmd 1,9774527196E-7
500 0 10 iJN1463.cmd 5,3218924592E-7
500 1 4 iAF1260.cmd 4,4043252809E-7
500 1 4 iJN1463.cmd 8,1487545896E-7
500 1 8 iAF1260.cmd 5,5459169203E-7
500 1 8 iJN1463.cmd 9,8259375879E-7
500 1 9 iAF1260.cmd 5,3370378958E-7
500 1 9 iJN1463.cmd 9,1668960054E-7
500 2 7 iAF1260.cmd 6,7446396591E-7
500 2 7 iJN1463.cmd 1,203182125E-6
500 4 8 iAF1260.cmd 1,1545264501E-7
500 4 8 iJN1463.cmd 3,5188395236E-7
500 11 8 iAF1260.cmd 1,7738425965E-8
500 11 8 iJN1463.cmd 1,5014721789E-7
500 6 13 iAF1260.cmd 1,147388454E-7
500 6 13 iJN1463.cmd 2,8330375949E-7
500 10 6 iAF1260.cmd 4,1822044992E-8
500 10 6 iJN1463.cmd 2,7340032825E-7
500 12 13 iAF1260.cmd 0E0
500 12 13 iJN1463.cmd 4,7831891252E-8
500 14 13 iAF1260.cmd 0E0
500 14 13 iJN1463.cmd 4,0426500058E-8
500 4 13 iAF1260.cmd 1,4916307747E-7
500 4 13 iJN1463.cmd 3,7476647441E-7
500 5 12 iAF1260.cmd 1,7012752643E-7
500 5 12 iJN1463.cmd 4,0837171418E-7
500 5 5 iAF1260.cmd 1,65314761E-7
500 5 5 iJN1463.cmd 4,3739120361E-7
500 5 10 iAF1260.cmd 1,1866619275E-7
500 5 10 iJN1463.cmd 3,4969833627E-7
500 11 5 iAF1260.cmd 2,0360059252E-8
500 11 5 iJN1463.cmd 1,588212038E-7
500 11 9 iAF1260.cmd 1,5154655035E-8
500 11 9 iJN1463.cmd 1,2582440082E-7
500 13 3 iAF1260.cmd 9,8213557302E-9
500 13 3 iJN1463.cmd 1,2882947325E-7
500 2 4 iAF1260.cmd 4,7136393056E-7
500 2 4 iJN1463.cmd 9,0444870716E-7
500 11 0 iAF1260.cmd 2,685684841E-8
500 11 0 iJN1463.cmd 1,8045020097E-7
500 12 0 iAF1260.cmd 1,9266466057E-8
500 12 0 iJN1463.cmd 1,7688880832E-7
500 12 4 iAF1260.cmd 1,1649677565E-8
500 12 4 iJN1463.cmd 1,1659222034E-7
500 0 4 iAF1260.cmd 1,546584376E-7
500 0 4 iJN1463.cmd 4,5835790762E-7
500 0 8 iAF1260.cmd 2,0062125896E-7
500 0 8 iJN1463.cmd 5,6788995939E-7
500 0 11 iAF1260.cmd 1,7891469563E-7
500 0 11 iJN1463.cmd 4,866197844E-7
500 3 12 iAF1260.cmd 3,2649439745E-7
500 3 12 iJN1463.cmd 6,5647178356E-7
500 4 4 iAF1260.cmd 1,89665887E-7
500 4 4 iJN1463.cmd 4,7170868107E-7
500 4 11 iAF1260.cmd 2,7866632306E-7
500 4 11 iJN1463.cmd 5,7862937967E-7
500 1 12 iAF1260.cmd 4,3928752667E-7
500 1 12 iJN1463.cmd 7,6563937012E-7
500 8 13 iAF1260.cmd 6,9466577821E-8
500 8 13 iJN1463.cmd 1,7382892247E-7
500 9 0 iAF1260.cmd 3,9404408059E-8
500 9 0 iJN1463.cmd 1,9090560641E-7
500 0 9 iAF1260.cmd 1,9380995232E-7
500 0 9 iJN1463.cmd 5,3491390051E-7
500 2 8 iAF1260.cmd 6,4511438494E-7
500 2 8 iJN1463.cmd 1,1773852714E-6
500 5 4 iAF1260.cmd 1,5333965469E-7
500 5 4 iJN1463.cmd 4,1346558073E-7
500 7 14 iAF1260.cmd 3,1763245379E-8
500 7 14 iJN1463.cmd 1,3042748489E-7
500 6 3 iAF1260.cmd 1,1828318493E-7
500 6 3 iJN1463.cmd 3,6205806188E-7
500 8 1 iAF1260.cmd 4,2866963409E-8
500 8 1 iJN1463.cmd 1,9671774374E-7
500 9 12 iAF1260.cmd 5,2384196479E-8
500 9 12 iJN1463.cmd 1,3902609675E-7
500 14 4 iAF1260.cmd 2,436298929E-9
500 14 4 iJN1463.cmd 6,322675365E-8
500 1 3 iAF1260.cmd 3,770420623E-7
500 1 3 iJN1463.cmd 7,3099366951E-7
500 11 7 iAF1260.cmd 6,1763980211E-9
500 11 7 iJN1463.cmd 6,7934427842E-8
500 4 12 iAF1260.cmd 2,2838083888E-7
500 4 12 iJN1463.cmd 5,0613044518E-7
500 5 11 iAF1260.cmd 1,7989276211E-7
500 5 11 iJN1463.cmd 4,2621316139E-7
500 12 5 iAF1260.cmd 7,0216118231E-9
500 12 5 iJN1463.cmd 7,1556210316E-8
500 13 4 iAF1260.cmd 4,9194652028E-9
500 13 4 iJN1463.cmd 7,3424266067E-8
500 0 12 iAF1260.cmd 1,3699317299E-7
500 0 12 iJN1463.cmd 3,9928623842E-7
500 11 10 iAF1260.cmd 4,3348146949E-9
500 11 10 iJN1463.cmd 5,466651785E-8
500 12 9 iAF1260.cmd 4,2549869282E-9
500 12 9 iJN1463.cmd 5,8233345508E-8
500 2 3 iAF1260.cmd 3,7516640125E-7
500 2 3 iJN1463.cmd 7,8603051151E-7
500 11 13 iAF1260.cmd 0E0
500 11 13 iJN1463.cmd 4,4978133999E-8
500 14 12 iAF1260.cmd 0E0
500 14 12 iJN1463.cmd 2,9336903867E-8
500 8 0 iAF1260.cmd 4,0982415968E-8
500 8 0 iJN1463.cmd 1,9105525084E-7
500 9 13 iAF1260.cmd 4,9004300966E-8
500 9 13 iJN1463.cmd 1,2260105613E-7
500 0 3 iAF1260.cmd 1,0639171633E-7
500 0 3 iJN1463.cmd 3,3510529258E-7
500 8 14 iAF1260.cmd 2,2845228059E-8
500 8 14 iJN1463.cmd 9,3161823949E-8
500 4 3 iAF1260.cmd 1,7044626454E-7
500 4 3 iJN1463.cmd 4,6903498469E-7
500 1 13 iAF1260.cmd 3,0987541883E-7
500 1 13 iJN1463.cmd 5,9958209686E-7
500 5 3 iAF1260.cmd 1,3655648285E-7
500 5 3 iJN1463.cmd 3,9902166437E-7
500 6 2 iAF1260.cmd 8,9397551522E-8
500 6 2 iJN1463.cmd 3,2263809139E-7
500 10 12 iAF1260.cmd 2,1460613223E-8
500 10 12 iJN1463.cmd 7,3409717457E-8
500 7 1 iAF1260.cmd 4,2426484205E-8
500 7 1 iJN1463.cmd 2,116891261E-7
500 12 7 iAF1260.cmd 0E0
500 12 7 iJN1463.cmd 2,6375626302E-8
500 13 5 iAF1260.cmd 1,3865495028E-9
500 13 5 iJN1463.cmd 3,7337876097E-8
500 14 5 iAF1260.cmd 0E0
500 14 5 iJN1463.cmd 2,736584147E-8
500 3 3 iAF1260.cmd 2,2703546352E-7
500 3 3 iJN1463.cmd 5,8922022005E-7
500 12 10 iAF1260.cmd 0E0
500 12 10 iJN1463.cmd 3,2644874639E-8
500 12 6 iAF1260.cmd 0E0
500 12 6 iJN1463.cmd 2,7730519594E-8
500 0 13 iAF1260.cmd 8,2767589313E-8
500 0 13 iJN1463.cmd 2,8317962012E-7
500 11 14 iAF1260.cmd 0E0
500 11 14 iJN1463.cmd 2,3775438101E-8
500 9 14 iAF1260.cmd 1,3320004986E-8
500 9 14 iJN1463.cmd 5,8514931689E-8
500 5 2 iAF1260.cmd 1,0502362247E-7
500 5 2 iJN1463.cmd 3,7870768583E-7
500 7 0 iAF1260.cmd 3,7856887984E-8
500 7 0 iJN1463.cmd 2,1478257426E-7
500 11 12 iAF1260.cmd 6,9608513025E-9
500 11 12 iJN1463.cmd 4,9498845425E-8
500 1 14 iAF1260.cmd 6,8224275938E-8
500 1 14 iJN1463.cmd 2,4098355168E-7
500 2 13 iAF1260.cmd 2,7794949821E-7
500 2 13 iJN1463.cmd 6,4628945169E-7
500 4 2 iAF1260.cmd 1,2579729225E-7
500 4 2 iJN1463.cmd 4,3581420053E-7
500 11 11 iAF1260.cmd 2,5950119402E-9
500 11 11 iJN1463.cmd 4,061892714E-8
500 7 2 iAF1260.cmd 5,2796692599E-8
500 7 2 iJN1463.cmd 2,5130524619E-7
500 3 14 iAF1260.cmd 1,6511978673E-8
500 3 14 iJN1463.cmd 1,0569260743E-7
500 14 11 iAF1260.cmd 0E0
500 14 11 iJN1463.cmd 1,6420769152E-8
500 0 2 iAF1260.cmd 1,9795587765E-8
500 0 2 iJN1463.cmd 1,0557712895E-7
500 10 11 iAF1260.cmd 7,8949669491E-9
500 10 11 iJN1463.cmd 4,8845043066E-8
500 3 2 iAF1260.cmd 1,4385842606E-7
500 3 2 iJN1463.cmd 4,9277671929E-7
500 13 6 iAF1260.cmd 0E0
500 13 6 iJN1463.cmd 1,6040034981E-8
500 2 14 iAF1260.cmd 5,5472648892E-8
500 2 14 iJN1463.cmd 2,41477003E-7
500 5 1 iAF1260.cmd 6,9105148628E-8
500 5 1 iJN1463.cmd 3,7394170424E-7
500 6 0 iAF1260.cmd 2,6656529045E-8
500 6 0 iJN1463.cmd 2,7183538198E-7
500 0 14 iAF1260.cmd 2,5078596076E-8
500 0 14 iJN1463.cmd 1,3573050577E-7
500 4 1 iAF1260.cmd 7,9078427724E-8
500 4 1 iJN1463.cmd 4,1244873415E-7
500 12 11 iAF1260.cmd 0E0
500 12 11 iJN1463.cmd 2,4858062084E-8
500 3 1 iAF1260.cmd 8,0635780157E-8
500 3 1 iJN1463.cmd 4,5102499806E-7
500 10 14 iAF1260.cmd 1,3639421203E-9
500 10 14 iJN1463.cmd 2,1816052383E-8
500 14 6 iAF1260.cmd 0E0
500 14 6 iJN1463.cmd 1,0838480668E-8
500 13 7 iAF1260.cmd 0E0
500 13 7 iJN1463.cmd 9,0195178453E-9
500 5 0 iAF1260.cmd 3,3583290951E-8
500 5 0 iJN1463.cmd 3,4404531833E-7
500 13 10 iAF1260.cmd 0E0
500 13 10 iJN1463.cmd 1,5304346667E-8
500 4 0 iAF1260.cmd 3,9282221526E-8
500 4 0 iJN1463.cmd 3,9547419939E-7
500 13 11 iAF1260.cmd 0E0
500 13 11 iJN1463.cmd 1,5537005539E-8
500 3 0 iAF1260.cmd 3,6327083495E-8
500 3 0 iJN1463.cmd 4,3438548751E-7
500 2 1 iAF1260.cmd 3,3720290922E-8
500 2 1 iJN1463.cmd 4,6045933763E-7
500 0 1 iAF1260.cmd 2,1829449593E-9
500 0 1 iJN1463.cmd 8,9519329155E-8
500 14 10 iAF1260.cmd 0E0
500 14 10 iJN1463.cmd 9,1398988563E-9
500 2 0 iAF1260.cmd 1,0816489264E-8
500 2 0 iJN1463.cmd 4,4785886827E-7
500 1 1 iAF1260.cmd 4,7529214445E-9
500 1 1 iJN1463.cmd 4,0438184695E-7
500 1 0 iAF1260.cmd 3,5223826375E-10
500 1 0 iJN1463.cmd 3,8373012339E-7
500 0 0 iAF1260.cmd 0E0
500 0 0 iJN1463.cmd 7,169155396E-8
500 14 7 iAF1260.cmd 0E0
500 14 7 iJN1463.cmd 4,280000257E-9
500 13 8 iAF1260.cmd 0E0
500 13 8 iJN1463.cmd 0E0
500 14 8 iAF1260.cmd 0E0
500 14 8 iJN1463.cmd 0E0
500 14 9 iAF1260.cmd 0E0
500 14 9 iJN1463.cmd 0E0
1000 3 6 iAF1260.cmd 4,5320109709E-7
1000 3 6 iJN1463.cmd 6,4924409614E-7
1000 8 7 iAF1260.cmd 1,1106222894E-7
1000 8 7 iJN1463.cmd 4,1769584994E-7
1000 7 11 iAF1260.cmd 1,8068400497E-7
1000 7 11 iJN1463.cmd 3,8038515686E-7
1000 14 1 iAF1260.cmd 2,1344607415E-8
1000 14 1 iJN1463.cmd 2,1601625285E-7
1000 8 4 iAF1260.cmd 1,290402206E-7
1000 8 4 iJN1463.cmd 4,0112778004E-7
1000 9 8 iAF1260.cmd 8,9838676917E-8
1000 9 8 iJN1463.cmd 3,7755793378E-7
1000 10 2 iAF1260.cmd 5,519305032E-8
1000 10 2 iJN1463.cmd 2,6448486227E-7
1000 6 8 iAF1260.cmd 1,8022967267E-7
1000 6 8 iJN1463.cmd 4,0505484316E-7
1000 10 3 iAF1260.cmd 6,0909289992E-8
1000 10 3 iJN1463.cmd 2,9798277893E-7
1000 5 14 iAF1260.cmd 1,6510333384E-7
1000 5 14 iJN1463.cmd 2,9783438863E-7
1000 9 10 iAF1260.cmd 1,0981799916E-7
1000 9 10 iJN1463.cmd 4,3561791584E-7
1000 2 10 iAF1260.cmd 8,0351566184E-7
1000 2 10 iJN1463.cmd 9,5401233074E-7
1000 1 6 iAF1260.cmd 6,9217252353E-7
1000 1 6 iJN1463.cmd 8,9443813946E-7
1000 13 14 iAF1260.cmd 5,2938236282E-10
1000 13 14 iJN1463.cmd 4,0711694235E-8
1000 8 5 iAF1260.cmd 1,3258571037E-7
1000 8 5 iJN1463.cmd 4,0061514464E-7
1000 0 6 iAF1260.cmd 5,4699627975E-7
1000 0 6 iJN1463.cmd 8,3136847061E-7
1000 1 5 iAF1260.cmd 6,522777161E-7
1000 1 5 iJN1463.cmd 8,327144314E-7
1000 1 7 iAF1260.cmd 7,645548865E-7
1000 1 7 iJN1463.cmd 9,6970326239E-7
1000 1 10 iAF1260.cmd 7,2144744602E-7
1000 1 10 iJN1463.cmd 8,9427940601E-7
1000 2 11 iAF1260.cmd 7,6807963164E-7
1000 2 11 iJN1463.cmd 9,0814218863E-7
1000 3 5 iAF1260.cmd 5,2046866957E-7
1000 3 5 iJN1463.cmd 7,0265956066E-7
1000 3 10 iAF1260.cmd 7,9294371999E-7
1000 3 10 iJN1463.cmd 9,5485145507E-7
1000 4 6 iAF1260.cmd 3,4700547155E-7
1000 4 6 iJN1463.cmd 5,3723481833E-7
1000 4 14 iAF1260.cmd 1,8176542026E-7
1000 4 14 iJN1463.cmd 3,2166093668E-7
1000 5 8 iAF1260.cmd 2,065430285E-7
1000 5 8 iJN1463.cmd 4,0471467135E-7
1000 5 13 iAF1260.cmd 2,5753542508E-7
1000 5 13 iJN1463.cmd 3,7180372918E-7
1000 6 7 iAF1260.cmd 2,0653025355E-7
1000 6 7 iJN1463.cmd 4,1348352009E-7
1000 6 9 iAF1260.cmd 1,781544482E-7
1000 6 9 iJN1463.cmd 4,0486524533E-7
1000 6 14 iAF1260.cmd 1,3792278557E-7
1000 6 14 iJN1463.cmd 2,6033736985E-7
1000 7 4 iAF1260.cmd 1,8681527642E-7
1000 7 4 iJN1463.cmd 4,187291785E-7
1000 7 5 iAF1260.cmd 1,8165512616E-7
1000 7 5 iJN1463.cmd 4,1841496719E-7
1000 7 8 iAF1260.cmd 1,4501220842E-7
1000 7 8 iJN1463.cmd 4,147047E-7
1000 7 10 iAF1260.cmd 1,6245378216E-7
1000 7 10 iJN1463.cmd 4,1654211937E-7
1000 7 12 iAF1260.cmd 1,8148268861E-7
1000 7 12 iJN1463.cmd 3,0947099331E-7
1000 8 3 iAF1260.cmd 1,0622433103E-7
1000 8 3 iJN1463.cmd 4,0185831355E-7
1000 8 6 iAF1260.cmd 1,2742892418E-7
1000 8 6 iJN1463.cmd 4,073950093E-7
1000 8 8 iAF1260.cmd 1,1493949346E-7
1000 8 8 iJN1463.cmd 4,1458046963E-7
1000 8 10 iAF1260.cmd 1,2969860053E-7
1000 8 10 iJN1463.cmd 4,3701549811E-7
1000 9 3 iAF1260.cmd 8,5590872185E-8
1000 9 3 iJN1463.cmd 3,6554531993E-7
1000 9 4 iAF1260.cmd 9,2807047839E-8
1000 9 4 iJN1463.cmd 3,6235834081E-7
1000 9 5 iAF1260.cmd 9,6326597845E-8
1000 9 5 iJN1463.cmd 3,6278464592E-7
1000 9 7 iAF1260.cmd 9,7306550237E-8
1000 9 7 iJN1463.cmd 4,0077501233E-7
1000 9 9 iAF1260.cmd 9,3797715976E-8
1000 9 9 iJN1463.cmd 3,8614686256E-7
1000 10 1 iAF1260.cmd 6,3464248922E-8
1000 10 1 iJN1463.cmd 2,3588127765E-7
1000 10 4 iAF1260.cmd 6,4295934641E-8
1000 10 4 iJN1463.cmd 2,9863241243E-7
1000 10 8 iAF1260.cmd 5,9692924386E-8
1000 10 8 iJN1463.cmd 2,810781264E-7
1000 11 2 iAF1260.cmd 4,2892175131E-8
1000 11 2 iJN1463.cmd 2,3781106687E-7
1000 11 3 iAF1260.cmd 4,2091925357E-8
1000 11 3 iJN1463.cmd 2,3968366747E-7
1000 12 14 iAF1260.cmd 3,2715514276E-9
1000 12 14 iJN1463.cmd 4,3287339713E-8
1000 13 1 iAF1260.cmd 2,5128802083E-8
1000 13 1 iJN1463.cmd 2,1339267468E-7
1000 13 13 iAF1260.cmd 0E0
1000 13 13 iJN1463.cmd 4,3570150441E-8
1000 14 0 iAF1260.cmd 2,2867441267E-8
1000 14 0 iJN1463.cmd 2,3000861941E-7
1000 14 2 iAF1260.cmd 1,8346575767E-8
1000 14 2 iJN1463.cmd 1,8699527307E-7
1000 14 14 iAF1260.cmd 0E0
1000 14 14 iJN1463.cmd 3,8646310575E-8
1000 8 9 iAF1260.cmd 1,2056017281E-7
1000 8 9 iJN1463.cmd 4,2101020954E-7
1000 9 6 iAF1260.cmd 9,7926132386E-8
1000 9 6 iJN1463.cmd 3,7876376342E-7
1000 7 9 iAF1260.cmd 1,4955727853E-7
1000 7 9 iJN1463.cmd 4,1682693291E-7
1000 7 6 iAF1260.cmd 1,7420642259E-7
1000 7 6 iJN1463.cmd 4,1773972365E-7
1000 10 9 iAF1260.cmd 6,0336053E-8
1000 10 9 iJN1463.cmd 2,782731917E-7
1000 1 11 iAF1260.cmd 6,9520066381E-7
1000 1 11 iJN1463.cmd 8,5094355913E-7
1000 2 5 iAF1260.cmd 6,6061137078E-7
1000 2 5 iJN1463.cmd 8,2041652794E-7
1000 3 11 iAF1260.cmd 6,7210660248E-7
1000 3 11 iJN1463.cmd 8,1459471729E-7
1000 4 5 iAF1260.cmd 3,8807186129E-7
1000 4 5 iJN1463.cmd 5,6744107875E-7
1000 6 10 iAF1260.cmd 1,9180404762E-7
1000 6 10 iJN1463.cmd 4,1215236001E-7
1000 10 5 iAF1260.cmd 6,7819765268E-8
1000 10 5 iJN1463.cmd 2,9976395981E-7
1000 11 1 iAF1260.cmd 4,6446952632E-8
1000 11 1 iJN1463.cmd 2,2725235067E-7
1000 11 4 iAF1260.cmd 4,1176624806E-8
1000 11 4 iJN1463.cmd 2,2546179958E-7
1000 13 0 iAF1260.cmd 2,6568750109E-8
1000 13 0 iJN1463.cmd 2,2240076874E-7
1000 0 5 iAF1260.cmd 5,0749870454E-7
1000 0 5 iJN1463.cmd 7,7143140918E-7
1000 0 7 iAF1260.cmd 5,8070782119E-7
1000 0 7 iJN1463.cmd 8,7133206092E-7
1000 5 7 iAF1260.cmd 2,3425554304E-7
1000 5 7 iJN1463.cmd 4,2858359078E-7
1000 5 9 iAF1260.cmd 2,0472294385E-7
1000 5 9 iJN1463.cmd 4,0206085709E-7
1000 13 2 iAF1260.cmd 2,229129667E-8
1000 13 2 iJN1463.cmd 1,9236750941E-7
1000 4 7 iAF1260.cmd 2,6504757297E-7
1000 4 7 iJN1463.cmd 4,5363158566E-7
1000 5 6 iAF1260.cmd 2,7394804103E-7
1000 5 6 iJN1463.cmd 4,6679413305E-7
1000 6 4 iAF1260.cmd 2,5027878316E-7
1000 6 4 iJN1463.cmd 4,3613280933E-7
1000 12 2 iAF1260.cmd 3,0647617692E-8
1000 12 2 iJN1463.cmd 2,0923413098E-7
1000 3 9 iAF1260.cmd 8,2849324146E-7
1000 3 9 iJN1463.cmd 1,0135542554E-6
1000 6 5 iAF1260.cmd 2,3720663732E-7
1000 6 5 iJN1463.cmd 4,3837422992E-7
1000 6 6 iAF1260.cmd 2,2052028039E-7
1000 6 6 iJN1463.cmd 4,2990949955E-7
1000 6 12 iAF1260.cmd 2,4329933036E-7
1000 6 12 iJN1463.cmd 3,603227456E-7
1000 7 13 iAF1260.cmd 1,5727067666E-7
1000 7 13 iJN1463.cmd 2,5941680346E-7
1000 8 12 iAF1260.cmd 1,3595850809E-7
1000 8 12 iJN1463.cmd 2,2327444499E-7
1000 9 1 iAF1260.cmd 8,7014326784E-8
1000 9 1 iJN1463.cmd 2,2718725323E-7
1000 10 0 iAF1260.cmd 6,6191002594E-8
1000 10 0 iJN1463.cmd 2,2238843972E-7
1000 12 1 iAF1260.cmd 3,3423619589E-8
1000 12 1 iJN1463.cmd 2,1624870193E-7
1000 12 3 iAF1260.cmd 2,7687429216E-8
1000 12 3 iJN1463.cmd 1,903887035E-7
1000 14 3 iAF1260.cmd 1,4325809301E-8
1000 14 3 iJN1463.cmd 1,4663100221E-7
1000 0 10 iAF1260.cmd 5,4390169718E-7
1000 0 10 iJN1463.cmd 7,9930020441E-7
1000 1 4 iAF1260.cmd 6,3014411233E-7
1000 1 4 iJN1463.cmd 7,8421701468E-7
1000 1 8 iAF1260.cmd 7,6892187052E-7
1000 1 8 iJN1463.cmd 9,68999976E-7
1000 1 9 iAF1260.cmd 7,1825103345E-7
1000 1 9 iJN1463.cmd 9,0806676722E-7
1000 2 7 iAF1260.cmd 9,1158924474E-7
1000 2 7 iJN1463.cmd 1,0905299516E-6
1000 4 8 iAF1260.cmd 2,2573149755E-7
1000 4 8 iJN1463.cmd 4,1323606453E-7
1000 11 8 iAF1260.cmd 3,5336104105E-8
1000 11 8 iJN1463.cmd 1,7879623578E-7
1000 6 13 iAF1260.cmd 2,0450574398E-7
1000 6 13 iJN1463.cmd 3,136838552E-7
1000 10 6 iAF1260.cmd 7,8079847321E-8
1000 10 6 iJN1463.cmd 3,33888004E-7
1000 12 13 iAF1260.cmd 6,5254534946E-9
1000 12 13 iJN1463.cmd 4,608951463E-8
1000 14 13 iAF1260.cmd 0E0
1000 14 13 iJN1463.cmd 3,9278695606E-8
1000 4 13 iAF1260.cmd 3,0376102878E-7
1000 4 13 iJN1463.cmd 4,207994923E-7
1000 5 12 iAF1260.cmd 3,2584885271E-7
1000 5 12 iJN1463.cmd 4,4747129871E-7
1000 5 5 iAF1260.cmd 3,0107842603E-7
1000 5 5 iJN1463.cmd 4,8456157443E-7
1000 5 10 iAF1260.cmd 2,4614254539E-7
1000 5 10 iJN1463.cmd 4,2858482328E-7
1000 11 5 iAF1260.cmd 4,0239796071E-8
1000 11 5 iJN1463.cmd 2,1006670217E-7
1000 11 9 iAF1260.cmd 3,3653989716E-8
1000 11 9 iJN1463.cmd 1,5848294459E-7
1000 13 3 iAF1260.cmd 1,8561636714E-8
1000 13 3 iJN1463.cmd 1,5956320435E-7
1000 2 4 iAF1260.cmd 6,9076469542E-7
1000 2 4 iJN1463.cmd 8,2417193361E-7
1000 11 0 iAF1260.cmd 4,8302688824E-8
1000 11 0 iJN1463.cmd 2,1879221929E-7
1000 12 0 iAF1260.cmd 3,4877070209E-8
1000 12 0 iJN1463.cmd 2,168593625E-7
1000 12 4 iAF1260.cmd 2,4125399712E-8
1000 12 4 iJN1463.cmd 1,6039763273E-7
1000 0 4 iAF1260.cmd 4,5834332467E-7
1000 0 4 iJN1463.cmd 6,9247383644E-7
1000 0 8 iAF1260.cmd 5,8231785198E-7
1000 0 8 iJN1463.cmd 8,6726753134E-7
1000 0 11 iAF1260.cmd 5,105890214E-7
1000 0 11 iJN1463.cmd 7,4317739452E-7
1000 3 12 iAF1260.cmd 5,6816356371E-7
1000 3 12 iJN1463.cmd 7,0170927961E-7
1000 4 4 iAF1260.cmd 3,6237416323E-7
1000 4 4 iJN1463.cmd 5,290407636E-7
1000 4 11 iAF1260.cmd 4,9365397953E-7
1000 4 11 iJN1463.cmd 6,2925707606E-7
1000 1 12 iAF1260.cmd 6,2245204199E-7
1000 1 12 iJN1463.cmd 7,5859223748E-7
1000 8 13 iAF1260.cmd 1,19881731E-7
1000 8 13 iJN1463.cmd 1,9974027854E-7
1000 9 0 iAF1260.cmd 8,8063022729E-8
1000 9 0 iJN1463.cmd 2,2279786641E-7
1000 0 9 iAF1260.cmd 5,5991432131E-7
1000 0 9 iJN1463.cmd 8,3202680856E-7
1000 2 8 iAF1260.cmd 9,1147056396E-7
1000 2 8 iJN1463.cmd 1,0882656277E-6
1000 5 4 iAF1260.cmd 3,0695098023E-7
1000 5 4 iJN1463.cmd 4,7705550474E-7
1000 7 14 iAF1260.cmd 1,0923505653E-7
1000 7 14 iJN1463.cmd 2,1645133384E-7
1000 6 3 iAF1260.cmd 2,7123924595E-7
1000 6 3 iJN1463.cmd 4,2833176446E-7
1000 8 1 iAF1260.cmd 1,1066264259E-7
1000 8 1 iJN1463.cmd 2,3590953888E-7
1000 9 12 iAF1260.cmd 9,6459198751E-8
1000 9 12 iJN1463.cmd 1,5690439262E-7
1000 14 4 iAF1260.cmd 9,8906816177E-9
1000 14 4 iJN1463.cmd 1,0369486532E-7
1000 1 3 iAF1260.cmd 5,9120498277E-7
1000 1 3 iJN1463.cmd 7,2700974681E-7
1000 11 7 iAF1260.cmd 1,8851441005E-8
1000 11 7 iJN1463.cmd 1,0884938908E-7
1000 4 12 iAF1260.cmd 4,297700699E-7
1000 4 12 iJN1463.cmd 5,5353141973E-7
1000 5 11 iAF1260.cmd 3,5404621569E-7
1000 5 11 iJN1463.cmd 4,9897631095E-7
1000 12 5 iAF1260.cmd 1,9084602108E-8
1000 12 5 iJN1463.cmd 1,2399208607E-7
1000 13 4 iAF1260.cmd 1,4276775877E-8
1000 13 4 iJN1463.cmd 1,2088006849E-7
1000 0 12 iAF1260.cmd 4,4619156518E-7
1000 0 12 iJN1463.cmd 6,5024787596E-7
1000 11 10 iAF1260.cmd 2,2947550831E-8
1000 11 10 iJN1463.cmd 8,9914530171E-8
1000 12 9 iAF1260.cmd 2,1530898514E-8
1000 12 9 iJN1463.cmd 1,002286873E-7
1000 2 3 iAF1260.cmd 6,3968132162E-7
1000 2 3 iJN1463.cmd 7,6194236018E-7
1000 11 13 iAF1260.cmd 1,5633107752E-8
1000 11 13 iJN1463.cmd 5,2698110344E-8
1000 14 12 iAF1260.cmd 0E0
1000 14 12 iJN1463.cmd 3,3129172955E-8
1000 8 0 iAF1260.cmd 1,1238915337E-7
1000 8 0 iJN1463.cmd 2,3705208945E-7
1000 9 13 iAF1260.cmd 9,3561365706E-8
1000 9 13 iJN1463.cmd 1,5553567895E-7
1000 0 3 iAF1260.cmd 3,7217194101E-7
1000 0 3 iJN1463.cmd 5,7821266582E-7
1000 8 14 iAF1260.cmd 8,2694410929E-8
1000 8 14 iJN1463.cmd 1,6758816009E-7
1000 4 3 iAF1260.cmd 4,0229800627E-7
1000 4 3 iJN1463.cmd 5,4929548951E-7
1000 1 13 iAF1260.cmd 5,1258415695E-7
1000 1 13 iJN1463.cmd 6,3824008244E-7
1000 5 3 iAF1260.cmd 3,2444828184E-7
1000 5 3 iJN1463.cmd 4,7687325789E-7
1000 6 2 iAF1260.cmd 2,5819104049E-7
1000 6 2 iJN1463.cmd 3,9720205457E-7
1000 10 12 iAF1260.cmd 5,3841217986E-8
1000 10 12 iJN1463.cmd 9,6498070324E-8
1000 7 1 iAF1260.cmd 1,4480937071E-7
1000 7 1 iJN1463.cmd 2,6767322994E-7
1000 12 7 iAF1260.cmd 8,1060565597E-9
1000 12 7 iJN1463.cmd 6,1723532584E-8
1000 13 5 iAF1260.cmd 9,4911520844E-9
1000 13 5 iJN1463.cmd 8,3206953493E-8
1000 14 5 iAF1260.cmd 5,3603216026E-9
1000 14 5 iJN1463.cmd 6,6303587135E-8
1000 3 3 iAF1260.cmd 5,1672293615E-7
1000 3 3 iJN1463.cmd 6,5052904446E-7
1000 12 10 iAF1260.cmd 1,4482935342E-8
1000 12 10 iJN1463.cmd 6,3834633849E-8
1000 12 6 iAF1260.cmd 8,6420598327E-9
1000 12 6 iJN1463.cmd 6,9098351521E-8
1000 0 13 iAF1260.cmd 3,5235873556E-7
1000 0 13 iJN1463.cmd 5,3354890158E-7
1000 11 14 iAF1260.cmd 1,0391253554E-8
1000 11 14 iJN1463.cmd 5,0179088518E-8
1000 9 14 iAF1260.cmd 5,7194767127E-8
1000 9 14 iJN1463.cmd 1,2064848653E-7
1000 5 2 iAF1260.cmd 3,282692535E-7
1000 5 2 iJN1463.cmd 4,7220727027E-7
1000 7 0 iAF1260.cmd 1,5306682485E-7
1000 7 0 iJN1463.cmd 2,7849359972E-7
1000 11 12 iAF1260.cmd 3,0209163106E-8
1000 11 12 iJN1463.cmd 6,8203807175E-8
1000 1 14 iAF1260.cmd 3,0668436438E-7
1000 1 14 iJN1463.cmd 4,6766449091E-7
1000 2 13 iAF1260.cmd 5,3437032367E-7
1000 2 13 iJN1463.cmd 6,3840445014E-7
1000 4 2 iAF1260.cmd 3,9668102109E-7
1000 4 2 iJN1463.cmd 5,424266913E-7
1000 11 11 iAF1260.cmd 2,4046827092E-8
1000 11 11 iJN1463.cmd 6,6352649013E-8
1000 7 2 iAF1260.cmd 1,9112943022E-7
1000 7 2 iJN1463.cmd 3,175581516E-7
1000 3 14 iAF1260.cmd 1,7635236736E-7
1000 3 14 iJN1463.cmd 3,2678317047E-7
1000 14 11 iAF1260.cmd 0E0
1000 14 11 iJN1463.cmd 2,7682674066E-8
1000 0 2 iAF1260.cmd 2,0281360786E-7
1000 0 2 iJN1463.cmd 4,0567344577E-7
1000 10 11 iAF1260.cmd 3,6362806922E-8
1000 10 11 iJN1463.cmd 7,4324054053E-8
1000 3 2 iAF1260.cmd 4,5931636354E-7
1000 3 2 iJN1463.cmd 6,045848291E-7
1000 13 6 iAF1260.cmd 4,064041094E-9
1000 13 6 iJN1463.cmd 4,9362296019E-8
1000 2 14 iAF1260.cmd 2,9761426812E-7
1000 2 14 iJN1463.cmd 4,4819624198E-7
1000 5 1 iAF1260.cmd 3,406145028E-7
1000 5 1 iJN1463.cmd 4,8950678439E-7
1000 6 0 iAF1260.cmd 2,221688434E-7
1000 6 0 iJN1463.cmd 3,5892321268E-7
1000 0 14 iAF1260.cmd 2,4692636811E-7
1000 0 14 iJN1463.cmd 4,2407603455E-7
1000 4 1 iAF1260.cmd 3,9015869904E-7
1000 4 1 iJN1463.cmd 5,446920116E-7
1000 12 11 iAF1260.cmd 1,2490097437E-8
1000 12 11 iJN1463.cmd 4,9030672772E-8
1000 3 1 iAF1260.cmd 4,3917010948E-7
1000 3 1 iJN1463.cmd 6,0053804894E-7
1000 10 14 iAF1260.cmd 2,3924244927E-8
1000 10 14 iJN1463.cmd 7,0597341849E-8
1000 14 6 iAF1260.cmd 1,5370353558E-10
1000 14 6 iJN1463.cmd 3,8273927493E-8
1000 13 7 iAF1260.cmd 1,945325103E-9
1000 13 7 iJN1463.cmd 3,2110890969E-8
1000 5 0 iAF1260.cmd 3,0994983786E-7
1000 5 0 iJN1463.cmd 4,5995907956E-7
1000 13 10 iAF1260.cmd 4,9046298758E-9
1000 13 10 iJN1463.cmd 3,5410793821E-8
1000 4 0 iAF1260.cmd 3,7774231462E-7
1000 4 0 iJN1463.cmd 5,3881124427E-7
1000 13 11 iAF1260.cmd 4,0086200522E-9
1000 13 11 iJN1463.cmd 3,3425001448E-8
1000 3 0 iAF1260.cmd 4,295197695E-7
1000 3 0 iJN1463.cmd 5,9974463637E-7
1000 2 1 iAF1260.cmd 4,4539573553E-7
1000 2 1 iJN1463.cmd 6,1511656455E-7
1000 0 1 iAF1260.cmd 1,9897947887E-7
1000 0 1 iJN1463.cmd 4,0531739896E-7
1000 14 10 iAF1260.cmd 0E0
1000 14 10 iJN1463.cmd 2,2587343108E-8
1000 2 0 iAF1260.cmd 4,4098233976E-7
1000 2 0 iJN1463.cmd 6,1565264812E-7
1000 1 1 iAF1260.cmd 3,7868893476E-7
1000 1 1 iJN1463.cmd 5,489855065E-7
1000 1 0 iAF1260.cmd 3,7539741227E-7
1000 1 0 iJN1463.cmd 5,5029347918E-7
1000 0 0 iAF1260.cmd 1,9342114575E-7
1000 0 0 iJN1463.cmd 4,072748959E-7
1000 14 7 iAF1260.cmd 0E0
1000 14 7 iJN1463.cmd 2,2001096614E-8
1000 14 9 iAF1260.cmd 0E0
1000 14 9 iJN1463.cmd 1,3386070777E-8
1000 13 8 iAF1260.cmd 0E0
1000 13 8 iJN1463.cmd 1,5425244602E-8
1000 14 8 iAF1260.cmd 0E0
1000 14 8 iJN1463.cmd 1,2910568978E-8
