0	1,5E-9	1,5E-7
1	1,5712262512E-9	1,5692517299E-7
2	1,6536031225E-9	1,6421649131E-7
3	1,7645810481E-9	1,7237576459E-7
4	1,8873570343E-9	1,8132404543E-7
5	2,0196944836E-9	1,9107333084E-7
6	2,1619693879E-9	2,0157653663E-7
7	2,3148686284E-9	2,1279989789E-7
8	2,4791067094E-9	2,2474940262E-7
9	2,6554577403E-9	2,3744596718E-7
10	2,8448443766E-9	2,5092627755E-7
11	3,0482040769E-9	2,6523600455E-7
12	3,266575239E-9	2,8042566825E-7
13	3,5010745068E-9	2,9654885199E-7
14	3,7529025573E-9	3,1366238667E-7
15	4,0233503609E-9	3,318265465E-7
16	4,3138059307E-9	3,511052566E-7
17	4,6257615908E-9	3,7156631316E-7
18	4,9608217949E-9	3,9328161699E-7
19	5,3207115392E-9	4,1632742103E-7
20	5,707285408E-9	4,4078459282E-7
21	6,1225373022E-9	4,6673889279E-7
22	6,5686108994E-9	4,9428126927E-7
23	7,0478109003E-9	5,2350817116E-7
24	7,5626151199E-9	5,5457363896E-7
25	8,1156874851E-9	5,8754255885E-7
26	8,709891373E-9	6,2253083922E-7
27	9,3483063543E-9	6,5966142084E-7
28	1,0034242915E-8	6,9906470212E-7
29	1,0771260053E-8	7,409045038E-7
30	1,1560706239E-8	7,8532436541E-7
31	1,2405701476E-8	8,3223766579E-7
32	1,3311401843E-8	8,817303915E-7
33	1,4282583691E-8	9,3396113188E-7
34	1,5323601547E-8	9,8932158797E-7
35	1,6438966779E-8	1,0477586705E-6
36	1,7633290724E-8	1,1092448035E-6
37	1,8911188329E-8	1,173939333E-6
38	2,0277166955E-8	1,2420366471E-6
39	2,1735410054E-8	1,3136896071E-6
40	2,3289401896E-8	1,3889793411E-6
41	2,4941254073E-8	1,4680176766E-6
42	2,6691167934E-8	1,551108684E-6
43	2,8535748994E-8	1,6386127708E-6
44	3,0467831151E-8	1,7305520665E-6
45	3,2481653717E-8	1,8267735656E-6
46	3,4569081556E-8	1,9274001521E-6
47	3,67202822E-8	2,0327144171E-6
48	3,8912571271E-8	2,1430430905E-6
49	4,1103792361E-8	2,2587903388E-6
50	4,3285547574E-8	2,3803247293E-6
51	4,5468242301E-8	2,5079880622E-6
52	4,7666719801E-8	2,6420708485E-6
53	4,9897477205E-8	2,7829035132E-6
54	5,2175766585E-8	2,9308690301E-6
55	5,4514039253E-8	3,0864227797E-6
56	5,6918778314E-8	3,250039725E-6
57	5,940070243E-8	3,4222516064E-6
58	6,1970338348E-8	3,6034965336E-6
59	6,4637870043E-8	3,7943345114E-6
60	6,7462832004E-8	3,9952454215E-6
61	7,0407869386E-8	4,2068306999E-6
62	7,3530785018E-8	4,4296214085E-6
63	7,6791735939E-8	4,664210609E-6
64	8,0180082294E-8	4,9109262335E-6
65	8,37060007E-8	5,1701628431E-6
66	8,7375723192E-8	5,4423167826E-6
67	9,1202141087E-8	5,7280500211E-6
68	9,5190762104E-8	6,0280975634E-6
69	9,9346682558E-8	6,3433325829E-6
70	1,0366266105E-7	6,6741809416E-6
71	1,0812732877E-7	7,0204380134E-6
72	1,1278272278E-7	7,3819533715E-6
73	1,1767255971E-7	7,758608155E-6
74	1,2270345151E-7	8,1504572323E-6
75	1,2790654479E-7	8,5582919297E-6
76	1,3339508141E-7	8,9828277436E-6
77	1,3907633992E-7	9,4249264932E-6
78	1,4509043813E-7	9,8853585091E-6
79	1,5123788815E-7	1,0364601114E-5
80	1,5752798131E-7	1,0862976122E-5
81	1,6396766914E-7	1,1381235289E-5
82	1,7060357145E-7	1,191944723E-5
83	1,7749515359E-7	1,2477439252E-5
84	1,8458087134E-7	1,3055671711E-5
85	1,9186671839E-7	1,3655127578E-5
86	1,9935908419E-7	1,4276428434E-5
87	2,0703214081E-7	1,4919516607E-5
88	2,1483102404E-7	1,5582505427E-5
89	2,2281246033E-7	1,6264614694E-5
90	2,3098979033E-7	1,6966023251E-5
91	2,3936326332E-7	1,768495184E-5
92	2,4788910812E-7	1,8413954109E-5
93	2,5659095078E-7	1,9136934511E-5
94	2,6531211511E-7	1,9850528514E-5
95	2,7427111399E-7	2,0552143202E-5
96	2,8336988604E-7	2,1241293791E-5
97	2,927287888E-7	2,1912957747E-5
98	3,0222759614E-7	2,2559006114E-5
99	3,1190359528E-7	2,3177553346E-5
100	3,2188121464E-7	2,3759150852E-5
101	3,3216087543E-7	2,4296990874E-5
102	3,4272172185E-7	2,4796184719E-5
103	3,5348891734E-7	2,5257744396E-5
104	3,644782022E-7	2,5686231125E-5
105	3,756939643E-7	2,6087212384E-5
106	3,8708248664E-7	2,6460873984E-5
107	3,9875064857E-7	2,6808100993E-5
108	4,1069462568E-7	2,7131655038E-5
109	4,2286480484E-7	2,7433564311E-5
110	4,3511842941E-7	2,7717898474E-5
111	4,4733384194E-7	2,7988162923E-5
112	4,5951301366E-7	2,824589726E-5
113	4,7169472226E-7	2,849332475E-5
114	4,8398073528E-7	2,8732158727E-5
115	4,9627928723E-7	2,8964544843E-5
116	5,0864404184E-7	2,9191594398E-5
117	5,2116436925E-7	2,9412031323E-5
118	5,3391841966E-7	2,9628791489E-5
119	5,46864122E-7	2,9842624779E-5
120	5,6010107486E-7	3,0053969645E-5
121	5,7349884289E-7	3,0263599817E-5
122	5,8700688842E-7	3,0471465098E-5
123	6,0086781714E-7	3,0677418852E-5
124	6,1501539469E-7	3,0882022937E-5
125	6,2947261354E-7	3,1085659089E-5
126	6,4417284529E-7	3,1288646551E-5
127	6,5916094161E-7	3,1491075899E-5
128	6,7442035316E-7	3,1692855612E-5
129	6,8993376397E-7	3,1893916689E-5
130	7,0577451081E-7	3,2094997619E-5
131	7,2188357405E-7	3,2295648517E-5
132	7,3837636927E-7	3,2495477415E-5
133	7,5488984676E-7	3,2695863269E-5
134	7,7195396227E-7	3,289406423E-5
135	7,8920473877E-7	3,3091131431E-5
136	8,0645140848E-7	3,3287380118E-5
137	8,2405111001E-7	3,3482510664E-5
138	8,4238833836E-7	3,3670576062E-5
139	8,6088882659E-7	3,3863128911E-5
140	8,7983871578E-7	3,4056452401E-5
141	8,9944876077E-7	3,4248103036E-5
142	9,1843044526E-7	3,4442434487E-5
143	9,3831782061E-7	3,4632407557E-5
144	9,5796914113E-7	3,4822748307E-5
145	9,7820201385E-7	3,5010216617E-5
146	9,9810634622E-7	3,5197568184E-5
147	1,0180560328E-6	3,5384113187E-5
148	1,0385837059E-6	3,5569424624E-5
149	1,0597253084E-6	3,5753668775E-5
150	1,0813213775E-6	3,5938845724E-5
151	1,1037654543E-6	3,6120432573E-5
152	1,1260495777E-6	3,6303745223E-5
153	1,148597744E-6	3,6486258096E-5
154	1,171441559E-6	3,6670239568E-5
155	1,1943593427E-6	3,6855425597E-5
156	1,2179363683E-6	3,7038451371E-5
157	1,2421784115E-6	3,7215900134E-5
158	1,2665833156E-6	3,7395894999E-5
159	1,2915580639E-6	3,7577440468E-5
160	1,3168592606E-6	3,7756038553E-5
161	1,3416825715E-6	3,7935795069E-5
162	1,3667239766E-6	3,8115610987E-5
163	1,3931322867E-6	3,8289836559E-5
164	1,4192707793E-6	3,8467976924E-5
165	1,4460675206E-6	3,8641479272E-5
166	1,4735357479E-6	3,8813188655E-5
167	1,5013650463E-6	3,8985506956E-5
168	1,5293506898E-6	3,9157904938E-5
169	1,5573528614E-6	3,9330749027E-5
170	1,5863784687E-6	3,950233948E-5
171	1,615547586E-6	3,967525903E-5
172	1,6448387005E-6	3,9846281371E-5
173	1,6752613472E-6	4,0014466135E-5
174	1,7063956574E-6	4,0182798524E-5
175	1,7371128641E-6	4,0351257407E-5
176	1,7687128059E-6	4,0521693368E-5
177	1,799511034E-6	4,0692029457E-5
178	1,8307551657E-6	4,0860544031E-5
179	1,8627324477E-6	4,1025377488E-5
180	1,8961589605E-6	4,1190018757E-5
181	1,92964813E-6	4,1353010227E-5
182	1,9639506679E-6	4,1514101825E-5
183	1,9978683463E-6	4,1678125028E-5
184	2,0325307521E-6	4,1839549226E-5
185	2,0673622974E-6	4,2003993013E-5
186	2,1039809512E-6	4,2160733754E-5
187	2,1412925016E-6	4,2314748946E-5
188	2,1783414619E-6	4,2473348699E-5
189	2,2156975577E-6	4,2634092238E-5
190	2,2520907985E-6	4,2791072615E-5
191	2,2897317804E-6	4,2946054579E-5
192	2,3268880245E-6	4,3103173058E-5
193	2,3644600456E-6	4,325977874E-5
194	2,4038199142E-6	4,3413705026E-5
195	2,4439069843E-6	4,3568338482E-5
196	2,4842602028E-6	4,3725386334E-5
197	2,5250544107E-6	4,38762829E-5
198	2,5639472978E-6	4,4031117747E-5
199	2,6034990515E-6	4,4184475058E-5
200	2,6461363473E-6	4,4332674958E-5
201	2,6898388048E-6	4,4481042122E-5
202	2,7342993105E-6	4,4630132617E-5
203	2,7777602655E-6	4,4782338195E-5
204	2,8209578307E-6	4,4931271842E-5
205	2,8664211523E-6	4,5075297527E-5
206	2,9122233814E-6	4,5221063742E-5
207	2,9561464255E-6	4,5371863352E-5
208	3,0001672699E-6	4,5521803086E-5
209	3,0443647225E-6	4,5671106005E-5
210	3,088931999E-6	4,5819459765E-5
211	3,1336656611E-6	4,596658323E-5
212	3,180818877E-6	4,6106527693E-5
213	3,2288005184E-6	4,6247196216E-5
214	3,2758901734E-6	4,6390110519E-5
215	3,322454216E-6	4,6534621384E-5
216	3,3693075402E-6	4,6677613598E-5
217	3,4159285879E-6	4,6818554224E-5
218	3,4666853187E-6	4,6953950372E-5
219	3,5173080705E-6	4,7090423586E-5
220	3,5697646362E-6	4,7223933302E-5
221	3,6190123292E-6	4,7362699585E-5
222	3,6696805018E-6	4,7497300506E-5
223	3,7215982733E-6	4,7630825857E-5
224	3,7741523437E-6	4,7763733055E-5
225	3,8268191124E-6	4,7895789561E-5
226	3,8807716909E-6	4,8027924275E-5
227	3,9341679341E-6	4,8162743935E-5
228	3,9874681923E-6	4,8297432601E-5
229	4,0409182461E-6	4,8430655016E-5
230	4,0932386305E-6	4,8564753997E-5
231	4,1488030707E-6	4,8695424827E-5
232	4,2032303454E-6	4,8826579282E-5
233	4,2576744111E-6	4,8957273949E-5
234	4,3124585957E-6	4,9087960564E-5
235	4,3676972786E-6	4,9214487578E-5
236	4,4231507756E-6	4,9343955728E-5
237	4,4810350415E-6	4,9466223996E-5
238	4,5382612171E-6	4,9591270311E-5
239	4,5949328781E-6	4,9717709275E-5
240	4,6503981803E-6	4,9845328252E-5
241	4,7069107426E-6	4,9970604756E-5
242	4,7671424677E-6	5,0092346605E-5
243	4,8279793576E-6	5,0213492036E-5
244	4,887311526E-6	5,0335519636E-5
245	4,946642485E-6	5,04575683E-5
246	5,0055599124E-6	5,0580035828E-5
247	5,0647469566E-6	5,0702509044E-5
248	5,1240084058E-6	5,0824457757E-5
249	5,183407384E-6	5,094576174E-5
250	5,2429598026E-6	5,1066502874E-5
251	5,3036308757E-6	5,1185705593E-5
252	5,3650773075E-6	5,1304579914E-5
253	5,4265588459E-6	5,142316134E-5
254	5,4885206032E-6	5,1542590734E-5
255	5,5548523566E-6	5,166162701E-5
256	5,6230902372E-6	5,1788022138E-5
257	5,6888449157E-6	5,1908758206E-5
258	5,7534146616E-6	5,2026149328E-5
259	5,8164427157E-6	5,2141500601E-5
260	5,8789468805E-6	5,2258445354E-5
261	5,9415970744E-6	5,2374933036E-5
262	6,0033636724E-6	5,2491364547E-5
263	6,065672063E-6	5,2606973833E-5
264	6,1287333349E-6	5,2719508681E-5
265	6,1916309474E-6	5,2833317258E-5
266	6,2572511573E-6	5,2944421628E-5
267	6,3254009893E-6	5,3052032252E-5
268	6,3939396197E-6	5,315927088E-5
269	6,4639093527E-6	5,3268371213E-5
270	6,5304860407E-6	5,3380409611E-5
271	6,5966891692E-6	5,3492120996E-5
272	6,6651132222E-6	5,3599300521E-5
273	6,7330914706E-6	5,3706169151E-5
274	6,8017990561E-6	5,3811687911E-5
275	6,8703167652E-6	5,3917487723E-5
276	6,9395236725E-6	5,4020975808E-5
277	7,0088359761E-6	5,4125744996E-5
278	7,0800775621E-6	5,422950165E-5
279	7,1516331104E-6	5,4331866199E-5
280	7,2221860042E-6	5,4433741206E-5
281	7,2931961151E-6	5,4535650748E-5
282	7,3644730045E-6	5,4637044136E-5
283	7,4357099399E-6	5,4738934445E-5
284	7,5053612596E-6	5,48419679E-5
285	7,5754598437E-6	5,4945643684E-5
286	7,6483139818E-6	5,504622566E-5
287	7,722169221E-6	5,5144425533E-5
288	7,7965479128E-6	5,524450615E-5
289	7,8691490555E-6	5,5344160186E-5
290	7,9425097737E-6	5,5442328622E-5
291	8,0146082429E-6	5,554044939E-5
292	8,0872625045E-6	5,5637695376E-5
293	8,1596711658E-6	5,5734352534E-5
294	8,2325446306E-6	5,5830355141E-5
295	8,3039653845E-6	5,5929795089E-5
296	8,3788862404E-6	5,6025167148E-5
297	8,4544596595E-6	5,6117908314E-5
298	8,5291604497E-6	5,6212020823E-5
299	8,603270111E-6	5,6305645208E-5
300	8,6757985725E-6	5,6399803076E-5
301	8,7495090212E-6	5,6492856416E-5
302	8,8227685479E-6	5,6587074973E-5
303	8,8982482296E-6	5,6679365936E-5
304	8,9741254145E-6	5,6770747527E-5
305	9,0498649847E-6	5,6861967822E-5
306	9,1255648758E-6	5,69529851E-5
307	9,1946678068E-6	5,7051344437E-5
308	9,2682955909E-6	5,7143868759E-5
309	9,3426850936E-6	5,7235145709E-5
310	9,4192162182E-6	5,7324403297E-5
311	9,495764955E-6	5,7413202079E-5
312	9,5724735374E-6	5,7501637047E-5
313	9,6487940769E-6	5,7589993445E-5
314	9,7253939455E-6	5,7677355337E-5
315	9,8027902214E-6	5,7765662522E-5
316	9,8776852854E-6	5,7854985234E-5
317	9,9539514799E-6	5,794153003E-5
318	1,0030254355E-5	5,8027688589E-5
319	1,0107238592E-5	5,8114342208E-5
320	1,0184217488E-5	5,8201487002E-5
321	1,0261427993E-5	5,8288347402E-5
322	1,0334866058E-5	5,8377166054E-5
323	1,0410198643E-5	5,8463470705E-5
324	1,0485759395E-5	5,8549577123E-5
325	1,0562888849E-5	5,8634143729E-5
326	1,0640370124E-5	5,871778998E-5
327	1,0718106682E-5	5,8801110853E-5
328	1,0788520065E-5	5,8891084094E-5
329	1,0865292797E-5	5,8972920459E-5
330	1,09410009E-5	5,9056629263E-5
331	1,1018893137E-5	5,9138164729E-5
332	1,1097110412E-5	5,921936862E-5
333	1,1175438855E-5	5,9299773963E-5
334	1,1252974897E-5	5,9379853339E-5
335	1,1331121519E-5	5,9460706794E-5
336	1,1409285201E-5	5,9541172288E-5
337	1,1487450858E-5	5,9621217222E-5
338	1,1565301368E-5	5,9700267566E-5
339	1,1643188792E-5	5,9779579785E-5
340	1,1716397742E-5	5,9860409377E-5
341	1,1789318144E-5	5,9940900985E-5
342	1,1868255987E-5	6,0019936114E-5
343	1,1945759269E-5	6,0098326525E-5
344	1,2023209767E-5	6,0176358205E-5
345	1,2100048302E-5	6,0255847677E-5
346	1,217355915E-5	6,0338482862E-5
347	1,2249644721E-5	6,0416316178E-5
348	1,2326428863E-5	6,0493414204E-5
349	1,2404364628E-5	6,0570376997E-5
350	1,2475682401E-5	6,0652453188E-5
351	1,2551754942E-5	6,073049128E-5
352	1,262875417E-5	6,0806806086E-5
353	1,2705682137E-5	6,0881741882E-5
354	1,2783297404E-5	6,0956878711E-5
355	1,2861692215E-5	6,1035916886E-5
356	1,2934390063E-5	6,1115108433E-5
357	1,3010113123E-5	6,1190411805E-5
358	1,3087851548E-5	6,1268411172E-5
359	1,3163377664E-5	6,1344754044E-5
360	1,323972227E-5	6,1419682843E-5
361	1,331412678E-5	6,1495492766E-5
362	1,3390651748E-5	6,1568217391E-5
363	1,3458778309E-5	6,1648359142E-5
364	1,3533691728E-5	6,1722326116E-5
365	1,3609469229E-5	6,1795765779E-5
366	1,3683955315E-5	6,1870025554E-5
367	1,3760017145E-5	6,1942680782E-5
368	1,3836165206E-5	6,2014981181E-5
369	1,3912368039E-5	6,2086926529E-5
370	1,3988713317E-5	6,2158499274E-5
371	1,4064993767E-5	6,2229646525E-5
372	1,4141205591E-5	6,2300483285E-5
373	1,4217365846E-5	6,2371015272E-5
374	1,4293481598E-5	6,2441278079E-5
375	1,4369534517E-5	6,2511265678E-5
376	1,4445015084E-5	6,2581743883E-5
377	1,4520644679E-5	6,2651959977E-5
378	1,4596667552E-5	6,2723079615E-5
379	1,4672112169E-5	6,2793453844E-5
380	1,4747480926E-5	6,2863617998E-5
381	1,4822370116E-5	6,2932968355E-5
382	1,4896754464E-5	6,3001967493E-5
383	1,4971643351E-5	6,3070195459E-5
384	1,5046404322E-5	6,313814718E-5
385	1,5121659936E-5	6,3205699187E-5
386	1,5196931403E-5	6,3272982211E-5
387	1,5272140246E-5	6,3340035E-5
388	1,5347241512E-5	6,3406855853E-5
389	1,5422293683E-5	6,3473440246E-5
390	1,5497174456E-5	6,3539625626E-5
391	1,5572348787E-5	6,3605792407E-5
392	1,5647477403E-5	6,3671933071E-5
393	1,572059207E-5	6,3738336294E-5
394	1,5794604086E-5	6,3803362505E-5
395	1,5870300078E-5	6,3869757379E-5
396	1,5948472839E-5	6,3935654856E-5
397	1,6021627583E-5	6,400367803E-5
398	1,6094792586E-5	6,4068839539E-5
399	1,6167055568E-5	6,4134283822E-5
400	1,6238748281E-5	6,4199444737E-5
401	1,6310753096E-5	6,4263903001E-5
402	1,6382605402E-5	6,4328106768E-5
403	1,6454217454E-5	6,4392670094E-5
404	1,6526767265E-5	6,445692186E-5
405	1,6599746745E-5	6,4520514313E-5
406	1,6671681405E-5	6,458399004E-5
407	1,6744219945E-5	6,4646532591E-5
408	1,6817000701E-5	6,4708521493E-5
409	1,6889712663E-5	6,4770222634E-5
410	1,6962438821E-5	6,4831588214E-5
411	1,7034637575E-5	6,4892786187E-5
412	1,7107223576E-5	6,495364591E-5
413	1,7179894267E-5	6,5014373945E-5
414	1,7252375464E-5	6,5074727245E-5
415	1,7324720862E-5	6,513465177E-5
416	1,7397027995E-5	6,5194259218E-5
417	1,746927808E-5	6,5253577728E-5
418	1,7541035286E-5	6,5312663925E-5
419	1,7612592204E-5	6,53714833E-5
420	1,7684637746E-5	6,5429920632E-5
421	1,7756750229E-5	6,5488054264E-5
422	1,7828841569E-5	6,5545908189E-5
423	1,7900770252E-5	6,5603447322E-5
424	1,797254662E-5	6,5660577046E-5
425	1,8044240867E-5	6,5717399432E-5
426	1,8115976997E-5	6,5773931344E-5
427	1,8187641516E-5	6,5830177909E-5
428	1,82591448E-5	6,5886320314E-5
429	1,8330392756E-5	6,5942354222E-5
430	1,8401587977E-5	6,5998242173E-5
431	1,8472688039E-5	6,6053887081E-5
432	1,8543727474E-5	6,6109304608E-5
433	1,8614697384E-5	6,6164485228E-5
434	1,868560063E-5	6,6219443112E-5
435	1,8756470618E-5	6,6274195491E-5
436	1,8827276017E-5	6,6328712395E-5
437	1,8898016049E-5	6,6383003358E-5
438	1,896869569E-5	6,6437076926E-5
439	1,9039321339E-5	6,6490936487E-5
440	1,9109923331E-5	6,654460088E-5
441	1,9180511546E-5	6,6598077666E-5
442	1,9251100639E-5	6,6651374905E-5
443	1,9321803385E-5	6,6704593196E-5
444	1,9392493277E-5	6,6757616894E-5
445	1,9463160474E-5	6,6810467821E-5
446	1,9533767449E-5	6,6862205692E-5
447	1,9604241299E-5	6,6913468298E-5
448	1,9674662457E-5	6,6964436009E-5
449	1,9745062376E-5	6,7015172952E-5
450	1,9815180778E-5	6,7065737249E-5
451	1,9885636078E-5	6,7117041097E-5
452	1,9956335527E-5	6,7168665501E-5
453	2,002668921E-5	6,7219034128E-5
454	2,0096914649E-5	6,7268916979E-5
455	2,0167088639E-5	6,7318547832E-5
456	2,0237241216E-5	6,7367986216E-5
457	2,0303794748E-5	6,7420432748E-5
458	2,0361505087E-5	6,7482780043E-5
459	2,0425309554E-5	6,7537747417E-5
460	2,0491057807E-5	6,7592055849E-5
461	2,0557209852E-5	6,7646176511E-5
462	2,0623560573E-5	6,7700196032E-5
463	2,069032268E-5	6,77538652E-5
464	2,0756229712E-5	6,7805951223E-5
465	2,08210004E-5	6,7858198752E-5
466	2,0886914271E-5	6,7911042147E-5
467	2,0953138405E-5	6,7964167611E-5
468	2,1019792747E-5	6,8017016481E-5
469	2,1085403923E-5	6,8068171802E-5
470	2,1149917677E-5	6,8119495778E-5
471	2,12140946E-5	6,817082303E-5
472	2,1278144509E-5	6,8222063519E-5
473	2,1343888584E-5	6,8273955972E-5
474	2,1413582211E-5	6,8324849441E-5
475	2,1483826032E-5	6,837221709E-5
476	2,1553751643E-5	6,8418765778E-5
477	2,1623523105E-5	6,8464693469E-5
478	2,1693291278E-5	6,8510304671E-5
479	2,1763127673E-5	6,8555324723E-5
480	2,1831256759E-5	6,8604807768E-5
481	2,1900056683E-5	6,8651088532E-5
482	2,1968377783E-5	6,869648807E-5
483	2,2034787264E-5	6,8743476889E-5
484	2,2101056715E-5	6,8790642034E-5
485	2,2174963399E-5	6,8842793963E-5
486	2,2247972938E-5	6,8888710058E-5
487	2,2319155835E-5	6,8932864737E-5
488	2,2389757041E-5	6,8976244553E-5
489	2,2460087793E-5	6,9019204147E-5
490	2,2530301809E-5	6,9061868206E-5
491	2,2600518273E-5	6,9104248515E-5
492	2,2670663825E-5	6,9146328888E-5
493	2,2740782476E-5	6,9188171569E-5
494	2,2810886487E-5	6,9229792849E-5
495	2,2880995368E-5	6,9271216311E-5
496	2,2951097491E-5	6,9312487559E-5
497	2,3021252299E-5	6,9353577419E-5
498	2,3091497526E-5	6,9394461244E-5
499	2,3161830607E-5	6,9435222813E-5
500	2,3232205142E-5	6,9475842566E-5
501	2,330173621E-5	6,9515798059E-5
502	2,3371560289E-5	6,9555797954E-5
503	2,3440917137E-5	6,9595320782E-5
504	2,3510710781E-5	6,9634985934E-5
505	2,3580119067E-5	6,9674189017E-5
506	2,365002784E-5	6,9713598439E-5
507	2,3719502516E-5	6,9752567263E-5
508	2,3789533918E-5	6,9791756658E-5
509	2,3858633953E-5	6,9837997483E-5
510	2,3924724973E-5	6,9881811861E-5
511	2,399099527E-5	6,9923873786E-5
512	2,4060527208E-5	6,9968875494E-5
513	2,4130819279E-5	7,0014833024E-5
514	2,4205170847E-5	7,0058164781E-5
515	2,4279855416E-5	7,0101663929E-5
516	2,4354702611E-5	7,0145130256E-5
517	2,4429706145E-5	7,0188506593E-5
518	2,450480816E-5	7,0231771324E-5
519	2,4579997326E-5	7,0274920887E-5
520	2,4655269811E-5	7,0317956214E-5
521	2,4730710484E-5	7,036093508E-5
522	2,4806262042E-5	7,0403830967E-5
523	2,4881808884E-5	7,0446554511E-5
524	2,4957032411E-5	7,0489072077E-5
525	2,5032217265E-5	7,0531419354E-5
526	2,5107451779E-5	7,0573656734E-5
527	2,5182724159E-5	7,0615782309E-5
528	2,5252964991E-5	7,0652787794E-5
529	2,5325483025E-5	7,0691580397E-5
530	2,5396423349E-5	7,0728803341E-5
531	2,5465958021E-5	7,0764622952E-5
532	2,5535023392E-5	7,079993743E-5
533	2,5603943355E-5	7,0834978752E-5
534	2,5672772911E-5	7,0869822378E-5
535	2,5741516215E-5	7,0904487237E-5
536	2,5810178636E-5	7,0938982634E-5
537	2,5878812977E-5	7,0973331073E-5
538	2,5947406627E-5	7,1007538267E-5
539	2,6015983744E-5	7,1041609264E-5
540	2,6084518737E-5	7,1075544632E-5
541	2,6153017806E-5	7,1109353643E-5
542	2,6221479258E-5	7,1143038145E-5
543	2,6289880427E-5	7,1176603111E-5
544	2,6358134476E-5	7,1209927349E-5
545	2,6426337334E-5	7,1243073121E-5
546	2,6494503758E-5	7,1276056061E-5
547	2,656262455E-5	7,130888484E-5
548	2,6630680954E-5	7,134155125E-5
549	2,6698658655E-5	7,1374063197E-5
550	2,6766542853E-5	7,1406419382E-5
551	2,6834161694E-5	7,1438621457E-5
552	2,6901696381E-5	7,1470676341E-5
553	2,6969268983E-5	7,150258421E-5
554	2,7038437381E-5	7,1541812895E-5
555	2,7109117456E-5	7,1582380471E-5
556	2,7180347951E-5	7,1623310496E-5
557	2,7251977175E-5	7,166323842E-5
558	2,7319983826E-5	7,1699631582E-5
559	2,7390294797E-5	7,1736044489E-5
560	2,7463560871E-5	7,1772873487E-5
561	2,7537460441E-5	7,1810176229E-5
562	2,7611559599E-5	7,184757775E-5
563	2,7685698228E-5	7,1884939437E-5
564	2,7759821151E-5	7,1922238244E-5
565	2,7833901774E-5	7,1959430543E-5
566	2,7907931991E-5	7,1996510236E-5
567	2,7981907085E-5	7,2033476913E-5
568	2,8055825303E-5	7,2070329852E-5
569	2,8129686369E-5	7,2107069044E-5
570	2,8203506059E-5	7,2143671431E-5
571	2,8277288102E-5	7,2180154164E-5
572	2,8348128984E-5	7,2214203957E-5
573	2,8418127678E-5	7,224765674E-5
574	2,8487948054E-5	7,2280895005E-5
575	2,8557695472E-5	7,2314017305E-5
576	2,8627400047E-5	7,234705208E-5
577	2,8697069307E-5	7,2380008164E-5
578	2,8766684717E-5	7,2412875015E-5
579	2,8836270679E-5	7,2445652351E-5
580	2,8905772136E-5	7,2478322083E-5
581	2,8975209837E-5	7,2510896665E-5
582	2,9044586176E-5	7,2543379971E-5
583	2,9113923144E-5	7,2575779123E-5
584	2,9183197133E-5	7,2608094578E-5
585	2,9252406821E-5	7,2640326294E-5
586	2,9321551697E-5	7,2672474357E-5
587	2,9390627646E-5	7,2704540826E-5
588	2,9456213788E-5	7,2733165394E-5
589	2,9521089913E-5	7,2761143111E-5
590	2,958569548E-5	7,2788872215E-5
591	2,9650146076E-5	7,2816452882E-5
592	2,9714481817E-5	7,2843916541E-5
593	2,9778873614E-5	7,2871631934E-5
594	2,9843742918E-5	7,290004996E-5
595	2,9909808986E-5	7,2929477232E-5
596	2,9976108396E-5	7,2959179289E-5
597	3,004248493E-5	7,2988915742E-5
598	3,0108839564E-5	7,3018601643E-5
599	3,0175123003E-5	7,3048207738E-5
600	3,0239090445E-5	7,3075345617E-5
601	3,0302400909E-5	7,3101902916E-5
602	3,0365434323E-5	7,3128218155E-5
603	3,0428286848E-5	7,3154375288E-5
604	3,0490980403E-5	7,3180395821E-5
605	3,0553534594E-5	7,3206294483E-5
606	3,0615954865E-5	7,3232075945E-5
607	3,0678240358E-5	7,3257745333E-5
608	3,0740389355E-5	7,3283306145E-5
609	3,0802407871E-5	7,3308760204E-5
610	3,0864283014E-5	7,3334101518E-5
611	3,0926011145E-5	7,3359327874E-5
612	3,0987600682E-5	7,3384445733E-5
613	3,1049807053E-5	7,3410051584E-5
614	3,1111450198E-5	7,3435379034E-5
615	3,1173217285E-5	7,3460989323E-5
616	3,1234236607E-5	7,3486132104E-5
617	3,1294140521E-5	7,3510411793E-5
618	3,1353708268E-5	7,3534425988E-5
619	3,1413076203E-5	7,3558274081E-5
620	3,1472304582E-5	7,3581984621E-5
621	3,1531494312E-5	7,3605565326E-5
622	3,1590534924E-5	7,3629023161E-5
623	3,1649422982E-5	7,3652364011E-5
624	3,1709430275E-5	7,3676089802E-5
625	3,1769352246E-5	7,3699695424E-5
626	3,1829142715E-5	7,3723189796E-5
627	3,1888795775E-5	7,3746576848E-5
628	3,1948464765E-5	7,3770062433E-5
629	3,2005864181E-5	7,3792024006E-5
630	3,2063527262E-5	7,3814377089E-5
631	3,2122669231E-5	7,3837350422E-5
632	3,2181816267E-5	7,3860279077E-5
633	3,2240880506E-5	7,3883133371E-5
634	3,2299810882E-5	7,3905886014E-5
635	3,2358620069E-5	7,3928546284E-5
636	3,2417309906E-5	7,3951114901E-5
637	3,2475880161E-5	7,397359241E-5
638	3,2533850399E-5	7,39957938E-5
639	3,2589518891E-5	7,4016524034E-5
640	3,2645801052E-5	7,4037869168E-5
641	3,2702192296E-5	7,4059330938E-5
642	3,2758534432E-5	7,4080770122E-5
643	3,2814769224E-5	7,4102137162E-5
644	3,2870879643E-5	7,4123416785E-5
645	3,2926859697E-5	7,4144603737E-5
646	3,2982707545E-5	7,4165696387E-5
647	3,3038422081E-5	7,4186694314E-5
648	3,3094003364E-5	7,4207597532E-5
649	3,3149451605E-5	7,4228406268E-5
650	3,3204767094E-5	7,4249120661E-5
651	3,3259039145E-5	7,4269033758E-5
652	3,3312948675E-5	7,4288681982E-5
653	3,3366649723E-5	7,4308180197E-5
654	3,3420183727E-5	7,4327559206E-5
655	3,3473574878E-5	7,434683768E-5
656	3,3526822384E-5	7,4366015164E-5
657	3,3579931049E-5	7,4385095396E-5
658	3,3632901971E-5	7,4404079052E-5
659	3,3685735729E-5	7,4422966656E-5
660	3,3738565406E-5	7,4441759005E-5
661	3,3791259484E-5	7,4460458168E-5
662	3,3843815033E-5	7,4479062046E-5
663	3,3896231857E-5	7,4497570205E-5
664	3,3948512632E-5	7,4515984639E-5
665	3,4000654904E-5	7,4534303278E-5
666	3,4052658056E-5	7,4552525723E-5
667	3,410454163E-5	7,4570653554E-5
668	3,4156382449E-5	7,4588683092E-5
669	3,4208091649E-5	7,4606626555E-5
670	3,4259663629E-5	7,4624479001E-5
671	3,4311081596E-5	7,4642229547E-5
672	3,4362458181E-5	7,4659875235E-5
673	3,441367661E-5	7,4677417014E-5
674	3,4464737362E-5	7,4694854964E-5
675	3,4515640816E-5	7,4712189531E-5
676	3,4566386617E-5	7,4729420398E-5
677	3,461697557E-5	7,4746548292E-5
678	3,4667407338E-5	7,4763573393E-5
679	3,4717681824E-5	7,4780496153E-5
680	3,4767799263E-5	7,4797316674E-5
681	3,4817768469E-5	7,4814041423E-5
682	3,4867604124E-5	7,4830680561E-5
683	3,4917309531E-5	7,4847237476E-5
684	3,4966811793E-5	7,4863715422E-5
685	3,5016268886E-5	7,4880118087E-5
686	3,5065526284E-5	7,4896441829E-5
687	3,5114736697E-5	7,4912690239E-5
688	3,5162488967E-5	7,4927993108E-5
689	3,5209876355E-5	7,4943105813E-5
690	3,5257228779E-5	7,495812411E-5
691	3,5304517983E-5	7,4973060821E-5
692	3,5351679151E-5	7,4987919005E-5
693	3,5398714749E-5	7,5002701297E-5
694	3,5445626355E-5	7,5017408732E-5
695	3,5492416827E-5	7,5032043344E-5
696	3,5539091059E-5	7,5046608561E-5
697	3,5585656396E-5	7,5061108143E-5
698	3,5632109288E-5	7,5075541044E-5
699	3,5678454665E-5	7,5089909169E-5
700	3,5724688228E-5	7,510420968E-5
701	3,5770814047E-5	7,5118441192E-5
702	3,5816825382E-5	7,5132600559E-5
703	3,5862726022E-5	7,5146688276E-5
704	3,5908511853E-5	7,5160702811E-5
705	3,5954187327E-5	7,5174645795E-5
706	3,5999750849E-5	7,5188517054E-5
707	3,6045202427E-5	7,5202316235E-5
708	3,6090542343E-5	7,5216044211E-5
709	3,6135758285E-5	7,5229692607E-5
710	3,6180840206E-5	7,5243255549E-5
711	3,6225785449E-5	7,5256731363E-5
712	3,6270593434E-5	7,5270118973E-5
713	3,6315369191E-5	7,5283418568E-5
714	3,6360007613E-5	7,5296633069E-5
715	3,6404618222E-5	7,5309761675E-5
716	3,6449091764E-5	7,5322804566E-5
717	3,6493428216E-5	7,53357617E-5
718	3,6537628042E-5	7,5348633303E-5
719	3,6581691284E-5	7,5361419067E-5
720	3,6625618161E-5	7,5374119067E-5
721	3,6669409326E-5	7,5386734056E-5
722	3,6713064938E-5	7,5399263727E-5
723	3,6756586066E-5	7,5411708428E-5
724	3,6799972296E-5	7,5424068853E-5
725	3,6843223802E-5	7,5436344684E-5
726	3,6886267518E-5	7,5448541341E-5
727	3,6929283716E-5	7,5460683136E-5
728	3,6972155291E-5	7,5472724951E-5
729	3,7014798933E-5	7,5484678076E-5
730	3,7057421203E-5	7,5496575779E-5
731	3,7099276916E-5	7,5507800223E-5
732	3,7140615216E-5	7,5518796545E-5
733	3,7181865677E-5	7,5529687377E-5
734	3,7222849002E-5	7,5540464176E-5
735	3,7263798158E-5	7,5551167239E-5
736	3,7304486532E-5	7,5561766015E-5
737	3,7345151355E-5	7,5572295801E-5
738	3,7385660005E-5	7,5582722318E-5
739	3,7426153281E-5	7,5593087206E-5
740	3,7466488851E-5	7,560335067E-5
741	3,7506815871E-5	7,5613552795E-5
742	3,754686948E-5	7,5623653287E-5
743	3,758691825E-5	7,5633694906E-5
744	3,762672787E-5	7,5643639874E-5
745	3,7666531124E-5	7,5653526372E-5
746	3,7706086317E-5	7,5663324417E-5
747	3,7745743807E-5	7,56730683E-5
748	3,7785160654E-5	7,5682729867E-5
749	3,7824570855E-5	7,5692338388E-5
750	3,7863744873E-5	7,5701866757E-5
751	3,7903010078E-5	7,5711343934E-5
752	3,7942042337E-5	7,5720744676E-5
753	3,7981061883E-5	7,5730095897E-5
754	3,8019912673E-5	7,5739368904E-5
755	3,805886067E-5	7,5748591077E-5
756	3,8097583609E-5	7,5757737454E-5
757	3,8136282779E-5	7,5766831922E-5
758	3,8174763797E-5	7,5775850372E-5
759	3,8213298155E-5	7,5784818398E-5
760	3,825163113E-5	7,5793716726E-5
761	3,8289935144E-5	7,580256389E-5
762	3,8328050813E-5	7,5811347269E-5
763	3,8366129139E-5	7,5820076497E-5
764	3,8404024174E-5	7,5828742153E-5
765	3,8441901416E-5	7,5837353748E-5
766	3,8479604861E-5	7,5845905382E-5
767	3,8517268393E-5	7,5854404149E-5
768	3,8554765185E-5	7,586284607E-5
769	3,8592145103E-5	7,5871235833E-5
770	3,8629432538E-5	7,5879570206E-5
771	3,8666610794E-5	7,5887853647E-5
772	3,8703704543E-5	7,589608365E-5
773	3,8740683435E-5	7,5904260781E-5
774	3,877757296E-5	7,5912381429E-5
775	3,8814425699E-5	7,592045259E-5
776	3,8851128416E-5	7,592846808E-5
777	3,8887782632E-5	7,5936433836E-5
778	3,8924289934E-5	7,5944345931E-5
779	3,8960745674E-5	7,5952209537E-5
780	3,8997058775E-5	7,5960020238E-5
781	3,9033438922E-5	7,5967782225E-5
782	3,9069684867E-5	7,5975495198E-5
783	3,9105880563E-5	7,598316404E-5
784	3,9141948408E-5	7,5990784306E-5
785	3,9177962933E-5	7,5998360214E-5
786	3,9213851943E-5	7,6005886352E-5
787	3,9249610417E-5	7,6013349564E-5
788	3,9285339176E-5	7,6020778675E-5
789	3,9320958647E-5	7,6028162621E-5
790	3,9356459801E-5	7,6035488048E-5
791	3,9391865676E-5	7,604276491E-5
792	3,9427210057E-5	7,6050010477E-5
793	3,9462498798E-5	7,6057228818E-5
794	3,9499544449E-5	7,6065468921E-5
795	3,9535273665E-5	7,6073208496E-5
796	3,9566434863E-5	7,6078541495E-5
797	3,9602761716E-5	7,6086096799E-5
798	3,9640226528E-5	7,6094299888E-5
799	3,9677962155E-5	7,6102639042E-5
800	3,9715693078E-5	7,6110974944E-5
801	3,9755294878E-5	7,6120306864E-5
802	3,9796901686E-5	7,6131213645E-5
803	3,9838727035E-5	7,6142422336E-5
804	3,9870951978E-5	7,6148062207E-5
805	3,9907155586E-5	7,6155679304E-5
806	3,9944336713E-5	7,6163664666E-5
807	3,99815146E-5	7,6171619403E-5
808	4,0018636336E-5	7,6179534984E-5
809	4,0055785887E-5	7,6187198964E-5
810	4,0098614065E-5	7,6198212441E-5
811	4,013302601E-5	7,6204640927E-5
812	4,0169458737E-5	7,6212411474E-5
813	4,0205740626E-5	7,6219653224E-5
814	4,02397846E-5	7,6226016613E-5
815	4,0274035921E-5	7,6232365333E-5
816	4,0308022503E-5	7,623835702E-5
817	4,0342765038E-5	7,6244933581E-5
818	4,0378093571E-5	7,6251764721E-5
819	4,0423794849E-5	7,6264454147E-5
820	4,0460241756E-5	7,6273019851E-5
821	4,0494171957E-5	7,6278967279E-5
822	4,0527802639E-5	7,628522857E-5
823	4,0561580794E-5	7,6291636141E-5
824	4,0594774868E-5	7,6297367459E-5
825	4,0626847985E-5	7,630286892E-5
826	4,066040295E-5	7,6309238044E-5
827	4,069470125E-5	7,6315755212E-5
828	4,0731431232E-5	7,6323639254E-5
829	4,0767005965E-5	7,6330759413E-5
830	4,0802516298E-5	7,6337903221E-5
831	4,0838094585E-5	7,6345102886E-5
832	4,0881743953E-5	7,6356866256E-5
833	4,0915850608E-5	7,6363111758E-5
834	4,0950255968E-5	7,6369442654E-5
835	4,0985242512E-5	7,6376232709E-5
836	4,1020380768E-5	7,6383137908E-5
837	4,1054971877E-5	7,6389987128E-5
838	4,1088579717E-5	7,6395844162E-5
839	4,1120378759E-5	7,6401053468E-5
840	4,1153198073E-5	7,6406675573E-5
841	4,1186098147E-5	7,6412347769E-5
842	4,1218319077E-5	7,641743874E-5
843	4,1249296728E-5	7,6422061692E-5
844	4,1280277602E-5	7,6426741781E-5
845	4,1311972942E-5	7,6431787133E-5
846	4,134292444E-5	7,6436467237E-5
847	4,1373719313E-5	7,6441085646E-5
848	4,1404455248E-5	7,6445670409E-5
849	4,1435118602E-5	7,6450223808E-5
850	4,1465711554E-5	7,6454746903E-5
851	4,1496582288E-5	7,6459657733E-5
852	4,1527463435E-5	7,6464632877E-5
853	4,155830868E-5	7,6469604697E-5
854	4,1589094178E-5	7,6474553489E-5
855	4,1619813092E-5	7,6479473886E-5
856	4,1650625571E-5	7,6484317804E-5
857	4,168181747E-5	7,648928933E-5
858	4,1713568769E-5	7,6495893497E-5
859	4,1745857202E-5	7,6501520854E-5
860	4,1778783955E-5	7,6507283971E-5
861	4,1811483409E-5	7,6512879322E-5
862	4,1843800491E-5	7,6518281947E-5
863	4,1875922818E-5	7,6523590525E-5
864	4,1906426543E-5	7,6528327225E-5
865	4,1936299182E-5	7,653245579E-5
866	4,1967455902E-5	7,6537138365E-5
867	4,1997697245E-5	7,6541806832E-5
868	4,2029366749E-5	7,6546937312E-5
869	4,2061088166E-5	7,6552262202E-5
870	4,2091739285E-5	7,6556999064E-5
871	4,2123036826E-5	7,6561703197E-5
872	4,2156416768E-5	7,6567390212E-5
873	4,2188681415E-5	7,6572744738E-5
874	4,2222263388E-5	7,6578520623E-5
875	4,225401036E-5	7,658377166E-5
876	4,2285710589E-5	7,6588861082E-5
877	4,231708069E-5	7,6593747327E-5
878	4,2347234921E-5	7,6598173334E-5
879	4,2377146084E-5	7,6602506422E-5
880	4,2405760873E-5	7,6606050954E-5
881	4,2434615095E-5	7,6610024818E-5
882	4,2463845939E-5	7,6614202293E-5
883	4,2495477694E-5	7,6619229922E-5
884	4,2526274493E-5	7,6623880041E-5
885	4,2555758289E-5	7,6628038127E-5
886	4,2584288866E-5	7,663160497E-5
887	4,2613104167E-5	7,6635433573E-5
888	4,2641371875E-5	7,6638934652E-5
889	4,2671569652E-5	7,6643122544E-5
890	4,2699988814E-5	7,6646571424E-5
891	4,2729639622E-5	7,6650844032E-5
892	4,2759587812E-5	7,6654713616E-5
893	4,2789878758E-5	7,6658971876E-5
894	4,2820227486E-5	7,6663269264E-5
895	4,2851105229E-5	7,6667947519E-5
896	4,2882181526E-5	7,6672480206E-5
897	4,2912658942E-5	7,6676823587E-5
898	4,2941060093E-5	7,6680365219E-5
899	4,2970051048E-5	7,668409474E-5
900	4,2998477918E-5	7,6687328466E-5
901	4,3028136413E-5	7,6691261721E-5
902	4,3056340409E-5	7,6694639077E-5
903	4,3085184677E-5	7,6698260083E-5
904	4,311348866E-5	7,6701393944E-5
905	4,3140851267E-5	7,6704555014E-5
906	4,3168858078E-5	7,670795181E-5
907	4,3197938075E-5	7,6711798997E-5
908	4,3225494725E-5	7,6714913673E-5
909	4,3253372565E-5	7,6718284627E-5
910	4,3280945367E-5	7,6721451426E-5
911	4,3308306739E-5	7,672455342E-5
912	4,3336215852E-5	7,6727892558E-5
913	4,3364004731E-5	7,6731343517E-5
914	4,3391665416E-5	7,6734813728E-5
915	4,3419149122E-5	7,6738261578E-5
916	4,344664519E-5	7,6741686658E-5
917	4,3474304635E-5	7,6745057886E-5
918	4,3502019573E-5	7,6748413122E-5
919	4,3529727163E-5	7,6751719327E-5
920	4,3557345059E-5	7,6754988766E-5
921	4,3584929319E-5	7,6758249145E-5
922	4,3612462804E-5	7,6761492947E-5
923	4,3639940933E-5	7,6764718588E-5
924	4,3666876566E-5	7,6767642058E-5
925	4,3693600942E-5	7,6770481359E-5
926	4,3720226373E-5	7,6773288023E-5
927	4,3746786815E-5	7,6776075132E-5
928	4,3773292882E-5	7,6778846317E-5
929	4,3799747668E-5	7,6781602398E-5
930	4,3826152058E-5	7,6784343585E-5
931	4,3852555866E-5	7,6787069821E-5
932	4,3878886181E-5	7,6789781086E-5
933	4,3905190872E-5	7,6792478506E-5
934	4,3931422127E-5	7,6795160322E-5
935	4,3957726323E-5	7,6797938272E-5
936	4,3984015393E-5	7,6800745112E-5
937	4,4009959494E-5	7,6803647149E-5
938	4,403652393E-5	7,6806456774E-5
939	4,4062630054E-5	7,6809100533E-5
940	4,4088619275E-5	7,6811700249E-5
941	4,4114508722E-5	7,6814279942E-5
942	4,4140377755E-5	7,6816843935E-5
943	4,4166724131E-5	7,6819644182E-5
944	4,4193258284E-5	7,6822505467E-5
945	4,42197382E-5	7,6825375135E-5
946	4,4246311907E-5	7,682823636E-5
947	4,4272782144E-5	7,6831084675E-5
948	4,4299263962E-5	7,6833918408E-5
949	4,4325709652E-5	7,6836737367E-5
950	4,4352109952E-5	7,6839541412E-5
951	4,4378458418E-5	7,6842357054E-5
952	4,4403752131E-5	7,6844719809E-5
953	4,4430799622E-5	7,6847827139E-5
954	4,4458081703E-5	7,6851037842E-5
955	4,4485347732E-5	7,6854251378E-5
956	4,4512372909E-5	7,6857372796E-5
957	4,4539244085E-5	7,6860446962E-5
958	4,4566045528E-5	7,6863499203E-5
959	4,4592134632E-5	7,6866155892E-5
960	4,4617359399E-5	7,6868350404E-5
961	4,4642929466E-5	7,6870636511E-5
962	4,4668533053E-5	7,6872930417E-5
963	4,4694217164E-5	7,6875161237E-5
964	4,4719831807E-5	7,6877359402E-5
965	4,4745397516E-5	7,6879541097E-5
966	4,4770921528E-5	7,6881710861E-5
967	4,4796406379E-5	7,6883870556E-5
968	4,4821852871E-5	7,688602028E-5
969	4,4847261223E-5	7,6888160067E-5
970	4,4873178204E-5	7,6890430818E-5
971	4,4903189009E-5	7,6893943865E-5
972	4,4938173202E-5	7,6900068553E-5
973	4,497651085E-5	7,6908202983E-5
974	4,5015534208E-5	7,6916764862E-5
975	4,505451885E-5	7,6925482202E-5
976	4,5091476558E-5	7,693321098E-5
977	4,512362157E-5	7,6938337346E-5
978	4,5151190475E-5	7,694144606E-5
979	4,5176722434E-5	7,6943744034E-5
980	4,520175844E-5	7,6945831365E-5
981	4,5226576161E-5	7,6947848997E-5
982	4,525128807E-5	7,6949838222E-5
983	4,5275930744E-5	7,695181018E-5
984	4,5300515161E-5	7,695376803E-5
985	4,5325044706E-5	7,6955712498E-5
986	4,5349520112E-5	7,6957644156E-5
987	4,5373941439E-5	7,6959562749E-5
988	4,5398308693E-5	7,6961468226E-5
989	4,5422622836E-5	7,6963360707E-5
990	4,5446882951E-5	7,6965239963E-5
991	4,5471089874E-5	7,6967106825E-5
992	4,5495243349E-5	7,6968961288E-5
993	4,5519343763E-5	7,6970803414E-5
994	4,554339085E-5	7,6972633122E-5
995	4,5567409741E-5	7,6974450622E-5
996	4,5591376204E-5	7,6976255914E-5
997	4,5615289145E-5	7,6978048928E-5
998	4,5639148813E-5	7,6979829811E-5
999	4,5662955554E-5	7,6981598982E-5
1000	4,5686709916E-5	7,6983356699E-5
